1020 47 39 1392 860 1432 47 0 0 0 0 0 0 0 0
1371 1192 1605 444 90 0 0 0 0 0 0 0 0 0 0
1371 1192 1605 444 90 0 0 0 0 0 0 0 0 0 0
1476 47 782 416 1104 1488 1286 0 0 0 0 0 0 0 0
1366 47 1065 346 444 779 860 0 0 0 0 0 0 0 0
766 1392 608 348 778 1610 1079 1049 0 0 0 0 0 0 0
540 1049 976 860 880 1140 66 0 0 0 0 0 0 0 0
1476 47 782 416 1104 1488 1286 0 0 0 0 0 0 0 0
1432 1162 1042 778 270 0 0 0 0 0 0 0 0 0 0
1366 47 1065 346 444 779 860 0 0 0 0 0 0 0 0
1073 47 1049 1413 387 313 387 1245 1049 0 0 0 0 0 0
1133 533 1328 1279 579 0 0 0 0 0 0 0 0 0 0
312 1192 1591 778 102 0 0 0 0 0 0 0 0 0 0
1378 1192 608 1081 444 177 387 0 0 0 0 0 0 0 0
1432 1412 450 802 1137 582 443 0 0 0 0 0 0 0 0
1415 1049 608 1081 444 1560 47 0 0 0 0 0 0 0 0
1061 1374 387 277 1487 443 1549 0 0 0 0 0 0 0 0
312 1192 1591 778 102 0 0 0 0 0 0 0 0 0 0
1371 1192 1605 444 90 0 0 0 0 0 0 0 0 0 0
540 1049 976 860 880 1140 66 0 0 0 0 0 0 0 0
72 1392 860 1473 1192 1205 906 47 173 962 0 0 0 0 0
1378 1192 608 1081 444 177 387 0 0 0 0 0 0 0 0
1020 47 39 1392 860 1432 47 0 0 0 0 0 0 0 0
779 47 1049 774 420 72 666 231 1192 0 0 0 0 0 0
872 1612 1277 1377 631 47 305 0 0 0 0 0 0 0 0
1432 1412 450 802 1137 582 443 0 0 0 0 0 0 0 0
1089 1192 72 1492 1492 0 0 0 0 0 0 0 0 0 0
312 1192 1141 778 1183 778 571 387 313 1355 0 0 0 0 0
14 416 823 47 869 387 191 234 0 0 0 0 0 0 0
1634 537 343 1064 1049 0 0 0 0 0 0 0 0 0 0
85 1192 26 1196 444 976 0 0 0 0 0 0 0 0 0
1020 47 39 1392 860 1432 47 0 0 0 0 0 0 0 0
810 1192 804 1412 401 778 1097 443 1549 0 0 0 0 0 0
1476 1192 1591 47 244 1473 444 0 0 0 0 0 0 0 0
1366 47 1065 346 444 779 860 0 0 0 0 0 0 0 0
466 47 1627 778 533 0 0 0 0 0 0 0 0 0 0
430 489 1192 536 976 514 444 0 0 0 0 0 0 0 0
766 1392 608 348 778 1610 1079 1049 0 0 0 0 0 0 0
1371 1192 1473 778 196 962 387 313 1355 0 0 0 0 0 0
72 1392 860 1473 1192 1205 906 47 173 962 0 0 0 0 0
312 1192 1085 778 976 1492 0 0 0 0 0 0 0 0 0
779 47 1049 774 420 72 666 231 1192 0 0 0 0 0 0
171 533 1062 1080 1192 751 0 0 0 0 0 0 0 0 0
540 1049 976 860 880 1140 66 0 0 0 0 0 0 0 0
1133 533 1328 1279 579 0 0 0 0 0 0 0 0 0 0
1061 1374 387 277 1487 443 1549 0 0 0 0 0 0 0 0
1555 608 287 444 779 1190 1479 443 0 0 0 0 0 0 0
1476 1192 1591 47 244 1473 444 0 0 0 0 0 0 0 0
779 47 1049 774 420 72 666 231 1192 0 0 0 0 0 0
312 1192 1591 778 102 0 0 0 0 0 0 0 0 0 0
1432 1412 450 802 1137 582 443 0 0 0 0 0 0 0 0
1476 47 782 416 1104 1488 1286 0 0 0 0 0 0 0 0
540 1049 976 860 880 1140 66 0 0 0 0 0 0 0 0
72 1392 860 1473 1192 1205 906 47 173 962 0 0 0 0 0
1476 47 782 416 1104 1488 1286 0 0 0 0 0 0 0 0
1089 1192 72 1492 1492 0 0 0 0 0 0 0 0 0 0
1371 1192 1605 444 90 0 0 0 0 0 0 0 0 0 0
1476 47 782 416 1104 1488 1286 0 0 0 0 0 0 0 0
540 1049 976 860 880 1140 66 0 0 0 0 0 0 0 0
1061 1374 387 277 1487 443 1549 0 0 0 0 0 0 0 0
1476 1192 1009 778 976 1492 0 0 0 0 0 0 0 0 0
1366 47 1065 346 444 779 860 0 0 0 0 0 0 0 0
1061 1374 387 277 1487 443 1549 0 0 0 0 0 0 0 0
430 489 1192 536 976 514 444 0 0 0 0 0 0 0 0
1525 1049 976 860 311 72 47 762 902 47 0 0 0 0 0
312 1192 1591 778 102 0 0 0 0 0 0 0 0 0 0
1475 47 1141 778 1487 443 1549 0 0 0 0 0 0 0 0
1278 1509 833 1412 555 977 1330 0 0 0 0 0 0 0 0
1073 47 1049 1413 387 313 387 1245 1049 0 0 0 0 0 0
1555 608 287 444 779 1190 1479 443 0 0 0 0 0 0 0
1278 1509 833 1412 555 977 1330 0 0 0 0 0 0 0 0
1073 47 1049 1413 387 313 387 1245 1049 0 0 0 0 0 0
1432 1412 450 802 1137 582 443 0 0 0 0 0 0 0 0
1476 1042 1192 1009 1392 0 0 0 0 0 0 0 0 0 0
430 489 1192 536 976 514 444 0 0 0 0 0 0 0 0
540 1049 976 860 880 1140 66 0 0 0 0 0 0 0 0
1020 47 39 1392 860 1432 47 0 0 0 0 0 0 0 0
1061 1374 387 277 1487 443 1549 0 0 0 0 0 0 0 0
312 1192 1591 778 102 0 0 0 0 0 0 0 0 0 0
779 47 1049 774 420 72 666 231 1192 0 0 0 0 0 0
1061 1374 387 277 1487 443 1549 0 0 0 0 0 0 0 0
312 1192 1085 778 976 1492 0 0 0 0 0 0 0 0 0
72 1392 860 1473 1192 1205 906 47 173 962 0 0 0 0 0
1366 47 1065 346 444 779 860 0 0 0 0 0 0 0 0
1478 631 1632 444 827 387 0 0 0 0 0 0 0 0 0
430 489 1192 536 976 514 444 0 0 0 0 0 0 0 0
1020 47 39 1392 860 1432 47 0 0 0 0 0 0 0 0
1133 533 1328 1279 579 0 0 0 0 0 0 0 0 0 0
1476 47 782 416 1104 1488 1286 0 0 0 0 0 0 0 0
1371 1192 1605 444 90 0 0 0 0 0 0 0 0 0 0
1371 1192 1605 444 90 0 0 0 0 0 0 0 0 0 0
1476 1192 1009 778 976 1492 0 0 0 0 0 0 0 0 0
1478 631 1632 444 827 387 0 0 0 0 0 0 0 0 0
1634 537 343 1064 1049 0 0 0 0 0 0 0 0 0 0
85 1192 26 1196 444 976 0 0 0 0 0 0 0 0 0
1432 1412 140 163 880 1140 66 0 0 0 0 0 0 0 0
430 489 1192 536 976 514 444 0 0 0 0 0 0 0 0
1432 1412 140 163 880 1140 66 0 0 0 0 0 0 0 0
312 1192 1591 778 102 0 0 0 0 0 0 0 0 0 0
1378 1192 608 1081 444 177 387 0 0 0 0 0 0 0 0
430 489 1192 536 976 514 444 0 0 0 0 0 0 0 0
1476 47 782 416 1104 1488 1286 0 0 0 0 0 0 0 0
1366 47 1065 346 444 779 860 0 0 0 0 0 0 0 0
449 533 1358 47 976 1461 0 0 0 0 0 0 0 0 0
430 489 1192 536 976 514 444 0 0 0 0 0 0 0 0
779 47 1049 774 420 72 666 231 1192 0 0 0 0 0 0
1371 1192 1605 444 90 0 0 0 0 0 0 0 0 0 0
1378 1192 608 1081 444 177 387 0 0 0 0 0 0 0 0
779 47 1049 774 420 72 666 231 1192 0 0 0 0 0 0
976 860 1190 475 1190 270 0 0 0 0 0 0 0 0 0
810 1192 804 1412 401 778 1097 443 1549 0 0 0 0 0 0
1089 1192 72 1492 1492 0 0 0 0 0 0 0 0 0 0
872 1612 1277 1377 631 47 305 0 0 0 0 0 0 0 0
1378 1192 608 1081 444 177 387 0 0 0 0 0 0 0 0
1476 47 782 416 1104 1488 1286 0 0 0 0 0 0 0 0
312 1192 782 416 1104 1488 1286 0 0 0 0 0 0 0 0
1432 1412 450 802 1137 582 443 0 0 0 0 0 0 0 0
171 533 1062 1080 1192 751 0 0 0 0 0 0 0 0 0
1476 47 782 416 1104 1488 1286 0 0 0 0 0 0 0 0
171 533 1062 1080 1192 751 0 0 0 0 0 0 0 0 0
1278 1509 833 1412 555 977 1330 0 0 0 0 0 0 0 0
810 1192 804 1412 401 778 1097 443 1549 0 0 0 0 0 0
1278 1509 833 1412 555 977 1330 0 0 0 0 0 0 0 0
430 489 1192 536 976 514 444 0 0 0 0 0 0 0 0
1475 47 1141 778 1487 443 1549 0 0 0 0 0 0 0 0
1133 533 1328 1279 579 0 0 0 0 0 0 0 0 0 0
1432 1412 140 163 880 1140 66 0 0 0 0 0 0 0 0
1525 1049 976 860 311 72 47 762 902 47 0 0 0 0 0
1476 47 782 416 1104 1488 1286 0 0 0 0 0 0 0 0
1476 47 782 416 1104 1488 1286 0 0 0 0 0 0 0 0
766 1392 608 348 778 1610 1079 1049 0 0 0 0 0 0 0
1371 1192 1605 444 90 0 0 0 0 0 0 0 0 0 0
1089 1192 72 1492 1492 0 0 0 0 0 0 0 0 0 0
1378 1192 608 1081 444 177 387 0 0 0 0 0 0 0 0
1378 1192 608 1081 444 177 387 0 0 0 0 0 0 0 0
1371 1192 1605 444 90 0 0 0 0 0 0 0 0 0 0
1371 1192 1605 444 90 0 0 0 0 0 0 0 0 0 0
430 489 1192 536 976 514 444 0 0 0 0 0 0 0 0
449 533 1358 47 976 1461 0 0 0 0 0 0 0 0 0
1476 47 782 416 1104 1488 1286 0 0 0 0 0 0 0 0
1278 1509 833 1412 555 977 1330 0 0 0 0 0 0 0 0
1020 47 39 1392 860 1432 47 0 0 0 0 0 0 0 0
540 1049 976 860 880 1140 66 0 0 0 0 0 0 0 0
1245 1049 490 47 1363 387 1345 962 0 0 0 0 0 0 0
1432 1412 140 163 880 1140 66 0 0 0 0 0 0 0 0
1073 47 1049 1413 387 313 387 1245 1049 0 0 0 0 0 0
1020 47 39 1392 860 1432 47 0 0 0 0 0 0 0 0
1476 47 782 416 1104 1488 1286 0 0 0 0 0 0 0 0
1371 1192 1605 444 90 0 0 0 0 0 0 0 0 0 0
1432 1412 140 163 880 1140 66 0 0 0 0 0 0 0 0
1245 1049 490 47 1363 387 1345 962 0 0 0 0 0 0 0
540 1049 976 860 880 1140 66 0 0 0 0 0 0 0 0
1634 537 343 1064 1049 0 0 0 0 0 0 0 0 0 0
312 1192 1085 778 976 1492 0 0 0 0 0 0 0 0 0
1020 47 39 1392 860 1432 47 0 0 0 0 0 0 0 0
1114 1286 1457 1049 1016 860 0 0 0 0 0 0 0 0 0
456 47 1488 778 1488 1286 0 0 0 0 0 0 0 0 0
1371 1192 1605 444 90 0 0 0 0 0 0 0 0 0 0
1133 533 1328 1279 579 0 0 0 0 0 0 0 0 0 0
449 533 1358 47 976 1461 0 0 0 0 0 0 0 0 0
1476 47 782 416 1104 1488 1286 0 0 0 0 0 0 0 0
1432 1412 140 163 880 1140 66 0 0 0 0 0 0 0 0
1432 1412 140 163 880 1140 66 0 0 0 0 0 0 0 0
456 1286 466 533 69 1190 0 0 0 0 0 0 0 0 0
1496 47 444 984 0 0 0 0 0 0 0 0 0 0 0
72 1392 860 1473 1192 1205 906 47 173 962 0 0 0 0 0
1061 1374 387 277 1487 443 1549 0 0 0 0 0 0 0 0
1278 1509 833 1412 555 977 1330 0 0 0 0 0 0 0 0
312 1192 1591 778 102 0 0 0 0 0 0 0 0 0 0
1476 1192 1009 778 976 1492 0 0 0 0 0 0 0 0 0
14 416 823 47 869 387 191 234 0 0 0 0 0 0 0
1133 533 1328 1279 579 0 0 0 0 0 0 0 0 0 0
810 1192 804 1412 401 778 1097 443 1549 0 0 0 0 0 0
1476 1192 1009 778 976 1492 0 0 0 0 0 0 0 0 0
779 47 1049 774 420 72 666 231 1192 0 0 0 0 0 0
540 47 244 1473 444 779 1190 0 0 0 0 0 0 0 0
1476 47 782 416 1104 1488 1286 0 0 0 0 0 0 0 0
1432 1412 140 163 880 1140 66 0 0 0 0 0 0 0 0
312 1192 1591 778 102 0 0 0 0 0 0 0 0 0 0
1476 47 782 416 1104 1488 1286 0 0 0 0 0 0 0 0
14 416 823 47 869 387 191 234 0 0 0 0 0 0 0
312 1192 1085 778 976 1492 0 0 0 0 0 0 0 0 0
1371 1192 1605 444 90 0 0 0 0 0 0 0 0 0 0
430 489 1192 536 976 514 444 0 0 0 0 0 0 0 0
1555 608 287 444 779 1190 1479 443 0 0 0 0 0 0 0
1366 47 1065 346 444 779 860 0 0 0 0 0 0 0 0
430 489 1192 536 976 514 444 0 0 0 0 0 0 0 0
430 489 1192 536 976 514 444 0 0 0 0 0 0 0 0
872 1612 1277 1377 631 47 305 0 0 0 0 0 0 0 0
1020 47 39 1392 860 1432 47 0 0 0 0 0 0 0 0
312 1192 1591 778 102 0 0 0 0 0 0 0 0 0 0
1371 1192 1605 444 90 0 0 0 0 0 0 0 0 0 0
1432 1412 140 163 880 1140 66 0 0 0 0 0 0 0 0
466 47 1627 1190 0 0 0 0 0 0 0 0 0 0 0
14 416 823 47 869 387 191 234 0 0 0 0 0 0 0
1432 1412 140 163 880 1140 66 0 0 0 0 0 0 0 0
1020 47 39 1392 860 1432 47 0 0 0 0 0 0 0 0
1133 533 1328 1279 579 0 0 0 0 0 0 0 0 0 0
312 1192 1591 778 102 0 0 0 0 0 0 0 0 0 0
1371 1192 209 416 1473 778 0 0 0 0 0 0 0 0 0
1432 1412 140 163 880 1140 66 0 0 0 0 0 0 0 0
312 1192 1591 778 102 0 0 0 0 0 0 0 0 0 0
1525 1049 976 860 311 72 47 762 902 47 0 0 0 0 0
1245 1049 490 47 1363 387 1345 962 0 0 0 0 0 0 0
1476 47 782 416 1104 1488 1286 0 0 0 0 0 0 0 0
1245 1049 490 47 1363 387 1345 962 0 0 0 0 0 0 0
1432 1412 450 802 1137 582 443 0 0 0 0 0 0 0 0
540 47 244 1473 444 1379 443 1190 0 0 0 0 0 0 0
312 1192 1085 778 976 1492 0 0 0 0 0 0 0 0 0
430 489 444 779 860 0 0 0 0 0 0 0 0 0 0
1478 631 1632 444 827 387 0 0 0 0 0 0 0 0 0
540 1049 976 860 880 1140 66 0 0 0 0 0 0 0 0
1476 47 782 416 1104 1488 1286 0 0 0 0 0 0 0 0
1061 1374 387 277 1487 443 1549 0 0 0 0 0 0 0 0
1371 1192 1473 778 196 962 387 313 1355 0 0 0 0 0 0
540 1192 778 913 1192 778 1520 47 0 0 0 0 0 0 0
1432 1412 450 802 1137 582 443 0 0 0 0 0 0 0 0
1432 1412 140 163 880 1140 66 0 0 0 0 0 0 0 0
1476 1192 1555 1236 444 1187 387 313 0 0 0 0 0 0 0
312 1192 1085 778 976 1492 0 0 0 0 0 0 0 0 0
1476 47 782 416 1104 1488 1286 0 0 0 0 0 0 0 0
1133 533 1328 1279 579 0 0 0 0 0 0 0 0 0 0
1555 608 287 444 779 1190 1479 443 0 0 0 0 0 0 0
1366 47 1065 346 444 779 860 0 0 0 0 0 0 0 0
1415 1049 10 387 1100 47 510 387 0 0 0 0 0 0 0
1061 1374 387 277 1487 443 1549 0 0 0 0 0 0 0 0
1555 608 287 444 779 1190 1479 443 0 0 0 0 0 0 0
962 1611 387 1100 802 778 0 0 0 0 0 0 0 0 0
1432 1412 140 163 880 1140 66 0 0 0 0 0 0 0 0
1432 1412 450 802 1137 582 443 0 0 0 0 0 0 0 0
1020 47 39 1392 860 1432 47 0 0 0 0 0 0 0 0
1089 1192 72 1492 1492 0 0 0 0 0 0 0 0 0 0
540 1049 976 860 880 1140 66 0 0 0 0 0 0 0 0
272 1192 1473 778 196 962 387 313 1355 0 0 0 0 0 0
810 1192 804 1412 401 778 1097 443 1549 0 0 0 0 0 0
430 489 1192 536 976 514 444 0 0 0 0 0 0 0 0
1475 47 1141 778 1487 443 1549 0 0 0 0 0 0 0 0
1555 608 287 444 779 1190 1479 443 0 0 0 0 0 0 0
614 387 814 66 0 0 0 0 0 0 0 0 0 0 0
540 1049 976 860 880 1140 66 0 0 0 0 0 0 0 0
1476 1192 1591 47 244 1473 444 0 0 0 0 0 0 0 0
872 1612 1277 1377 631 47 305 0 0 0 0 0 0 0 0
810 1192 804 1412 401 778 1097 443 1549 0 0 0 0 0 0
779 47 1049 774 420 72 666 231 1192 0 0 0 0 0 0
1478 631 1632 444 827 387 0 0 0 0 0 0 0 0 0
779 47 1049 774 420 72 666 231 1192 0 0 0 0 0 0
1371 1192 1605 444 90 0 0 0 0 0 0 0 0 0 0
766 1392 608 348 778 1610 1079 1049 0 0 0 0 0 0 0
1371 1192 1605 444 90 0 0 0 0 0 0 0 0 0 0
1133 533 1328 1279 579 0 0 0 0 0 0 0 0 0 0
1020 47 39 1392 860 1432 47 0 0 0 0 0 0 0 0
1061 1374 387 277 1487 443 1549 0 0 0 0 0 0 0 0
540 1049 976 860 880 1140 66 0 0 0 0 0 0 0 0
1020 47 39 1392 860 1432 47 0 0 0 0 0 0 0 0
1432 1412 450 802 1137 582 443 0 0 0 0 0 0 0 0
1478 631 1632 444 827 387 0 0 0 0 0 0 0 0 0
1475 47 1141 778 1487 443 1549 0 0 0 0 0 0 0 0
312 1192 1085 778 976 1492 0 0 0 0 0 0 0 0 0
779 47 533 1311 778 1488 962 913 387 313 387 0 0 0 0
540 1049 976 860 880 1140 66 0 0 0 0 0 0 0 0
312 1192 782 416 1104 1488 1286 0 0 0 0 0 0 0 0
872 1612 1277 1377 631 47 305 0 0 0 0 0 0 0 0
779 47 1049 774 420 72 666 231 1192 0 0 0 0 0 0
430 489 1192 536 976 514 444 0 0 0 0 0 0 0 0
1366 47 1065 346 444 779 860 0 0 0 0 0 0 0 0
540 1192 1605 444 90 0 0 0 0 0 0 0 0 0 0
456 1286 466 533 69 1190 0 0 0 0 0 0 0 0 0
1278 1509 833 1412 555 977 1330 0 0 0 0 0 0 0 0
1476 1192 1591 47 244 1473 444 0 0 0 0 0 0 0 0
540 778 725 387 313 387 0 0 0 0 0 0 0 0 0
1061 1374 387 277 1487 443 1549 0 0 0 0 0 0 0 0
72 1392 860 1473 1192 1205 906 47 173 962 0 0 0 0 0
1634 537 343 1064 1049 0 0 0 0 0 0 0 0 0 0
1378 1192 608 1081 444 177 387 0 0 0 0 0 0 0 0
1415 1049 10 387 1100 36 310 47 0 0 0 0 0 0 0
1378 1192 608 1081 444 177 387 0 0 0 0 0 0 0 0
1133 533 1328 1279 579 0 0 0 0 0 0 0 0 0 0
1476 1192 1555 1236 444 1187 387 313 0 0 0 0 0 0 0
1073 47 1049 1413 387 313 387 1245 1049 0 0 0 0 0 0
312 1192 1085 778 976 1492 0 0 0 0 0 0 0 0 0
72 1392 860 1473 1192 1205 906 47 173 962 0 0 0 0 0
872 1612 1277 1377 631 47 305 0 0 0 0 0 0 0 0
430 489 1192 536 976 514 444 0 0 0 0 0 0 0 0
766 1392 608 348 778 1610 1079 1049 0 0 0 0 0 0 0
1476 47 782 416 1104 1488 1286 0 0 0 0 0 0 0 0
1020 47 39 1392 860 1432 47 0 0 0 0 0 0 0 0
1371 1192 1605 444 239 47 976 0 0 0 0 0 0 0 0
1432 1412 140 163 880 1140 66 0 0 0 0 0 0 0 0
1245 1049 490 47 1363 387 1345 962 0 0 0 0 0 0 0
140 495 47 1627 778 533 0 0 0 0 0 0 0 0 0
1371 1192 1605 444 90 0 0 0 0 0 0 0 0 0 0
1432 1412 450 802 1137 582 443 0 0 0 0 0 0 0 0
1525 1049 976 860 311 72 47 762 902 47 0 0 0 0 0
766 1392 608 348 778 1610 1079 1049 0 0 0 0 0 0 0
1073 47 1049 1413 387 313 387 1245 1049 0 0 0 0 0 0
456 47 1488 47 1488 1286 0 0 0 0 0 0 0 0 0
1371 1192 1473 778 196 962 387 313 1355 0 0 0 0 0 0
1371 1192 1605 444 90 0 0 0 0 0 0 0 0 0 0
1432 1412 140 163 880 1140 66 0 0 0 0 0 0 0 0
1114 1286 1457 1049 1016 860 0 0 0 0 0 0 0 0 0
1476 47 782 416 1104 1488 1286 0 0 0 0 0 0 0 0
1476 47 782 416 1104 1488 1286 0 0 0 0 0 0 0 0
779 47 1049 774 420 72 666 231 1192 0 0 0 0 0 0
1476 47 782 416 1104 1488 1286 0 0 0 0 0 0 0 0
1073 47 1049 1413 387 313 387 1245 1049 0 0 0 0 0 0
1073 47 1049 1413 387 313 387 1245 1049 0 0 0 0 0 0
1371 1192 1605 444 90 0 0 0 0 0 0 0 0 0 0
430 489 1192 536 976 514 444 0 0 0 0 0 0 0 0
456 1286 466 533 69 1190 0 0 0 0 0 0 0 0 0
1525 1049 976 860 311 72 47 762 902 47 0 0 0 0 0
1278 1509 833 1412 555 977 1330 0 0 0 0 0 0 0 0
49 1412 228 962 1355 102 0 0 0 0 0 0 0 0 0
540 47 72 1190 270 0 0 0 0 0 0 0 0 0 0
1205 238 387 1640 47 533 1268 1192 0 0 0 0 0 0 0
1432 1412 450 802 1137 582 443 0 0 0 0 0 0 0 0
1278 1509 833 1412 555 977 1330 0 0 0 0 0 0 0 0
1073 47 1049 1413 387 313 387 1245 1049 0 0 0 0 0 0
1114 1286 1457 1049 1016 860 0 0 0 0 0 0 0 0 0
1089 1192 72 1492 1492 0 0 0 0 0 0 0 0 0 0
624 1192 134 778 708 444 1268 1192 0 0 0 0 0 0 0
1476 47 782 416 1104 1488 1286 0 0 0 0 0 0 0 0
312 1192 1085 778 976 1492 0 0 0 0 0 0 0 0 0
1278 1509 833 1412 555 977 1330 0 0 0 0 0 0 0 0
1415 1049 10 387 1100 36 310 56 1392 0 0 0 0 0 0
1114 1286 1457 1049 1016 860 0 0 0 0 0 0 0 0 0
1278 1509 833 1412 555 977 1330 0 0 0 0 0 0 0 0
1114 1286 1457 1049 1016 860 0 0 0 0 0 0 0 0 0
766 1392 608 348 778 1610 1079 1049 0 0 0 0 0 0 0
1278 1509 833 1412 555 977 1330 0 0 0 0 0 0 0 0
72 1392 860 1473 1192 1205 906 47 173 962 0 0 0 0 0
1378 1192 608 1081 444 177 387 0 0 0 0 0 0 0 0
1555 608 287 444 779 1190 1479 443 0 0 0 0 0 0 0
1245 1049 490 47 1363 387 1345 962 0 0 0 0 0 0 0
1073 47 1049 1413 387 313 387 1245 1049 0 0 0 0 0 0
1278 1509 833 1412 555 977 1330 0 0 0 0 0 0 0 0
1371 1192 1605 444 90 0 0 0 0 0 0 0 0 0 0
779 47 1049 774 420 72 666 231 1192 0 0 0 0 0 0
1061 1374 387 277 1487 443 1549 0 0 0 0 0 0 0 0
1278 1509 833 1412 555 977 1330 0 0 0 0 0 0 0 0
1133 533 1328 1279 579 0 0 0 0 0 0 0 0 0 0
810 1192 804 1412 401 778 1097 443 1549 0 0 0 0 0 0
1371 1192 1605 444 90 0 0 0 0 0 0 0 0 0 0
72 1392 860 1473 1192 1205 906 47 173 962 0 0 0 0 0
1432 1412 450 802 1137 582 443 0 0 0 0 0 0 0 0
766 1392 608 348 778 1610 1079 1049 0 0 0 0 0 0 0
72 1392 860 1473 1192 1205 906 47 173 962 0 0 0 0 0
430 489 1192 536 976 514 444 0 0 0 0 0 0 0 0
1476 47 782 416 1104 1488 1286 0 0 0 0 0 0 0 0
766 1392 608 348 778 1610 1079 1049 0 0 0 0 0 0 0
1020 47 39 1392 860 1432 47 0 0 0 0 0 0 0 0
456 1286 466 533 69 1190 0 0 0 0 0 0 0 0 0
1114 1286 1457 1049 1016 860 0 0 0 0 0 0 0 0 0
456 1286 466 533 69 1190 0 0 0 0 0 0 0 0 0
1133 533 1328 1279 579 0 0 0 0 0 0 0 0 0 0
1475 47 1141 778 1487 443 1549 0 0 0 0 0 0 0 0
810 1192 804 1412 401 778 1097 443 1549 0 0 0 0 0 0
779 47 1049 774 420 72 666 231 1192 0 0 0 0 0 0
1278 1509 833 1412 555 977 1330 0 0 0 0 0 0 0 0
1020 47 39 1392 860 1432 47 0 0 0 0 0 0 0 0
1476 47 782 416 1104 1488 1286 0 0 0 0 0 0 0 0
1020 47 39 1392 860 1432 47 0 0 0 0 0 0 0 0
1476 1192 1591 47 244 1473 444 0 0 0 0 0 0 0 0
1476 1192 1009 778 976 1492 0 0 0 0 0 0 0 0 0
1371 1192 1473 778 196 962 387 313 1355 0 0 0 0 0 0
312 1192 782 416 1104 1488 1286 0 0 0 0 0 0 0 0
1476 1192 1591 47 244 1473 444 0 0 0 0 0 0 0 0
1432 1412 450 802 1137 582 443 0 0 0 0 0 0 0 0
449 533 1358 47 976 1461 0 0 0 0 0 0 0 0 0
1245 1049 490 47 1363 387 1345 962 0 0 0 0 0 0 0
1555 608 287 444 779 1190 1479 443 0 0 0 0 0 0 0
779 47 1049 774 420 72 666 231 1192 0 0 0 0 0 0
1245 1049 490 47 1363 387 1345 962 0 0 0 0 0 0 0
540 47 244 1473 778 1245 1049 0 0 0 0 0 0 0 0
1476 47 782 416 1104 1488 1286 0 0 0 0 0 0 0 0
1476 47 782 416 1104 1488 1286 0 0 0 0 0 0 0 0
1073 47 1049 1413 387 313 387 1245 1049 0 0 0 0 0 0
779 47 1049 774 420 72 666 231 1192 0 0 0 0 0 0
1476 47 782 416 1104 1488 1286 0 0 0 0 0 0 0 0
1478 631 1632 444 827 387 0 0 0 0 0 0 0 0 0
430 489 1192 536 976 514 444 0 0 0 0 0 0 0 0
430 489 1192 536 976 514 444 0 0 0 0 0 0 0 0
1371 1192 1605 444 90 0 0 0 0 0 0 0 0 0 0
540 37 72 1190 196 1089 1192 0 0 0 0 0 0 0 0
14 416 823 47 869 387 191 234 0 0 0 0 0 0 0
1089 1192 72 1492 1492 0 0 0 0 0 0 0 0 0 0
1061 1374 387 277 1487 443 1549 0 0 0 0 0 0 0 0
72 1392 860 1473 1192 1205 906 47 173 962 0 0 0 0 0
72 1392 860 1473 1192 1205 906 47 173 962 0 0 0 0 0
1432 1412 450 802 1137 582 443 0 0 0 0 0 0 0 0
1020 47 39 1392 860 1432 47 0 0 0 0 0 0 0 0
14 416 823 47 869 387 191 234 0 0 0 0 0 0 0
1476 47 782 416 1104 1488 1286 0 0 0 0 0 0 0 0
872 1612 1277 1377 631 47 305 0 0 0 0 0 0 0 0
1371 1192 1605 444 90 0 0 0 0 0 0 0 0 0 0
449 533 1358 47 976 1461 0 0 0 0 0 0 0 0 0
1432 1412 450 802 1137 582 443 0 0 0 0 0 0 0 0
766 1392 608 348 778 1610 1079 1049 0 0 0 0 0 0 0
1432 1412 450 802 1137 582 443 0 0 0 0 0 0 0 0
1020 47 39 1392 860 1432 47 0 0 0 0 0 0 0 0
430 489 1192 536 976 514 444 0 0 0 0 0 0 0 0
1371 1192 1605 444 90 0 0 0 0 0 0 0 0 0 0
1371 1192 1605 444 90 0 0 0 0 0 0 0 0 0 0
312 1192 1591 778 102 0 0 0 0 0 0 0 0 0 0
430 489 1192 536 976 514 444 0 0 0 0 0 0 0 0
312 1192 1591 778 102 0 0 0 0 0 0 0 0 0 0
1073 47 1049 1413 387 313 387 1245 1049 0 0 0 0 0 0
1371 1192 1605 444 313 802 0 0 0 0 0 0 0 0 0
1073 47 1049 1413 387 313 387 1245 1049 0 0 0 0 0 0
312 1192 1141 778 1183 444 245 0 0 0 0 0 0 0 0
72 1392 860 1473 1192 1205 906 47 173 962 0 0 0 0 0
779 47 1049 774 420 72 666 231 1192 0 0 0 0 0 0
1476 47 782 416 1104 1488 1286 0 0 0 0 0 0 0 0
85 1192 26 1196 444 976 0 0 0 0 0 0 0 0 0
1475 47 1141 778 1487 443 1549 0 0 0 0 0 0 0 0
1371 1192 1605 444 90 0 0 0 0 0 0 0 0 0 0
1476 47 782 416 1104 1488 1286 0 0 0 0 0 0 0 0
779 47 1049 774 420 72 666 231 1192 0 0 0 0 0 0
1476 47 782 416 1104 1488 1286 0 0 0 0 0 0 0 0
1366 47 1065 346 444 779 860 0 0 0 0 0 0 0 0
1432 1412 450 802 1137 582 443 0 0 0 0 0 0 0 0
1555 608 287 444 779 1190 1479 443 0 0 0 0 0 0 0
1476 47 782 416 1104 1488 1286 0 0 0 0 0 0 0 0
1371 1192 1605 444 90 0 0 0 0 0 0 0 0 0 0
614 387 814 66 0 0 0 0 0 0 0 0 0 0 0
1073 47 1049 1413 387 313 387 1245 1049 0 0 0 0 0 0
766 1392 608 348 778 1610 1079 1049 0 0 0 0 0 0 0
1061 1374 387 277 1487 443 1549 0 0 0 0 0 0 0 0
1245 1049 490 47 1363 387 1345 962 0 0 0 0 0 0 0
1475 47 1141 778 1487 443 1549 0 0 0 0 0 0 0 0
1020 47 39 1392 860 1432 47 0 0 0 0 0 0 0 0
1476 1192 1009 778 976 1492 0 0 0 0 0 0 0 0 0
1371 1192 1605 444 90 0 0 0 0 0 0 0 0 0 0
1245 1049 490 47 1363 387 1345 962 0 0 0 0 0 0 0
456 1286 466 533 69 1190 0 0 0 0 0 0 0 0 0
779 47 1049 774 420 72 666 231 1192 0 0 0 0 0 0
540 1049 976 860 880 1140 66 0 0 0 0 0 0 0 0
872 1612 1277 1377 631 47 305 0 0 0 0 0 0 0 0
1366 47 1065 346 444 779 860 0 0 0 0 0 0 0 0
1366 47 1065 346 444 779 0 0 0 0 0 0 0 0 0
1476 47 782 416 1104 1488 1286 0 0 0 0 0 0 0 0
310 1412 140 163 880 1140 66 0 0 0 0 0 0 0 0
1475 47 1141 778 1487 443 1549 0 0 0 0 0 0 0 0
766 1392 608 348 778 1610 1079 1049 0 0 0 0 0 0 0
449 533 1358 47 976 1461 0 0 0 0 0 0 0 0 0
1378 1286 1457 1049 1016 0 0 0 0 0 0 0 0 0 0
139 1049 1540 1140 66 0 0 0 0 0 0 0 0 0 0
449 533 1358 47 976 1461 0 0 0 0 0 0 0 0 0
1371 1192 1605 444 90 0 0 0 0 0 0 0 0 0 0
1278 1509 833 1412 555 977 1330 0 0 0 0 0 0 0 0
1476 47 782 416 1104 1488 1286 0 0 0 0 0 0 0 0
1371 1192 1605 444 90 0 0 0 0 0 0 0 0 0 0
164 1192 1245 47 976 1461 0 0 0 0 0 0 0 0 0
1371 1192 1605 444 90 0 0 0 0 0 0 0 0 0 0
779 47 1049 774 420 72 666 231 1192 0 0 0 0 0 0
1378 1192 608 1081 444 177 387 0 0 0 0 0 0 0 0
1371 1192 1473 778 196 962 387 313 1355 0 0 0 0 0 0
1133 533 1328 1279 579 0 0 0 0 0 0 0 0 0 0
1476 47 782 416 1104 1488 1286 0 0 0 0 0 0 0 0
312 47 1141 778 1487 443 1549 0 0 0 0 0 0 0 0
72 1392 860 1473 1192 1205 906 47 173 962 0 0 0 0 0
1478 631 1632 444 827 387 0 0 0 0 0 0 0 0 0
1114 778 608 1081 387 313 1355 0 0 0 0 0 0 0 0
430 489 1192 536 976 514 444 0 0 0 0 0 0 0 0
14 416 823 47 869 387 191 234 0 0 0 0 0 0 0
1089 1192 72 1492 1492 0 0 0 0 0 0 0 0 0 0
1073 47 1049 1413 387 313 387 1245 1049 0 0 0 0 0 0
1371 1192 1605 444 90 0 0 0 0 0 0 0 0 0 0
1378 1192 608 1081 444 177 387 0 0 0 0 0 0 0 0
1061 1374 387 277 1487 443 1549 0 0 0 0 0 0 0 0
1478 631 1632 444 827 387 0 0 0 0 0 0 0 0 0
85 1192 26 1196 444 976 0 0 0 0 0 0 0 0 0
1415 1049 10 387 1100 36 310 56 1392 0 0 0 0 0 0
430 489 1192 536 976 514 444 0 0 0 0 0 0 0 0
1378 1192 608 1081 444 177 387 0 0 0 0 0 0 0 0
1371 1192 1473 778 196 962 387 313 1355 0 0 0 0 0 0
1432 1412 450 802 1137 582 443 0 0 0 0 0 0 0 0
1478 631 1632 444 827 387 0 0 0 0 0 0 0 0 0
1278 1509 833 1412 555 977 1330 0 0 0 0 0 0 0 0
449 533 1358 47 976 1461 0 0 0 0 0 0 0 0 0
1525 1049 976 860 311 72 47 762 902 47 0 0 0 0 0
72 1392 860 1473 1192 1205 906 47 173 962 0 0 0 0 0
540 1049 976 860 880 1140 66 0 0 0 0 0 0 0 0
1245 1049 490 47 1363 387 1345 962 0 0 0 0 0 0 0
1371 1192 1473 778 196 962 387 313 1355 0 0 0 0 0 0
1371 1192 1605 444 90 0 0 0 0 0 0 0 0 0 0
171 533 1062 1080 1192 751 0 0 0 0 0 0 0 0 0
540 1049 976 860 880 1140 66 0 0 0 0 0 0 0 0
1371 1192 1605 444 90 0 0 0 0 0 0 0 0 0 0
1020 47 39 1392 860 1432 47 0 0 0 0 0 0 0 0
1114 1286 1457 1049 1016 860 0 0 0 0 0 0 0 0 0
1371 1192 1605 444 90 0 0 0 0 0 0 0 0 0 0
1476 47 782 416 1104 1488 1286 0 0 0 0 0 0 0 0
1073 47 1049 1413 387 313 387 1245 1049 0 0 0 0 0 0
1371 1192 1605 444 90 0 0 0 0 0 0 0 0 0 0
1114 1286 1457 1049 1016 860 0 0 0 0 0 0 0 0 0
1432 1412 140 163 880 1140 66 0 0 0 0 0 0 0 0
1278 1509 833 1412 555 977 1330 0 0 0 0 0 0 0 0
1371 1192 1605 444 90 0 0 0 0 0 0 0 0 0 0
1061 1374 387 277 1487 443 1549 0 0 0 0 0 0 0 0
1371 1192 1605 444 90 0 0 0 0 0 0 0 0 0 0
779 47 1049 774 420 72 666 231 1192 0 0 0 0 0 0
14 416 823 47 869 387 191 234 0 0 0 0 0 0 0
1371 1192 1605 444 90 0 0 0 0 0 0 0 0 0 0
1366 47 1065 346 444 779 860 0 0 0 0 0 0 0 0
430 489 1192 536 976 514 444 0 0 0 0 0 0 0 0
1432 1412 450 802 1137 582 443 0 0 0 0 0 0 0 0
1634 537 343 1064 0 0 0 0 0 0 0 0 0 0 0
312 1192 1085 778 976 1492 0 0 0 0 0 0 0 0 0
1432 1412 140 163 880 1140 66 0 0 0 0 0 0 0 0
1061 1374 387 277 1487 443 1549 0 0 0 0 0 0 0 0
1555 608 287 444 779 1190 1479 443 0 0 0 0 0 0 0
1366 47 1065 346 444 779 860 0 0 0 0 0 0 0 0
312 1192 782 416 1104 1488 1286 0 0 0 0 0 0 0 0
1476 47 782 416 1104 1488 1286 0 0 0 0 0 0 0 0
779 47 1049 774 420 72 666 231 1192 0 0 0 0 0 0
1061 1374 387 277 1487 443 1549 0 0 0 0 0 0 0 0
1278 1509 833 1412 555 977 1330 0 0 0 0 0 0 0 0
1476 47 782 416 1104 1488 1286 0 0 0 0 0 0 0 0
1371 1192 1605 444 90 0 0 0 0 0 0 0 0 0 0
1555 608 287 444 779 1190 1479 443 0 0 0 0 0 0 0
14 416 823 47 869 387 191 234 0 0 0 0 0 0 0
766 1392 608 348 778 1610 1079 1049 0 0 0 0 0 0 0
1525 1049 976 860 311 72 47 762 902 47 0 0 0 0 0
1061 1374 387 277 1487 443 1549 0 0 0 0 0 0 0 0
1525 1049 976 860 311 72 47 762 902 47 0 0 0 0 0
779 47 1049 774 420 72 666 231 1192 0 0 0 0 0 0
1366 47 1065 346 444 779 860 0 0 0 0 0 0 0 0
810 1192 804 1412 401 778 1097 443 1549 0 0 0 0 0 0
766 1392 608 348 778 1610 1079 1049 0 0 0 0 0 0 0
171 533 1062 1080 1192 751 0 0 0 0 0 0 0 0 0
1245 1049 490 47 1363 387 1345 962 0 0 0 0 0 0 0
312 1192 1085 778 976 1492 0 0 0 0 0 0 0 0 0
466 47 1627 1190 0 0 0 0 0 0 0 0 0 0 0
1476 47 782 416 1104 1488 1286 0 0 0 0 0 0 0 0
872 1612 1277 1377 631 47 305 0 0 0 0 0 0 0 0
14 416 823 47 869 387 191 234 0 0 0 0 0 0 0
1478 631 1632 444 827 387 0 0 0 0 0 0 0 0 0
1245 1049 490 47 1363 387 1345 962 0 0 0 0 0 0 0
540 1049 976 860 880 1140 66 0 0 0 0 0 0 0 0
1089 1192 72 1492 1492 0 0 0 0 0 0 0 0 0 0
1073 47 1049 1413 387 313 387 1245 1049 0 0 0 0 0 0
1020 47 39 1392 860 1432 47 0 0 0 0 0 0 0 0
456 1286 466 533 69 1190 0 0 0 0 0 0 0 0 0
766 1392 608 348 778 1610 1079 1049 0 0 0 0 0 0 0
1278 1509 833 1412 555 977 555 0 0 0 0 0 0 0 0
1476 47 782 416 1104 1488 1286 0 0 0 0 0 0 0 0
1478 631 1632 444 827 387 0 0 0 0 0 0 0 0 0
1278 1509 833 1412 555 977 1330 0 0 0 0 0 0 0 0
540 1049 976 860 880 1140 66 0 0 0 0 0 0 0 0
1089 1192 72 1492 1492 0 0 0 0 0 0 0 0 0 0
1089 1192 72 1492 1492 0 0 0 0 0 0 0 0 0 0
810 1192 804 1412 401 778 1097 443 1549 0 0 0 0 0 0
1555 608 287 444 779 1190 1479 443 0 0 0 0 0 0 0
1073 47 1049 1413 387 313 387 1245 1049 0 0 0 0 0 0
1278 1509 833 1412 555 977 1330 0 0 0 0 0 0 0 0
1378 1192 608 1081 444 177 387 0 0 0 0 0 0 0 0
121 47 1049 774 420 72 666 231 1192 0 0 0 0 0 0
1475 47 1141 778 1487 443 1549 0 0 0 0 0 0 0 0
1525 1049 976 860 311 72 47 762 902 47 0 0 0 0 0
1378 1192 608 1081 444 177 387 1345 962 0 0 0 0 0 0
1073 47 1049 1413 387 313 387 1245 1049 0 0 0 0 0 0
1371 1192 1605 444 90 0 0 0 0 0 0 0 0 0 0
540 1049 976 860 880 1140 66 0 0 0 0 0 0 0 0
1378 1192 608 1081 444 177 387 0 0 0 0 0 0 0 0
1475 47 1141 778 1487 443 1549 0 0 0 0 0 0 0 0
779 47 1049 774 420 72 666 231 1192 0 0 0 0 0 0
1114 1286 1457 1049 1016 860 0 0 0 0 0 0 0 0 0
1371 1192 1605 444 90 0 0 0 0 0 0 0 0 0 0
810 1192 804 1412 401 778 1097 443 1549 0 0 0 0 0 0
779 47 1049 774 420 72 666 231 1192 0 0 0 0 0 0
540 1049 976 860 880 1140 66 0 0 0 0 0 0 0 0
210 444 1491 72 56 1392 1190 0 0 0 0 0 0 0 0
1475 47 976 860 311 72 47 762 902 47 0 0 0 0 0
1061 1374 387 277 1487 443 1549 0 0 0 0 0 0 0 0
430 489 1192 536 976 514 444 0 0 0 0 0 0 0 0
171 533 1062 1080 1192 751 0 0 0 0 0 0 0 0 0
312 1192 1085 778 976 1492 0 0 0 0 0 0 0 0 0
872 1612 1277 1377 631 47 305 0 0 0 0 0 0 0 0
1371 1192 1605 444 90 0 0 0 0 0 0 0 0 0 0
1432 1412 140 163 880 1140 66 0 0 0 0 0 0 0 0
1555 608 287 444 779 1190 1479 443 0 0 0 0 0 0 0
1371 1192 1473 778 196 962 387 313 1355 0 0 0 0 0 0
1245 1049 490 47 1363 387 1345 962 0 0 0 0 0 0 0
85 1192 26 1196 444 976 0 0 0 0 0 0 0 0 0
1089 1192 72 1492 1492 0 0 0 0 0 0 0 0 0 0
1371 1192 1473 778 196 962 387 313 1355 0 0 0 0 0 0
312 1192 1591 778 102 0 0 0 0 0 0 0 0 0 0
449 533 1358 47 976 1461 0 0 0 0 0 0 0 0 0
14 416 823 47 869 387 191 234 0 0 0 0 0 0 0
1073 1355 444 1491 72 56 1392 1190 0 0 0 0 0 0 0
1371 1192 1473 778 196 962 387 313 1355 0 0 0 0 0 0
1555 608 287 444 779 1190 1479 443 0 0 0 0 0 0 0
1371 1192 1605 444 90 0 0 0 0 0 0 0 0 0 0
1371 1192 1605 444 90 0 0 0 0 0 0 0 0 0 0
1476 47 782 416 1104 1488 1286 0 0 0 0 0 0 0 0
1020 47 39 1392 860 1432 47 0 0 0 0 0 0 0 0
872 1612 1277 1377 631 47 305 0 0 0 0 0 0 0 0
14 416 823 47 869 387 191 234 0 0 0 0 0 0 0
1415 1049 10 387 313 1355 1049 0 0 0 0 0 0 0 0
1525 1049 976 860 311 72 47 762 902 47 0 0 0 0 0
1089 1192 72 1492 1492 0 0 0 0 0 0 0 0 0 0
1095 47 244 1473 444 976 0 0 0 0 0 0 0 0 0
1378 1192 608 1081 444 177 387 0 0 0 0 0 0 0 0
1245 1049 490 47 1363 387 1345 962 0 0 0 0 0 0 0
810 1192 804 1412 401 778 1097 443 1549 0 0 0 0 0 0
936 1392 561 1103 47 988 443 0 0 0 0 0 0 0 0
1371 1192 1473 778 196 962 387 313 1355 0 0 0 0 0 0
1061 1374 387 277 1487 443 1549 0 0 0 0 0 0 0 0
1245 1049 490 47 1363 387 1345 962 0 0 0 0 0 0 0
1555 608 287 444 779 1190 1479 443 0 0 0 0 0 0 0
872 1612 1277 1377 631 47 305 0 0 0 0 0 0 0 0
1415 1049 10 387 1100 36 942 0 0 0 0 0 0 0 0
1432 1412 450 802 1137 582 443 0 0 0 0 0 0 0 0
1555 608 287 444 779 1190 1479 443 0 0 0 0 0 0 0
872 1612 1277 1377 631 47 305 0 0 0 0 0 0 0 0
540 1049 976 860 880 1140 66 0 0 0 0 0 0 0 0
1555 608 287 444 779 1190 1479 443 0 0 0 0 0 0 0
430 489 1192 536 976 514 444 0 0 0 0 0 0 0 0
1114 1286 1457 1049 1016 860 0 0 0 0 0 0 0 0 0
779 47 1049 774 420 72 666 231 1192 0 0 0 0 0 0
1432 1412 450 802 1137 582 443 0 0 0 0 0 0 0 0
1476 1192 1591 47 244 1473 444 0 0 0 0 0 0 0 0
1371 1192 1605 444 90 0 0 0 0 0 0 0 0 0 0
1478 631 1632 444 827 387 0 0 0 0 0 0 0 0 0
540 47 244 1473 444 779 1572 0 0 0 0 0 0 0 0
1476 1080 782 416 1104 1488 1286 0 0 0 0 0 0 0 0
72 1392 860 1473 1192 1205 906 47 173 962 0 0 0 0 0
210 444 490 47 102 0 0 0 0 0 0 0 0 0 0
1366 47 1065 346 444 779 860 0 0 0 0 0 0 0 0
779 47 1049 774 420 72 666 231 1192 0 0 0 0 0 0
1476 1192 1009 778 976 1492 0 0 0 0 0 0 0 0 0
540 47 1141 778 1097 443 1549 0 0 0 0 0 0 0 0
872 1612 1277 1377 631 47 305 0 0 0 0 0 0 0 0
164 1192 1245 47 1065 1190 1190 1140 0 0 0 0 0 0 0
171 533 1062 1080 1192 751 0 0 0 0 0 0 0 0 0
1371 1192 1605 444 90 0 0 0 0 0 0 0 0 0 0
1555 608 287 444 779 1190 1479 443 0 0 0 0 0 0 0
1511 778 1278 489 1192 0 0 0 0 0 0 0 0 0 0
1366 47 1065 346 444 779 860 0 0 0 0 0 0 0 0
456 1286 466 533 69 1190 0 0 0 0 0 0 0 0 0
1432 37 309 750 592 1349 1030 0 0 0 0 0 0 0 0
810 1192 804 1412 401 778 1097 443 1549 0 0 0 0 0 0
1476 47 782 416 1104 1488 1286 0 0 0 0 0 0 0 0
1278 1509 833 1412 555 977 1330 0 0 0 0 0 0 0 0
72 1392 860 1473 1192 1205 906 47 173 962 0 0 0 0 0
430 489 1192 536 976 514 444 0 0 0 0 0 0 0 0
1432 1412 140 163 880 1140 66 0 0 0 0 0 0 0 0
1476 47 782 416 1104 1488 1286 0 0 0 0 0 0 0 0
430 489 1192 536 976 514 444 0 0 0 0 0 0 0 0
312 1192 1085 778 976 1492 0 0 0 0 0 0 0 0 0
49 1412 228 962 1355 102 0 0 0 0 0 0 0 0 0
1371 1192 1605 444 90 0 0 0 0 0 0 0 0 0 0
430 489 1192 536 976 514 444 0 0 0 0 0 0 0 0
1371 1192 1605 444 90 0 0 0 0 0 0 0 0 0 0
540 1049 976 860 880 1140 66 0 0 0 0 0 0 0 0
1245 1049 490 47 1363 387 1345 962 0 0 0 0 0 0 0
1061 1374 387 277 1487 443 1549 0 0 0 0 0 0 0 0
540 1049 976 860 880 1140 66 0 0 0 0 0 0 0 0
1073 47 1049 1413 387 313 387 1245 1049 0 0 0 0 0 0
85 1192 26 1196 444 976 0 0 0 0 0 0 0 0 0
1476 47 782 416 1104 1488 1286 0 0 0 0 0 0 0 0
1073 47 1049 1413 387 313 387 1245 1049 0 0 0 0 0 0
171 533 1062 1080 1192 751 0 0 0 0 0 0 0 0 0
1378 1192 608 1081 444 177 387 0 0 0 0 0 0 0 0
1476 47 782 416 1104 1488 1286 0 0 0 0 0 0 0 0
810 1192 804 1412 401 778 1097 443 1549 0 0 0 0 0 0
540 1049 976 860 880 1140 66 0 0 0 0 0 0 0 0
1476 47 782 416 1104 1488 1286 0 0 0 0 0 0 0 0
540 1049 976 860 880 1140 66 0 0 0 0 0 0 0 0
449 533 1358 47 976 1461 0 0 0 0 0 0 0 0 0
430 489 1192 536 976 514 444 0 0 0 0 0 0 0 0
1366 47 1065 346 444 779 860 0 0 0 0 0 0 0 0
312 1192 1591 778 102 0 0 0 0 0 0 0 0 0 0
1476 47 782 416 1104 1488 1286 0 0 0 0 0 0 0 0
779 47 1049 774 420 72 666 231 1192 0 0 0 0 0 0
1415 1049 10 387 1100 36 310 47 0 0 0 0 0 0 0
1478 631 1632 444 827 387 0 0 0 0 0 0 0 0 0
1278 1509 833 1412 555 977 1330 0 0 0 0 0 0 0 0
430 489 1192 536 976 514 444 0 0 0 0 0 0 0 0
540 1049 976 860 880 1140 66 0 0 0 0 0 0 0 0
312 1192 1591 778 102 0 0 0 0 0 0 0 0 0 0
72 1392 860 1473 1192 1205 906 47 173 962 0 0 0 0 0
1073 47 1049 1413 387 313 387 1245 1049 0 0 0 0 0 0
1577 962 387 711 635 47 0 0 0 0 0 0 0 0 0
540 1192 72 778 312 47 0 0 0 0 0 0 0 0 0
810 1192 804 1412 401 778 1097 443 1549 0 0 0 0 0 0
1020 47 39 1392 860 1432 47 0 0 0 0 0 0 0 0
1089 1192 72 1492 1492 0 0 0 0 0 0 0 0 0 0
779 47 1049 774 420 72 666 231 1192 0 0 0 0 0 0
810 1192 804 1412 401 778 1097 443 1549 0 0 0 0 0 0
1371 1192 1605 444 90 0 0 0 0 0 0 0 0 0 0
430 489 1192 536 976 514 444 0 0 0 0 0 0 0 0
1133 533 1328 1325 0 0 0 0 0 0 0 0 0 0 0
1089 1192 72 1492 1492 0 0 0 0 0 0 0 0 0 0
540 1049 976 860 880 1140 66 0 0 0 0 0 0 0 0
1476 1192 1591 47 244 1473 444 0 0 0 0 0 0 0 0
1133 533 1328 1279 579 0 0 0 0 0 0 0 0 0 0
1525 1049 976 860 311 72 47 762 902 47 0 0 0 0 0
810 1192 804 1412 401 778 1097 443 1549 0 0 0 0 0 0
1432 1412 450 802 1137 582 443 0 0 0 0 0 0 0 0
1245 1049 490 47 1363 387 1345 962 0 0 0 0 0 0 0
1073 47 1049 1413 387 313 387 1245 1049 0 0 0 0 0 0
1020 47 39 1392 860 1432 47 0 0 0 0 0 0 0 0
1371 1192 1473 778 196 962 387 313 1355 0 0 0 0 0 0
1476 47 782 416 1104 1488 1286 0 0 0 0 0 0 0 0
1400 1327 387 1049 1473 778 85 0 0 0 0 0 0 0 0
1073 47 1049 1413 387 313 387 1245 1049 0 0 0 0 0 0
766 1392 608 348 778 1610 1079 1049 0 0 0 0 0 0 0
614 387 814 66 0 0 0 0 0 0 0 0 0 0 0
1371 1192 1605 444 90 0 0 0 0 0 0 0 0 0 0
1371 1192 1473 778 196 962 387 313 1355 0 0 0 0 0 0
1061 1374 387 277 1487 443 1549 0 0 0 0 0 0 0 0
1371 1192 1605 444 90 0 0 0 0 0 0 0 0 0 0
1089 1192 72 1492 1492 0 0 0 0 0 0 0 0 0 0
1278 1509 833 1412 555 977 1330 0 0 0 0 0 0 0 0
1371 1192 1605 444 90 0 0 0 0 0 0 0 0 0 0
1371 1192 1473 778 196 962 387 313 1355 0 0 0 0 0 0
633 1190 1080 1042 778 913 1192 0 0 0 0 0 0 0 0
1525 1140 444 1491 860 36 66 0 0 0 0 0 0 0 0
1432 37 450 802 1137 582 443 0 0 0 0 0 0 0 0
1432 1412 450 802 1137 582 443 0 0 0 0 0 0 0 0
449 533 1358 47 976 1461 0 0 0 0 0 0 0 0 0
872 1612 1277 1377 631 47 305 0 0 0 0 0 0 0 0
872 1612 1277 1377 631 47 305 0 0 0 0 0 0 0 0
1371 1192 1605 444 90 0 0 0 0 0 0 0 0 0 0
1475 47 1141 778 1487 443 1549 0 0 0 0 0 0 0 0
1476 47 782 416 1104 1488 1286 0 0 0 0 0 0 0 0
540 1049 976 860 880 1140 66 0 0 0 0 0 0 0 0
1525 1049 976 860 311 72 47 762 902 47 0 0 0 0 0
430 489 1192 536 976 514 444 0 0 0 0 0 0 0 0
456 1286 466 533 69 1190 0 0 0 0 0 0 0 0 0
779 47 1049 774 420 72 666 231 1192 0 0 0 0 0 0
1525 1049 976 860 311 72 47 762 902 47 0 0 0 0 0
1475 47 1141 778 1487 443 1549 0 0 0 0 0 0 0 0
1089 1192 72 1492 1492 0 0 0 0 0 0 0 0 0 0
1415 1049 10 387 1100 36 310 0 0 0 0 0 0 0 0
540 1049 976 860 880 1140 66 0 0 0 0 0 0 0 0
1476 1192 1591 47 244 1473 444 0 0 0 0 0 0 0 0
779 47 1049 774 420 72 666 231 1192 0 0 0 0 0 0
779 47 1049 774 420 72 666 231 1192 0 0 0 0 0 0
962 1213 608 1353 387 1100 1443 443 0 0 0 0 0 0 0
430 489 1192 536 976 514 444 0 0 0 0 0 0 0 0
1020 47 39 1392 860 1432 47 0 0 0 0 0 0 0 0
1432 1412 450 802 1137 582 443 0 0 0 0 0 0 0 0
540 1049 976 860 880 1140 66 0 0 0 0 0 0 0 0
766 1392 608 348 778 1610 1079 1049 0 0 0 0 0 0 0
1476 1392 1492 579 1192 751 0 0 0 0 0 0 0 0 0
1061 1374 387 277 1487 443 1549 0 0 0 0 0 0 0 0
1073 47 1049 1413 387 313 387 1245 1049 0 0 0 0 0 0
1366 47 1065 346 444 779 860 0 0 0 0 0 0 0 0
1073 47 1049 1413 387 313 387 1245 1049 0 0 0 0 0 0
1371 1192 1473 778 196 962 387 313 1355 0 0 0 0 0 0
1371 1192 1473 778 196 962 387 313 1355 0 0 0 0 0 0
171 533 1062 1080 1192 751 0 0 0 0 0 0 0 0 0
466 47 1627 1190 270 0 0 0 0 0 0 0 0 0 0
430 489 1192 536 976 514 444 0 0 0 0 0 0 0 0
1061 1374 387 277 1487 443 1549 0 0 0 0 0 0 0 0
1378 1192 608 1081 444 177 387 0 0 0 0 0 0 0 0
1020 47 39 1392 860 1432 47 0 0 0 0 0 0 0 0
1133 533 1328 1279 579 0 0 0 0 0 0 0 0 0 0
1133 533 1328 1279 579 0 0 0 0 0 0 0 0 0 0
1476 47 782 416 1104 1488 1286 0 0 0 0 0 0 0 0
779 47 1049 774 420 72 666 231 1192 0 0 0 0 0 0
1133 533 1328 1279 579 0 0 0 0 0 0 0 0 0 0
1371 1192 1473 778 196 962 387 313 1355 0 0 0 0 0 0
540 1049 976 860 880 1140 66 0 0 0 0 0 0 0 0
1525 1049 976 860 311 72 47 762 902 47 0 0 0 0 0
795 778 700 1190 102 0 0 0 0 0 0 0 0 0 0
1020 47 39 1392 860 1432 47 0 0 0 0 0 0 0 0
1476 47 782 416 1104 1488 1286 0 0 0 0 0 0 0 0
1133 533 1328 1279 579 0 0 0 0 0 0 0 0 0 0
1476 47 244 1473 444 779 1572 0 0 0 0 0 0 0 0
766 1392 608 348 778 1610 1079 1049 0 0 0 0 0 0 0
1371 1192 1605 444 90 0 0 0 0 0 0 0 0 0 0
72 1392 860 1473 1192 1205 906 47 173 962 0 0 0 0 0
1020 47 39 1392 860 1432 47 0 0 0 0 0 0 0 0
1114 1286 1457 1049 1016 860 0 0 0 0 0 0 0 0 0
779 47 1049 774 420 72 666 231 1192 0 0 0 0 0 0
810 1192 804 1412 401 778 1097 443 1549 0 0 0 0 0 0
1525 37 739 1049 1240 796 444 387 1345 962 0 0 0 0 0
1020 47 39 1392 860 1432 47 0 0 0 0 0 0 0 0
1432 1412 140 163 880 1140 66 0 0 0 0 0 0 0 0
1432 1412 450 802 1137 582 443 0 0 0 0 0 0 0 0
430 489 1192 536 976 514 444 0 0 0 0 0 0 0 0
1378 1192 608 1081 444 177 387 0 0 0 0 0 0 0 0
540 1049 976 860 880 1140 66 0 0 0 0 0 0 0 0
1371 1192 1605 444 90 0 0 0 0 0 0 0 0 0 0
312 1192 1085 778 976 1492 0 0 0 0 0 0 0 0 0
1371 1192 1605 444 90 0 0 0 0 0 0 0 0 0 0
1073 47 1049 1413 387 313 387 1245 1049 0 0 0 0 0 0
1073 47 1049 1413 387 313 387 1245 1049 0 0 0 0 0 0
540 778 725 387 313 387 0 0 0 0 0 0 0 0 0
1378 1192 608 1081 444 177 387 0 0 0 0 0 0 0 0
1020 47 39 1392 860 1432 47 0 0 0 0 0 0 0 0
1133 533 1328 1279 579 0 0 0 0 0 0 0 0 0 0
1020 47 39 1392 860 1432 47 0 0 0 0 0 0 0 0
1371 1192 1605 444 90 0 0 0 0 0 0 0 0 0 0
1476 47 782 416 1104 1488 1286 0 0 0 0 0 0 0 0
1073 47 1049 1413 387 313 387 1245 1049 0 0 0 0 0 0
1378 1192 608 1081 444 177 387 0 0 0 0 0 0 0 0
456 1286 466 533 69 1190 0 0 0 0 0 0 0 0 0
540 1049 976 860 880 1140 66 0 0 0 0 0 0 0 0
1371 1192 1605 444 90 0 0 0 0 0 0 0 0 0 0
1278 1509 833 1412 555 977 1330 0 0 0 0 0 0 0 0
1371 1192 1473 778 196 962 387 313 1355 0 0 0 0 0 0
872 1612 1277 1377 631 47 305 0 0 0 0 0 0 0 0
1278 1509 833 1412 555 977 1330 0 0 0 0 0 0 0 0
1371 1192 1605 444 90 0 0 0 0 0 0 0 0 0 0
1114 1286 1457 1049 1016 860 0 0 0 0 0 0 0 0 0
456 1286 466 533 69 1190 0 0 0 0 0 0 0 0 0
1114 1286 1457 1049 1016 860 0 0 0 0 0 0 0 0 0
1073 47 1049 1413 387 313 387 1245 1049 0 0 0 0 0 0
1020 47 39 1392 860 1432 47 0 0 0 0 0 0 0 0
72 1392 860 1473 1192 1205 906 47 173 962 0 0 0 0 0
1073 47 1049 1413 387 313 387 1245 1049 0 0 0 0 0 0
312 1192 1085 778 976 1492 0 0 0 0 0 0 0 0 0
1476 47 782 416 1104 1488 1286 0 0 0 0 0 0 0 0
1245 1049 490 47 1363 387 1345 962 0 0 0 0 0 0 0
872 1612 1277 1377 631 47 305 0 0 0 0 0 0 0 0
1371 1192 1605 444 90 0 0 0 0 0 0 0 0 0 0
1432 1412 140 163 880 1140 66 0 0 0 0 0 0 0 0
810 1192 804 1412 401 778 1097 443 1549 0 0 0 0 0 0
312 1192 1085 778 976 1492 0 0 0 0 0 0 0 0 0
1525 1049 976 860 311 72 47 762 902 47 0 0 0 0 0
1432 1412 140 163 880 1140 66 0 0 0 0 0 0 0 0
312 1192 1085 778 976 1492 0 0 0 0 0 0 0 0 0
1278 1509 833 1412 555 977 1330 0 0 0 0 0 0 0 0
1432 1412 450 802 1137 582 443 0 0 0 0 0 0 0 0
1371 1192 1605 444 90 0 0 0 0 0 0 0 0 0 0
614 387 814 66 0 0 0 0 0 0 0 0 0 0 0
1073 47 1049 1413 387 313 387 1245 1049 0 0 0 0 0 0
1371 1192 1605 444 90 0 0 0 0 0 0 0 0 0 0
1020 47 39 1392 860 1432 47 0 0 0 0 0 0 0 0
1245 1049 490 47 1363 387 1345 962 0 0 0 0 0 0 0
1478 631 1632 444 827 387 0 0 0 0 0 0 0 0 0
779 47 1049 774 420 72 666 231 1192 0 0 0 0 0 0
312 1192 1591 778 102 0 0 0 0 0 0 0 0 0 0
1475 47 1141 778 1487 443 1549 0 0 0 0 0 0 0 0
1371 1192 1473 778 196 962 387 313 1355 0 0 0 0 0 0
1089 1192 72 1492 1492 0 0 0 0 0 0 0 0 0 0
779 47 1049 774 420 72 666 231 1192 0 0 0 0 0 0
1432 1412 140 163 880 1140 66 0 0 0 0 0 0 0 0
171 533 1062 1080 1192 751 0 0 0 0 0 0 0 0 0
1073 47 1049 1413 387 313 387 1245 1049 0 0 0 0 0 0
430 489 1192 536 976 514 444 0 0 0 0 0 0 0 0
1371 1192 1473 778 196 962 387 313 1355 0 0 0 0 0 0
779 47 1049 774 420 72 666 231 1192 0 0 0 0 0 0
779 47 1049 774 420 72 666 231 1192 0 0 0 0 0 0
872 1612 1277 1377 631 47 305 0 0 0 0 0 0 0 0
1114 1286 1457 1049 1016 860 0 0 0 0 0 0 0 0 0
1089 1192 72 1492 1492 0 0 0 0 0 0 0 0 0 0
766 1392 608 348 778 1610 1079 1049 0 0 0 0 0 0 0
1089 1192 72 1492 1492 0 0 0 0 0 0 0 0 0 0
779 47 1049 774 420 72 666 231 1192 0 0 0 0 0 0
936 1392 561 1103 47 988 443 0 0 0 0 0 0 0 0
1432 1412 450 802 1137 582 443 0 0 0 0 0 0 0 0
1478 631 1632 444 827 387 0 0 0 0 0 0 0 0 0
1366 47 1065 346 444 779 860 0 0 0 0 0 0 0 0
1476 47 782 416 1104 1488 1286 0 0 0 0 0 0 0 0
1432 1412 140 163 880 1140 66 0 0 0 0 0 0 0 0
779 47 1049 774 420 72 666 231 1192 0 0 0 0 0 0
1476 47 782 416 1104 1488 1286 0 0 0 0 0 0 0 0
1476 47 782 416 1104 1488 1286 0 0 0 0 0 0 0 0
1020 47 39 1392 860 1432 47 0 0 0 0 0 0 0 0
1555 608 287 444 779 1190 1479 443 0 0 0 0 0 0 0
810 1192 804 1412 401 778 1097 443 1549 0 0 0 0 0 0
312 1192 1085 778 1434 432 1549 0 0 0 0 0 0 0 0
1073 47 1049 1413 387 313 387 1245 1049 0 0 0 0 0 0
1378 1192 608 1081 444 177 387 0 0 0 0 0 0 0 0
1020 47 39 1392 860 1432 47 0 0 0 0 0 0 0 0
1366 47 1065 346 444 779 860 0 0 0 0 0 0 0 0
1371 1192 1605 444 90 0 0 0 0 0 0 0 0 0 0
449 533 1358 47 976 1461 0 0 0 0 0 0 0 0 0
872 1612 1277 1377 631 47 305 0 0 0 0 0 0 0 0
1061 1374 387 277 1487 443 1549 0 0 0 0 0 0 0 0
810 1192 804 1412 401 778 1097 443 1549 0 0 0 0 0 0
1020 47 39 1392 860 1432 47 0 0 0 0 0 0 0 0
449 533 1358 47 976 1461 0 0 0 0 0 0 0 0 0
1278 1509 833 1412 555 977 1330 0 0 0 0 0 0 0 0
540 1049 976 860 880 1140 66 0 0 0 0 0 0 0 0
456 1286 466 533 69 1190 0 0 0 0 0 0 0 0 0
872 1612 1277 1377 631 47 305 0 0 0 0 0 0 0 0
1476 47 782 416 1104 1488 1286 0 0 0 0 0 0 0 0
779 47 1049 774 420 72 666 231 1192 0 0 0 0 0 0
85 1192 26 1196 444 976 0 0 0 0 0 0 0 0 0
1089 1192 72 1492 1492 0 0 0 0 0 0 0 0 0 0
1432 1412 450 802 1137 582 443 0 0 0 0 0 0 0 0
1114 1286 1457 1049 1016 860 0 0 0 0 0 0 0 0 0
1073 47 1049 1413 387 313 387 1245 1049 0 0 0 0 0 0
14 416 823 47 869 387 191 234 0 0 0 0 0 0 0
1525 1049 976 860 311 72 47 762 902 47 0 0 0 0 0
1378 1192 608 1081 444 177 387 0 0 0 0 0 0 0 0
1476 47 782 416 1104 1488 1286 0 0 0 0 0 0 0 0
14 416 823 47 869 387 191 234 0 0 0 0 0 0 0
1525 1140 444 1491 72 56 1392 1190 270 0 0 0 0 0 0
1089 1192 72 1492 1492 0 0 0 0 0 0 0 0 0 0
779 47 1049 774 420 72 666 231 1192 0 0 0 0 0 0
312 1192 1591 778 102 0 0 0 0 0 0 0 0 0 0
1555 608 287 444 779 1190 1479 443 0 0 0 0 0 0 0
1371 1192 1473 778 196 962 387 313 1355 0 0 0 0 0 0
1245 1049 490 47 1363 387 1345 962 0 0 0 0 0 0 0
1371 1192 1473 778 196 962 387 313 1355 0 0 0 0 0 0
1378 1192 608 1081 444 177 387 0 0 0 0 0 0 0 0
312 1192 1591 778 102 0 0 0 0 0 0 0 0 0 0
1555 608 287 444 779 1190 1479 443 0 0 0 0 0 0 0
1475 47 1141 778 1487 443 1549 0 0 0 0 0 0 0 0
779 47 1049 774 420 72 666 231 1192 0 0 0 0 0 0
1590 444 506 47 86 1443 0 0 0 0 0 0 0 0 0
456 1286 466 533 69 1190 0 0 0 0 0 0 0 0 0
72 1392 860 1473 1192 1205 906 47 173 962 0 0 0 0 0
1590 444 506 47 86 1443 0 0 0 0 0 0 0 0 0
1378 1192 608 1081 387 1345 962 0 0 0 0 0 0 0 0
1476 1192 1009 778 976 1492 0 0 0 0 0 0 0 0 0
779 47 1049 774 420 72 666 231 1192 0 0 0 0 0 0
1073 47 1049 1413 387 313 387 1245 1049 0 0 0 0 0 0
14 416 823 47 869 387 191 234 0 0 0 0 0 0 0
312 1192 1632 444 1164 387 711 0 0 0 0 0 0 0 0
14 416 823 47 869 387 191 234 0 0 0 0 0 0 0
1476 47 782 416 1104 1488 1286 0 0 0 0 0 0 0 0
312 1192 1591 778 102 0 0 0 0 0 0 0 0 0 0
1432 1412 140 163 880 1140 66 0 0 0 0 0 0 0 0
1371 1192 1473 778 196 962 387 313 1355 0 0 0 0 0 0
779 47 1049 774 420 72 666 231 1192 0 0 0 0 0 0
872 1612 1277 1377 631 47 305 0 0 0 0 0 0 0 0
1371 1192 1605 444 90 0 0 0 0 0 0 0 0 0 0
1061 1374 387 277 1487 443 1549 0 0 0 0 0 0 0 0
1245 1049 490 47 1363 387 1345 962 0 0 0 0 0 0 0
430 489 1192 536 976 514 444 0 0 0 0 0 0 0 0
1371 1192 1473 778 196 962 387 313 1355 0 0 0 0 0 0
872 1612 1277 1377 631 47 305 0 0 0 0 0 0 0 0
1378 1192 608 1081 444 177 387 0 0 0 0 0 0 0 0
312 1192 1591 778 102 0 0 0 0 0 0 0 0 0 0
1525 1049 976 860 311 72 47 762 902 47 0 0 0 0 0
1371 1192 1605 444 90 0 0 0 0 0 0 0 0 0 0
540 1192 72 778 599 457 0 0 0 0 0 0 0 0 0
1475 47 1141 778 1487 443 1549 0 0 0 0 0 0 0 0
1020 47 39 1392 860 1432 47 0 0 0 0 0 0 0 0
1432 1412 450 802 1137 582 443 0 0 0 0 0 0 0 0
72 1392 860 1473 1192 1205 906 47 173 962 0 0 0 0 0
1476 47 782 416 1104 1488 1286 0 0 0 0 0 0 0 0
1089 1192 72 1492 1492 0 0 0 0 0 0 0 0 0 0
872 1612 1277 1377 631 47 305 0 0 0 0 0 0 0 0
1555 608 287 444 779 1190 1479 443 0 0 0 0 0 0 0
1073 47 1049 1413 387 313 387 1245 1049 0 0 0 0 0 0
1432 1412 450 802 1137 582 443 0 0 0 0 0 0 0 0
1511 778 1278 751 0 0 0 0 0 0 0 0 0 0 0
456 1286 466 533 69 1190 0 0 0 0 0 0 0 0 0
1476 47 782 416 1104 1488 1286 0 0 0 0 0 0 0 0
1366 47 1065 346 444 779 860 0 0 0 0 0 0 0 0
766 1392 608 348 778 1610 1079 1049 0 0 0 0 0 0 0
1634 537 343 1064 1049 0 0 0 0 0 0 0 0 0 0
312 1192 1085 778 976 1492 0 0 0 0 0 0 0 0 0
1371 1192 707 1192 1036 1209 533 72 778 0 0 0 0 0 0
449 533 1358 47 976 1461 0 0 0 0 0 0 0 0 0
766 1392 608 348 778 1610 1079 1049 0 0 0 0 0 0 0
1133 533 1328 1279 579 0 0 0 0 0 0 0 0 0 0
312 1192 1085 778 976 1492 0 0 0 0 0 0 0 0 0
449 533 1358 47 976 1461 0 0 0 0 0 0 0 0 0
171 533 1062 1080 1192 751 0 0 0 0 0 0 0 0 0
1073 47 1049 1413 387 313 387 1245 1049 0 0 0 0 0 0
456 1286 466 533 69 1190 0 0 0 0 0 0 0 0 0
449 533 1358 47 976 1461 0 0 0 0 0 0 0 0 0
540 47 244 1473 444 779 1392 0 0 0 0 0 0 0 0
312 1192 1141 778 1183 778 533 594 444 0 0 0 0 0 0
312 1192 1591 778 102 0 0 0 0 0 0 0 0 0 0
872 1612 1277 1377 631 47 305 0 0 0 0 0 0 0 0
1366 47 1065 346 444 779 860 0 0 0 0 0 0 0 0
456 1286 466 533 69 1190 0 0 0 0 0 0 0 0 0
85 1192 26 1196 444 976 0 0 0 0 0 0 0 0 0
779 47 1049 774 420 72 666 231 1192 0 0 0 0 0 0
540 1049 976 860 880 1140 66 0 0 0 0 0 0 0 0
1432 1412 450 802 1137 582 443 0 0 0 0 0 0 0 0
312 1192 1591 778 102 0 0 0 0 0 0 0 0 0 0
449 533 1358 47 976 1461 0 0 0 0 0 0 0 0 0
1278 1509 833 1412 555 977 1330 0 0 0 0 0 0 0 0
1371 1192 1605 444 90 0 0 0 0 0 0 0 0 0 0
312 1192 1591 778 102 0 0 0 0 0 0 0 0 0 0
1073 47 1049 1413 387 313 387 1245 1049 0 0 0 0 0 0
1378 1192 608 1081 444 177 387 0 0 0 0 0 0 0 0
1371 1192 1605 444 90 0 0 0 0 0 0 0 0 0 0
1476 47 782 416 1104 1488 1286 0 0 0 0 0 0 0 0
430 489 1192 536 976 514 444 0 0 0 0 0 0 0 0
430 489 1192 536 976 514 444 0 0 0 0 0 0 0 0
1476 1192 1009 778 976 1492 0 0 0 0 0 0 0 0 0
449 533 1358 47 976 1461 0 0 0 0 0 0 0 0 0
872 1612 1277 1377 631 47 305 0 0 0 0 0 0 0 0
1476 47 782 416 1104 1488 1286 0 0 0 0 0 0 0 0
430 489 1192 536 976 514 444 0 0 0 0 0 0 0 0
1476 47 782 416 1104 1488 1286 0 0 0 0 0 0 0 0
312 1192 1591 778 102 0 0 0 0 0 0 0 0 0 0
449 533 1358 47 976 1461 0 0 0 0 0 0 0 0 0
810 1192 804 1412 401 778 1097 443 1549 0 0 0 0 0 0
810 1192 804 1412 401 778 1097 443 1549 0 0 0 0 0 0
1371 1192 1473 778 196 962 387 313 1355 0 0 0 0 0 0
1476 47 782 416 1104 1488 1286 0 0 0 0 0 0 0 0
1020 47 39 1392 860 1432 47 0 0 0 0 0 0 0 0
430 489 1192 536 976 514 444 0 0 0 0 0 0 0 0
171 533 1062 1080 1192 751 0 0 0 0 0 0 0 0 0
1476 47 782 416 1104 1488 1286 0 0 0 0 0 0 0 0
1089 1192 72 1492 1492 0 0 0 0 0 0 0 0 0 0
72 1392 860 1478 72 47 1049 913 387 0 0 0 0 0 0
1432 1412 450 802 1137 582 443 0 0 0 0 0 0 0 0
1378 1192 608 1081 444 177 387 0 0 0 0 0 0 0 0
1371 1192 1605 444 90 0 0 0 0 0 0 0 0 0 0
1089 1192 72 1492 1492 0 0 0 0 0 0 0 0 0 0
85 1192 26 1196 444 976 0 0 0 0 0 0 0 0 0
1476 47 782 416 1104 1488 1286 0 0 0 0 0 0 0 0
1371 1192 1473 778 196 962 387 313 1355 0 0 0 0 0 0
1366 47 1065 346 444 779 1192 0 0 0 0 0 0 0 0
1371 1192 1605 444 90 0 0 0 0 0 0 0 0 0 0
1371 1192 1605 444 90 0 0 0 0 0 0 0 0 0 0
14 416 823 47 869 387 191 234 0 0 0 0 0 0 0
1020 47 39 1392 860 1432 47 0 0 0 0 0 0 0 0
312 1192 1591 778 102 0 0 0 0 0 0 0 0 0 0
1525 1049 976 860 311 72 47 762 902 47 0 0 0 0 0
1476 47 782 416 1104 1488 1286 0 0 0 0 0 0 0 0
430 489 1192 536 976 514 444 0 0 0 0 0 0 0 0
1020 47 39 1392 860 1432 47 0 0 0 0 0 0 0 0
85 1192 26 1196 444 976 0 0 0 0 0 0 0 0 0
430 489 1192 536 976 514 444 0 0 0 0 0 0 0 0
1476 47 782 416 1104 1488 1286 0 0 0 0 0 0 0 0
1278 1509 833 1412 555 977 1330 0 0 0 0 0 0 0 0
1371 1192 1473 778 196 962 387 313 1355 0 0 0 0 0 0
1432 1412 140 163 880 1140 66 0 0 0 0 0 0 0 0
