817 444 976 457 1049 1043 387 313 387 0 0 0 0 0 0
1214 1190 1197 91 1222 728 0 0 0 0 0 0 0 0 0
1214 1190 1197 91 1222 728 0 0 0 0 0 0 0 0 0
1341 1192 189 1412 421 635 444 0 0 0 0 0 0 0 0
1371 1192 319 778 1336 387 0 0 0 0 0 0 0 0 0
161 1049 984 1277 1190 1479 1355 0 0 0 0 0 0 0 0
922 737 47 761 444 1334 1277 0 0 0 0 0 0 0 0
241 47 1049 1491 165 1412 906 769 1573 443 0 0 0 0 0
835 1412 1174 151 1017 860 0 0 0 0 0 0 0 0 0
330 387 209 1049 935 745 778 0 0 0 0 0 0 0 0
81 1192 642 533 241 444 0 0 0 0 0 0 0 0 0
606 47 421 1192 533 1134 1485 66 0 0 0 0 0 0 0
1297 778 749 47 869 387 450 0 0 0 0 0 0 0 0
819 1192 1460 47 354 416 0 0 0 0 0 0 0 0 0
196 444 620 387 211 47 1399 443 1549 0 0 0 0 0 0
1604 778 1462 444 1318 1412 773 387 792 0 0 0 0 0 0
1115 1412 60 151 1192 1138 0 0 0 0 0 0 0 0 0
1115 1412 60 151 1192 1138 0 0 0 0 0 0 0 0 0
1526 387 1278 1412 777 1528 179 984 0 0 0 0 0 0 0
1214 1190 1197 91 1222 728 0 0 0 0 0 0 0 0 0
819 1192 1460 47 354 416 0 0 0 0 0 0 0 0 0
241 47 1049 1491 165 1412 906 769 1573 443 0 0 0 0 0
487 1392 642 778 1340 0 0 0 0 0 0 0 0 0 0
962 387 1532 1192 738 1278 1277 525 444 0 0 0 0 0 0
330 387 209 1049 935 745 778 0 0 0 0 0 0 0 0
922 737 47 761 444 1334 1277 0 0 0 0 0 0 0 0
1498 1392 1468 1412 1240 387 1309 0 0 0 0 0 0 0 0
330 387 209 1049 935 745 778 0 0 0 0 0 0 0 0
196 444 620 387 211 47 1399 443 1549 0 0 0 0 0 0
819 1192 1460 47 354 416 0 0 0 0 0 0 0 0 0
330 387 209 1049 935 745 778 0 0 0 0 0 0 0 0
922 737 47 761 444 1334 1277 0 0 0 0 0 0 0 0
922 737 47 761 444 1334 1277 1190 1479 1355 0 0 0 0 0
161 1049 984 1277 1190 1479 1355 0 0 0 0 0 0 0 0
1567 1192 1473 778 196 1286 482 0 0 0 0 0 0 0 0
633 1190 742 977 417 1336 387 0 0 0 0 0 0 0 0
1498 1392 1468 1412 1240 387 1309 0 0 0 0 0 0 0 0
1567 1192 1473 778 196 1286 482 0 0 0 0 0 0 0 0
1567 1192 1473 778 196 1286 482 0 0 0 0 0 0 0 0
716 1049 248 387 1370 1612 1190 1479 443 0 0 0 0 0 0
106 47 1502 47 1260 1412 1390 30 37 0 0 0 0 0 0
1393 151 236 1412 817 962 0 0 0 0 0 0 0 0 0
1526 387 1278 1412 777 1528 179 0 0 0 0 0 0 0 0
209 860 1491 165 1412 906 769 1573 443 0 0 0 0 0 0
606 47 1327 387 1489 1412 421 1192 1245 1540 126 0 0 0 0
852 47 608 369 778 471 977 1518 1412 0 0 0 0 0 0
1567 1192 1473 778 196 1286 482 0 0 0 0 0 0 0 0
87 148 533 362 1049 77 962 0 0 0 0 0 0 0 0
81 1192 642 533 241 444 0 0 0 0 0 0 0 0 0
1214 1190 1197 91 1222 728 0 0 0 0 0 0 0 0 0
1489 1049 672 630 778 421 635 444 0 0 0 0 0 0 0
1115 1412 60 151 1192 1138 0 0 0 0 0 0 0 0 0
601 1392 183 1049 913 906 1573 387 313 387 0 0 0 0 0
1061 1374 387 277 358 787 179 0 0 0 0 0 0 0 0
1214 1190 1197 91 1222 728 0 0 0 0 0 0 0 0 0
1393 151 236 1412 817 962 0 0 0 0 0 0 0 0 0
606 47 421 1192 533 1134 1485 66 0 0 0 0 0 0 0
922 737 47 761 444 1334 1277 0 0 0 0 0 0 0 0
1604 778 1462 444 1318 1412 773 387 792 0 0 0 0 0 0
819 1192 1460 47 354 416 0 0 0 0 0 0 0 0 0
1526 387 1278 1412 777 1528 179 0 0 0 0 0 0 0 0
736 444 471 977 1 1392 780 47 0 0 0 0 0 0 0
912 1116 1192 646 533 1148 66 0 0 0 0 0 0 0 0
962 387 1532 1192 738 1278 1277 525 444 0 0 0 0 0 0
282 444 1343 521 422 1194 1190 533 1479 443 0 0 0 0 0
161 1049 984 1277 1190 1479 1355 0 0 0 0 0 0 0 0
1604 778 1462 444 1318 1412 773 387 792 0 0 0 0 0 0
196 444 620 387 211 47 1399 443 1549 0 0 0 0 0 0
912 1116 1192 646 533 1148 66 0 0 0 0 0 0 0 0
1305 778 632 841 1515 387 84 0 0 0 0 0 0 0 0
1305 778 632 841 1515 387 84 0 0 0 0 0 0 0 0
106 47 1502 47 1260 1412 1390 30 37 0 0 0 0 0 0
1526 387 1278 1412 777 1528 179 0 0 0 0 0 0 0 0
1342 1572 1192 927 1412 772 1192 1277 0 0 0 0 0 0 0
962 387 1532 1192 738 1278 1277 525 444 0 0 0 0 0 0
922 737 47 761 444 1334 1277 0 0 0 0 0 0 0 0
819 1192 1460 47 354 416 0 0 0 0 0 0 0 0 0
984 1597 1535 1192 1073 66 0 0 0 0 0 0 0 0 0
312 37 61 1192 108 1412 0 0 0 0 0 0 0 0 0
659 1192 495 533 362 1049 913 906 1573 387 313 387 0 0 0
1061 1374 387 277 1487 443 1549 0 0 0 0 0 0 0 0
1115 1412 60 151 1192 1138 0 0 0 0 0 0 0 0 0
1371 1192 319 778 1336 387 0 0 0 0 0 0 0 0 0
108 1412 1174 151 1017 860 0 0 0 0 0 0 0 0 0
1567 1192 1473 778 196 1286 482 0 0 0 0 0 0 0 0
108 1412 215 794 444 783 443 1549 0 0 0 0 0 0 0
487 1392 642 778 1340 0 0 0 0 0 0 0 0 0 0
819 1192 1460 47 354 416 0 0 0 0 0 0 0 0 0
108 444 313 387 2 444 1379 534 0 0 0 0 0 0 0
1567 1192 1473 778 196 1286 482 0 0 0 0 0 0 0 0
108 1412 215 794 444 783 443 1549 0 0 0 0 0 0 0
1571 1190 1122 444 1107 962 387 473 0 0 0 0 0 0 0
1498 1392 1468 1412 1240 387 1309 0 0 0 0 0 0 0 0
81 1192 642 533 241 444 0 0 0 0 0 0 0 0 0
1489 1049 672 630 778 421 635 444 0 0 0 0 0 0 0
1567 1192 1473 778 196 1286 482 0 0 0 0 0 0 0 0
962 387 1532 1192 738 1278 1277 525 444 0 0 0 0 0 0
209 860 802 1080 1192 1481 1476 0 0 0 0 0 0 0 0
922 737 47 761 444 1334 1277 0 0 0 0 0 0 0 0
962 387 1532 1192 738 1278 1277 525 444 0 0 0 0 0 0
1371 1192 1385 444 759 387 451 0 0 0 0 0 0 0 0
922 737 47 761 444 1334 1277 0 0 0 0 0 0 0 0
1371 1192 1385 444 759 387 451 0 0 0 0 0 0 0 0
606 47 421 1192 533 1134 1485 66 0 0 0 0 0 0 0
1297 778 749 47 869 387 450 0 0 0 0 0 0 0 0
1115 1412 60 151 1192 1138 0 0 0 0 0 0 0 0 0
1371 1192 319 778 1336 387 0 0 0 0 0 0 0 0 0
1297 778 749 47 869 387 450 0 0 0 0 0 0 0 0
1214 1190 1197 91 1222 728 0 0 0 0 0 0 0 0 0
976 860 241 1412 1379 443 0 0 0 0 0 0 0 0 0
1115 1412 60 151 1192 1138 0 0 0 0 0 0 0 0 0
1214 1190 1197 91 1222 728 0 0 0 0 0 0 0 0 0
912 1116 1192 646 533 1148 66 0 0 0 0 0 0 0 0
648 689 47 1283 444 1211 1573 840 0 0 0 0 0 0 0
819 1192 1460 47 354 416 0 0 0 0 0 0 0 0 0
1297 778 749 47 869 387 450 0 0 0 0 0 0 0 0
81 1192 642 533 241 444 0 0 0 0 0 0 0 0 0
922 737 47 761 444 1334 1277 0 0 0 0 0 0 0 0
108 1412 215 794 444 783 443 1549 0 0 0 0 0 0 0
819 1192 1460 47 354 416 0 0 0 0 0 0 0 0 0
1241 1192 1073 714 958 1392 1190 1479 443 0 0 0 0 0 0
1498 1392 1468 1412 1240 387 1309 0 0 0 0 0 0 0 0
1604 778 1462 444 1318 1412 773 387 792 0 0 0 0 0 0
922 737 47 761 444 1334 1277 0 0 0 0 0 0 0 0
962 387 1532 1192 738 1278 1277 525 444 0 0 0 0 0 0
659 1192 495 533 362 1049 913 906 1573 387 313 387 0 0 0
835 1412 1174 151 1017 860 0 0 0 0 0 0 0 0 0
282 444 1343 521 422 1194 1190 533 1479 443 0 0 0 0 0
1567 1192 1473 778 196 1286 482 0 0 0 0 0 0 0 0
962 387 1532 1192 738 1278 1277 525 444 0 0 0 0 0 0
108 444 313 387 2 444 1379 534 0 0 0 0 0 0 0
659 1192 495 533 362 1049 913 906 1573 387 313 387 0 0 0
1115 1412 60 151 1192 1138 0 0 0 0 0 0 0 0 0
1604 778 1462 444 1318 1412 773 387 792 0 0 0 0 0 0
922 737 47 761 444 1334 1277 0 0 0 0 0 0 0 0
1342 1572 1192 927 1412 772 1192 1277 0 0 0 0 0 0 0
161 1049 984 1277 1190 1479 1355 0 0 0 0 0 0 0 0
1385 1190 1543 444 89 906 1573 387 451 0 0 0 0 0 0
648 689 47 1283 444 1211 1573 840 0 0 0 0 0 0 0
282 444 1343 521 422 1194 1190 533 443 1549 0 0 0 0 0
659 1192 495 533 362 1049 913 906 1573 387 313 387 0 0 0
852 47 608 369 778 471 977 1518 1412 0 0 0 0 0 0
1393 151 236 1412 817 962 0 0 0 0 0 0 0 0 0
763 983 950 179 306 860 584 66 0 0 0 0 0 0 0
984 1597 1535 1192 1073 66 0 0 0 0 0 0 0 0 0
852 47 608 369 778 471 977 1518 1412 0 0 0 0 0 0
736 444 471 977 1 1392 780 47 0 0 0 0 0 0 0
1393 151 236 1412 817 962 0 0 0 0 0 0 0 0 0
1371 1192 1385 444 759 387 451 0 0 0 0 0 0 0 0
1305 778 632 841 1515 387 84 0 0 0 0 0 0 0 0
1305 778 632 841 1515 387 84 0 0 0 0 0 0 0 0
1342 1572 1192 927 1412 772 1192 1277 0 0 0 0 0 0 0
835 1412 1174 151 1017 860 0 0 0 0 0 0 0 0 0
1341 1192 189 1412 421 635 444 0 0 0 0 0 0 0 0
817 444 976 457 1049 1043 387 313 387 0 0 0 0 0 0
282 444 1343 521 422 1194 1190 533 1479 443 0 0 0 0 0
606 47 421 1192 533 1134 1485 66 0 0 0 0 0 0 0
763 983 950 179 306 860 584 66 0 0 0 0 0 0 0
41 444 1379 443 0 0 0 0 0 0 0 0 0 0 0
922 737 47 761 444 1334 1277 0 0 0 0 0 0 0 0
1297 778 749 47 869 387 450 0 0 0 0 0 0 0 0
487 1392 642 778 1340 0 0 0 0 0 0 0 0 0 0
209 860 802 1080 1192 1481 1476 1476 671 0 0 0 0 0 0
1404 778 87 778 533 1379 443 1549 0 0 0 0 0 0 0
852 47 608 369 778 471 977 1518 1412 0 0 0 0 0 0
487 1392 642 778 1340 0 0 0 0 0 0 0 0 0 0
1498 1392 1468 1412 1240 387 1309 0 0 0 0 0 0 0 0
962 387 1532 1192 738 1278 1277 525 444 0 0 0 0 0 0
196 444 620 387 211 47 1399 443 1549 0 0 0 0 0 0
487 1392 642 778 1340 0 0 0 0 0 0 0 0 0 0
1305 778 632 841 1515 387 84 0 0 0 0 0 0 0 0
736 444 471 977 1 1392 780 47 0 0 0 0 0 0 0
1214 1190 1197 91 1222 728 0 0 0 0 0 0 0 0 0
1571 1190 1122 444 1107 962 387 473 0 0 0 0 0 0 0
1393 151 236 1412 817 962 0 0 0 0 0 0 0 0 0
763 983 950 179 306 860 584 66 0 0 0 0 0 0 0
1498 1392 1468 1412 1240 387 1309 0 0 0 0 0 0 0 0
196 444 620 387 211 47 1399 443 1549 0 0 0 0 0 0
161 1049 984 1277 1190 1479 1355 0 0 0 0 0 0 0 0
1393 151 236 1412 817 962 0 0 0 0 0 0 0 0 0
282 444 1343 521 422 1194 1190 533 1479 443 0 0 0 0 0
1297 778 749 47 869 387 450 0 0 0 0 0 0 0 0
1115 1412 60 151 1192 1138 0 0 0 0 0 0 0 0 0
922 737 47 761 444 1334 1277 0 0 0 0 0 0 0 0
161 1049 984 1277 1190 1479 1355 0 0 0 0 0 0 0 0
241 47 1049 1491 165 1412 906 769 1573 443 1549 0 0 0 0
1371 1192 319 778 1336 387 0 0 0 0 0 0 0 0 0
922 737 47 761 444 1334 1277 0 0 0 0 0 0 0 0
912 1116 1192 646 533 1148 66 0 0 0 0 0 0 0 0
1567 1192 1473 778 196 1286 482 0 0 0 0 0 0 0 0
984 1597 1535 1192 1073 66 0 0 0 0 0 0 0 0 0
1463 1512 450 802 313 802 450 387 450 0 0 0 0 0 0
590 1473 875 642 1190 99 0 0 0 0 0 0 0 0 0
1214 1190 1197 91 1222 728 0 0 0 0 0 0 0 0 0
922 737 47 761 444 1334 1277 0 0 0 0 0 0 0 0
1341 1192 189 1412 421 635 444 0 0 0 0 0 0 0 0
161 1049 984 1277 1190 1479 1355 0 0 0 0 0 0 0 0
1214 1190 1197 91 1222 728 0 0 0 0 0 0 0 0 0
962 387 1532 1192 738 1278 1277 525 444 0 0 0 0 0 0
1371 1192 319 778 1336 387 0 0 0 0 0 0 0 0 0
1498 1392 1468 1412 1240 387 1309 0 0 0 0 0 0 0 0
1305 778 632 841 1515 387 84 0 0 0 0 0 0 0 0
1393 151 236 1412 817 962 0 0 0 0 0 0 0 0 0
819 1192 1460 47 354 416 0 0 0 0 0 0 0 0 0
763 983 950 179 306 860 584 66 0 0 0 0 0 0 0
1498 1392 1468 1412 1240 387 1309 0 0 0 0 0 0 0 0
161 1049 984 1277 1190 1479 1355 0 0 0 0 0 0 0 0
736 47 313 387 2 444 1379 534 0 0 0 0 0 0 0
922 737 47 761 444 1334 1277 0 0 0 0 0 0 0 0
241 47 1049 1491 165 1412 906 769 1573 443 1549 0 0 0 0
1498 1392 1468 1412 1240 387 1309 0 0 0 0 0 0 0 0
1214 1190 1197 91 1222 728 0 0 0 0 0 0 0 0 0
1526 387 1278 1412 777 1528 179 0 0 0 0 0 0 0 0
87 148 533 362 1049 77 962 0 0 0 0 0 0 0 0
1371 1192 1473 778 196 1286 482 0 0 0 0 0 0 0 0
1404 778 87 778 533 1379 443 1549 0 0 0 0 0 0 0
922 737 47 761 444 1334 1277 0 0 0 0 0 0 0 0
912 1116 1192 646 533 1148 66 0 0 0 0 0 0 0 0
1630 906 1573 387 1061 1374 387 443 0 0 0 0 0 0 0
487 1392 642 778 1340 0 0 0 0 0 0 0 0 0 0
912 1116 1192 646 533 1148 66 0 0 0 0 0 0 0 0
1604 778 1462 444 1318 1412 773 387 792 0 0 0 0 0 0
922 737 47 761 444 1334 1277 0 0 0 0 0 0 0 0
1342 1572 1192 927 1412 772 1192 1277 0 0 0 0 0 0 0
1489 1049 672 630 778 421 635 444 0 0 0 0 0 0 0
1604 778 1462 444 1318 1412 773 387 792 0 0 0 0 0 0
1371 1192 1385 444 759 387 451 0 0 0 0 0 0 0 0
962 387 1532 1192 738 1278 1277 525 444 0 0 0 0 0 0
81 1192 642 533 241 1049 1379 0 0 0 0 0 0 0 0
81 1192 642 533 241 444 0 0 0 0 0 0 0 0 0
659 1192 495 533 362 1049 913 906 1573 387 313 387 0 0 0
487 1392 642 778 1340 0 0 0 0 0 0 0 0 0 0
817 444 976 457 1049 1174 443 0 0 0 0 0 0 0 0
272 1192 319 444 0 0 0 0 0 0 0 0 0 0 0
984 1597 1535 1192 1073 66 0 0 0 0 0 0 0 0 0
962 387 1532 1192 738 1278 1277 525 444 0 0 0 0 0 0
487 1392 642 778 1340 0 0 0 0 0 0 0 0 0 0
161 1049 984 1277 1190 1479 1355 0 0 0 0 0 0 0 0
183 1412 674 495 47 789 1192 1476 1192 0 0 0 0 0 0
819 1192 1460 47 354 416 0 0 0 0 0 0 0 0 0
1393 151 236 1412 817 962 0 0 0 0 0 0 0 0 0
633 1190 742 977 417 1336 387 0 0 0 0 0 0 0 0
81 1192 642 533 241 444 0 0 0 0 0 0 0 0 0
961 962 802 125 387 711 860 1309 0 0 0 0 0 0 0
659 1192 495 533 362 1049 913 906 1573 387 313 387 0 0 0
108 1412 215 794 444 783 443 1549 0 0 0 0 0 0 0
1371 1192 1511 1408 1192 1481 1432 1481 0 0 0 0 0 0 0
1567 1192 1473 778 196 1286 482 0 0 0 0 0 0 0 0
1297 778 749 47 869 387 450 0 0 0 0 0 0 0 0
606 47 421 1192 533 1134 1485 66 0 0 0 0 0 0 0
282 444 1343 521 422 1194 1190 533 1479 443 0 0 0 0 0
1061 1374 387 277 1487 443 1549 0 0 0 0 0 0 0 0
1567 1192 1473 778 196 1286 482 0 0 0 0 0 0 0 0
852 47 608 369 778 471 977 1518 1412 0 0 0 0 0 0
472 47 193 47 1065 482 0 0 0 0 0 0 0 0 0
108 1412 215 794 444 783 443 1549 0 0 0 0 0 0 0
1498 1392 1468 1412 1240 387 1309 0 0 0 0 0 0 0 0
1305 778 632 841 1515 387 84 0 0 0 0 0 0 0 0
1498 1392 1468 1412 1240 387 1309 0 0 0 0 0 0 0 0
1571 1190 1122 444 1107 962 387 473 0 0 0 0 0 0 0
87 148 533 362 1049 77 962 0 0 0 0 0 0 0 0
736 444 471 977 1 1392 780 47 0 0 0 0 0 0 0
1371 1192 1385 444 759 387 451 0 0 0 0 0 0 0 0
1526 387 1278 1412 777 1528 179 0 0 0 0 0 0 0 0
669 778 1245 1540 126 1192 0 0 0 0 0 0 0 0 0
282 444 1343 521 422 1194 1190 533 1479 443 0 0 0 0 0
1214 1190 1197 91 1222 728 0 0 0 0 0 0 0 0 0
1371 1192 319 778 1336 387 0 0 0 0 0 0 0 0 0
984 1597 1535 1192 1073 66 0 0 0 0 0 0 0 0 0
1115 1412 60 151 1192 1138 0 0 0 0 0 0 0 0 0
817 444 976 457 1049 1043 387 313 387 0 0 0 0 0 0
282 444 1343 521 422 1194 1190 533 1479 443 0 0 0 0 0
962 387 1532 1192 738 1278 1277 525 444 0 0 0 0 0 0
763 983 950 179 306 860 584 66 0 0 0 0 0 0 0
633 1190 742 977 417 1336 387 0 0 0 0 0 0 0 0
183 1412 674 495 47 789 1192 1476 1192 0 0 0 0 0 0
1214 1190 1197 91 1222 728 0 0 0 0 0 0 0 0 0
922 737 47 761 444 1334 1277 0 0 0 0 0 0 0 0
852 47 608 369 778 471 977 1518 1412 0 0 0 0 0 0
312 37 61 1192 108 1412 0 0 0 0 0 0 0 0 0
1371 1192 1385 444 759 387 451 0 0 0 0 0 0 0 0
196 444 620 387 211 47 1399 443 1549 0 0 0 0 0 0
817 444 976 457 1049 1043 387 313 387 0 0 0 0 0 0
1571 1190 1122 444 1107 962 387 473 0 0 0 0 0 0 0
1476 1192 642 1190 270 977 99 0 0 0 0 0 0 0 0
659 1192 495 533 362 1049 913 906 1573 387 313 387 0 0 0
1571 1190 1122 444 1107 962 387 473 0 0 0 0 0 0 0
282 444 1343 521 422 1194 1190 533 1479 443 0 0 0 0 0
1214 1190 1197 91 1222 728 0 0 0 0 0 0 0 0 0
1305 778 632 841 1515 387 84 0 0 0 0 0 0 0 0
922 737 47 761 444 1334 1277 0 0 0 0 0 0 0 0
912 1116 1192 646 533 1148 66 0 0 0 0 0 0 0 0
633 1190 742 977 417 1336 387 0 0 0 0 0 0 0 0
736 444 471 977 1 1392 780 47 0 0 0 0 0 0 0
922 737 47 761 444 1334 1277 0 0 0 0 0 0 0 0
1571 1190 1122 444 1107 962 387 473 0 0 0 0 0 0 0
1371 1192 319 778 1336 387 0 0 0 0 0 0 0 0 0
1371 1192 319 778 1336 387 0 0 0 0 0 0 0 0 0
1393 151 236 1412 817 962 0 0 0 0 0 0 0 0 0
1404 778 87 778 533 1379 443 1549 0 0 0 0 0 0 0
1371 1192 1385 444 759 387 451 0 0 0 0 0 0 0 0
196 444 620 783 1458 1392 101 444 0 0 0 0 0 0 0
956 313 66 86 962 387 1489 1412 0 0 0 0 0 0 0
922 737 47 761 444 1334 1277 0 0 0 0 0 0 0 0
1630 906 1573 387 1061 1374 387 443 0 0 0 0 0 0 0
282 444 1343 521 422 1194 1190 533 1479 443 0 0 0 0 0
716 1049 248 387 1370 1612 1190 1479 443 0 0 0 0 0 0
1489 1049 672 630 778 421 635 444 0 0 0 0 0 0 0
601 1392 183 1049 913 906 1573 387 313 387 0 0 0 0 0
1604 778 1462 444 1318 1412 773 387 792 0 0 0 0 0 0
606 47 421 1192 533 1134 1485 66 0 0 0 0 0 0 0
852 47 608 369 778 471 977 1518 1412 0 0 0 0 0 0
922 737 47 761 444 1334 1277 0 0 0 0 0 0 0 0
1371 1192 1543 816 0 0 0 0 0 0 0 0 0 0 0
669 778 1245 1540 126 1192 0 0 0 0 0 0 0 0 0
1498 1392 1468 1412 1240 387 1309 0 0 0 0 0 0 0 0
1305 778 632 841 1515 387 84 0 0 0 0 0 0 0 0
87 148 533 362 1049 77 962 0 0 0 0 0 0 0 0
922 737 47 761 444 1334 1277 0 0 0 0 0 0 0 0
736 444 471 977 1 1392 780 47 0 0 0 0 0 0 0
736 444 471 977 1 1392 780 47 0 0 0 0 0 0 0
106 47 1502 47 1260 1412 1390 30 37 0 0 0 0 0 0
912 1116 1192 646 533 1148 66 0 0 0 0 0 0 0 0
1526 387 1278 1412 777 1528 179 0 0 0 0 0 0 0 0
1214 1190 1197 91 1222 728 0 0 0 0 0 0 0 0 0
1214 1190 1197 91 1222 728 0 0 0 0 0 0 0 0 0
1393 151 236 1412 817 962 0 0 0 0 0 0 0 0 0
87 148 533 362 1049 77 962 0 0 0 0 0 0 0 0
922 737 47 761 444 1334 1277 0 0 0 0 0 0 0 0
736 444 471 977 1 1392 780 47 0 0 0 0 0 0 0
1404 778 87 778 533 1379 443 1549 0 0 0 0 0 0 0
1498 1392 1468 1412 1240 387 1309 0 0 0 0 0 0 0 0
81 1192 642 533 241 444 0 0 0 0 0 0 0 0 0
487 1392 642 778 1340 0 0 0 0 0 0 0 0 0 0
1297 778 749 47 869 387 450 0 0 0 0 0 0 0 0
1371 1192 1543 816 0 0 0 0 0 0 0 0 0 0 0
1297 778 749 47 869 387 450 0 0 0 0 0 0 0 0
1526 387 1278 1412 777 1528 179 0 0 0 0 0 0 0 0
922 737 47 761 444 1334 1277 0 0 0 0 0 0 0 0
87 148 533 362 1049 77 962 0 0 0 0 0 0 0 0
1305 778 632 841 1515 387 84 0 0 0 0 0 0 0 0
487 1392 642 1192 642 0 0 0 0 0 0 0 0 0 0
1604 778 1462 444 1318 1412 773 387 792 0 0 0 0 0 0
1489 1049 672 630 778 421 635 444 0 0 0 0 0 0 0
1342 1572 1192 927 1412 772 1192 1277 0 0 0 0 0 0 0
487 1392 642 778 1340 0 0 0 0 0 0 0 0 0 0
922 737 47 761 444 1334 1277 0 0 0 0 0 0 0 0
819 1192 1460 47 354 416 0 0 0 0 0 0 0 0 0
736 444 471 977 1 1392 780 47 0 0 0 0 0 0 0
1214 1190 1197 91 1222 728 0 0 0 0 0 0 0 0 0
108 444 313 387 2 444 1379 534 0 0 0 0 0 0 0
1489 1049 672 630 778 421 635 444 0 0 0 0 0 0 0
1115 1412 60 151 1192 1138 0 0 0 0 0 0 0 0 0
659 1192 495 533 362 1049 913 906 1573 387 313 387 0 0 0
81 1192 642 533 241 444 0 0 0 0 0 0 0 0 0
87 148 533 362 1049 77 962 0 0 0 0 0 0 0 0
922 737 47 761 444 1334 1277 0 0 0 0 0 0 0 0
1297 778 749 47 869 387 450 0 0 0 0 0 0 0 0
161 1049 984 1277 1190 1479 1355 0 0 0 0 0 0 0 0
1604 778 1462 444 1318 1412 773 387 792 0 0 0 0 0 0
1571 1190 1122 444 1107 962 387 473 0 0 0 0 0 0 0
1476 1192 642 1190 270 977 99 0 0 0 0 0 0 0 0
81 1192 642 533 241 444 0 0 0 0 0 0 0 0 0
282 444 1343 521 422 1194 1190 533 1479 443 0 0 0 0 0
669 778 1245 1540 126 1192 0 0 0 0 0 0 0 0 0
1476 1192 642 1190 270 977 99 0 0 0 0 0 0 0 0
633 1190 742 977 417 1336 387 0 0 0 0 0 0 0 0
449 47 185 1190 1479 1042 1479 443 0 0 0 0 0 0 0
984 1597 1535 1192 1073 66 0 0 0 0 0 0 0 0 0
1214 1190 1197 91 1222 728 0 0 0 0 0 0 0 0 0
196 444 620 387 211 47 1399 443 1549 0 0 0 0 0 0
922 737 47 761 444 1334 1277 0 0 0 0 0 0 0 0
313 1549 1192 1146 444 912 958 1192 689 778 1479 443 0 0 0
487 1392 642 778 1340 0 0 0 0 0 0 0 0 0 0
922 737 47 761 444 1334 1277 0 0 0 0 0 0 0 0
648 689 47 1283 444 1211 1573 840 0 0 0 0 0 0 0
487 1392 642 1192 642 1190 1340 0 0 0 0 0 0 0 0
196 444 620 387 211 47 1399 443 1549 0 0 0 0 0 0
1571 1190 1122 444 1107 962 387 473 0 0 0 0 0 0 0
1489 1049 672 630 778 421 635 444 0 0 0 0 0 0 0
922 737 47 761 444 1334 1277 0 0 0 0 0 0 0 0
922 737 47 761 444 1334 1277 0 0 0 0 0 0 0 0
1526 387 1278 1412 777 1528 179 0 0 0 0 0 0 0 0
912 1116 1192 646 533 1148 66 0 0 0 0 0 0 0 0
1342 1572 1192 927 1412 772 1192 1277 0 0 0 0 0 0 0
922 737 47 761 444 1334 1277 0 0 0 0 0 0 0 0
716 1049 248 387 1370 1612 1190 1479 443 0 0 0 0 0 0
984 1597 1535 1192 1073 66 0 0 0 0 0 0 0 0 0
835 1412 1174 151 1017 860 0 0 0 0 0 0 0 0 0
1571 1190 1122 444 1107 962 387 473 0 0 0 0 0 0 0
1297 778 749 47 869 387 450 0 0 0 0 0 0 0 0
1214 1190 1197 91 1222 728 0 0 0 0 0 0 0 0 0
471 977 1 1392 780 47 0 0 0 0 0 0 0 0 0
1371 1192 1385 444 759 387 451 0 0 0 0 0 0 0 0
633 1190 742 977 417 1336 387 0 0 0 0 0 0 0 0
852 47 608 369 778 471 977 1518 1412 0 0 0 0 0 0
108 1412 215 794 444 783 443 1549 0 0 0 0 0 0 0
1115 1412 60 151 1192 1138 0 0 0 0 0 0 0 0 0
736 444 471 977 1 1392 780 47 0 0 0 0 0 0 0
736 444 471 977 1 1392 780 47 0 0 0 0 0 0 0
1567 1192 1473 778 196 1286 482 0 0 0 0 0 0 0 0
241 47 1049 1491 165 1412 906 769 1573 443 1549 0 0 0 0
487 1392 642 778 1340 0 0 0 0 0 0 0 0 0 0
183 1412 674 495 47 789 1192 1476 1192 0 0 0 0 0 0
108 444 313 387 2 444 1379 534 0 0 0 0 0 0 0
1214 1190 1197 91 1222 728 0 0 0 0 0 0 0 0 0
327 47 1327 387 313 387 940 1012 0 0 0 0 0 0 0
817 444 976 457 1049 1043 387 313 387 0 0 0 0 0 0
922 737 47 761 444 1334 1277 0 0 0 0 0 0 0 0
1604 778 1462 444 1318 1412 773 387 792 0 0 0 0 0 0
1498 1392 1468 1412 1240 387 1309 0 0 0 0 0 0 0 0
922 737 47 761 444 1334 1277 0 0 0 0 0 0 0 0
1061 1374 387 277 1487 443 1549 0 0 0 0 0 0 0 0
487 1392 642 778 1340 0 0 0 0 0 0 0 0 0 0
1297 778 749 47 869 387 450 0 0 0 0 0 0 0 0
984 1597 1535 1192 1073 66 0 0 0 0 0 0 0 0 0
659 1192 495 533 362 1049 913 906 1573 387 313 387 0 0 0
1476 1192 642 1190 270 977 99 0 0 0 0 0 0 0 0
1342 1572 1192 927 1412 772 1192 1277 0 0 0 0 0 0 0
1404 778 87 778 533 1379 443 1549 0 0 0 0 0 0 0
1393 151 236 1412 817 962 0 0 0 0 0 0 0 0 0
606 47 421 1192 533 1134 1485 66 0 0 0 0 0 0 0
1305 778 632 841 1515 387 84 0 0 0 0 0 0 0 0
1214 1190 1197 91 1222 728 0 0 0 0 0 0 0 0 0
1630 906 1573 387 1061 1374 387 443 0 0 0 0 0 0 0
1427 444 672 630 387 421 635 444 0 0 0 0 0 0 0
108 1412 1174 151 1017 860 0 0 0 0 0 0 0 0 0
196 444 620 387 211 47 1399 443 1549 0 0 0 0 0 0
1341 1192 189 1412 421 635 444 0 0 0 0 0 0 0 0
648 689 47 1283 444 1211 1573 840 0 0 0 0 0 0 0
1341 1192 189 1412 421 635 444 0 0 0 0 0 0 0 0
1371 1192 319 778 1336 387 0 0 0 0 0 0 0 0 0
922 737 47 761 444 1334 1277 0 0 0 0 0 0 0 0
108 444 313 387 2 444 1379 534 0 0 0 0 0 0 0
1385 1190 1543 444 89 906 1573 0 0 0 0 0 0 0 0
106 47 1502 47 1260 1412 1390 30 37 0 0 0 0 0 0
330 387 209 1049 935 745 778 0 0 0 0 0 0 0 0
183 1412 674 495 47 789 1192 1476 1192 0 0 0 0 0 0
282 444 1343 521 422 1194 1190 533 1479 443 0 0 0 0 0
472 47 193 47 1065 482 0 0 0 0 0 0 0 0 0
1489 444 125 1549 1192 66 444 463 1192 0 0 0 0 0 0
1393 151 236 1412 817 962 0 0 0 0 0 0 0 0 0
1498 1392 1468 1412 1240 387 1309 0 0 0 0 0 0 0 0
1049 1473 912 958 313 387 312 1412 0 0 0 0 0 0 0
1567 1192 1473 778 196 1286 482 0 0 0 0 0 0 0 0
1214 1190 1197 91 1222 728 0 0 0 0 0 0 0 0 0
108 444 313 387 2 444 1379 534 0 0 0 0 0 0 0
81 1192 642 533 241 444 0 0 0 0 0 0 0 0 0
327 47 1327 387 1198 387 940 1012 0 0 0 0 0 0 0
282 444 1343 521 422 1194 1190 533 1479 443 0 0 0 0 0
282 444 1343 521 422 1194 1190 533 1479 443 0 0 0 0 0
196 444 620 387 211 47 1399 443 1549 0 0 0 0 0 0
852 47 608 369 778 471 977 1518 1412 0 0 0 0 0 0
386 1049 1473 1412 421 1192 1049 1174 47 0 0 0 0 0 0
984 1597 1535 1192 1073 66 0 0 0 0 0 0 0 0 0
487 1392 642 778 1340 0 0 0 0 0 0 0 0 0 0
1404 778 87 778 533 1379 443 1549 0 0 0 0 0 0 0
1305 778 632 841 1515 387 84 0 0 0 0 0 0 0 0
1571 1190 1122 444 1107 962 387 473 0 0 0 0 0 0 0
922 737 47 761 444 1334 1277 0 0 0 0 0 0 0 0
196 444 620 387 211 47 1399 443 1549 0 0 0 0 0 0
912 1116 1192 646 533 1148 66 0 0 0 0 0 0 0 0
1567 1192 1473 778 196 1286 482 0 0 0 0 0 0 0 0
1489 1049 672 630 778 421 635 444 0 0 0 0 0 0 0
282 444 1343 521 422 1194 1190 533 1479 443 0 0 0 0 0
922 737 47 761 444 1334 1277 0 0 0 0 0 0 0 0
1371 1192 1385 444 759 387 451 0 0 0 0 0 0 0 0
1341 1192 189 1412 421 635 444 0 0 0 0 0 0 0 0
962 387 1532 1192 738 1278 1277 525 444 0 0 0 0 0 0
1297 778 749 47 869 387 450 0 0 0 0 0 0 0 0
1571 1190 1122 444 1107 962 387 473 0 0 0 0 0 0 0
1214 1190 1197 91 1222 728 0 0 0 0 0 0 0 0 0
1115 1412 93 635 444 783 1309 0 0 0 0 0 0 0 0
984 1597 1535 1192 1073 66 0 0 0 0 0 0 0 0 0
1371 1192 1385 444 759 387 451 0 0 0 0 0 0 0 0
1567 1192 1473 778 196 1286 482 0 0 0 0 0 0 0 0
108 1412 215 794 444 783 443 1549 0 0 0 0 0 0 0
1526 387 1278 1412 777 1528 179 984 0 0 0 0 0 0 0
1297 778 749 47 869 387 450 0 0 0 0 0 0 0 0
853 1412 962 387 940 1012 0 0 0 0 0 0 0 0 0
1297 778 749 47 869 387 450 0 0 0 0 0 0 0 0
1604 778 1462 444 1318 1412 773 387 792 0 0 0 0 0 0
81 1192 642 533 241 444 0 0 0 0 0 0 0 0 0
962 387 1532 1192 738 1278 1277 525 444 0 0 0 0 0 0
1371 1192 1385 444 759 387 451 0 0 0 0 0 0 0 0
108 444 313 387 2 444 1379 534 0 0 0 0 0 0 0
1115 1412 60 151 1192 1138 0 0 0 0 0 0 0 0 0
962 387 1532 1192 738 1278 1277 525 444 0 0 0 0 0 0
922 737 47 761 444 1334 1277 0 0 0 0 0 0 0 0
1498 1392 1468 1412 1240 387 1309 0 0 0 0 0 0 0 0
913 906 1573 387 313 387 0 0 0 0 0 0 0 0 0
1470 1192 1473 1049 1043 387 313 387 0 0 0 0 0 0 0
922 737 47 761 444 1334 1277 0 0 0 0 0 0 0 0
1371 1192 1543 47 421 1192 1049 1223 962 0 0 0 0 0 0
209 860 1004 1412 1379 443 1549 0 0 0 0 0 0 0 0
659 1192 495 533 362 1049 913 906 1573 387 313 387 0 0 0
716 1049 248 387 1370 1612 1190 1479 443 0 0 0 0 0 0
161 1049 984 1277 1190 1479 1355 0 0 0 0 0 0 0 0
922 737 47 761 444 1334 1277 0 0 0 0 0 0 0 0
633 1190 742 977 417 1336 387 0 0 0 0 0 0 0 0
763 983 950 179 306 860 584 66 0 0 0 0 0 0 0
196 444 620 387 211 47 1399 443 1549 0 0 0 0 0 0
716 1049 248 387 1370 1612 1190 1479 443 0 0 0 0 0 0
1526 387 1278 1412 777 1528 179 0 0 0 0 0 0 0 0
241 47 1049 1491 165 1412 906 769 1573 443 0 0 0 0 0
922 737 47 761 444 1334 1277 0 0 0 0 0 0 0 0
1489 1049 672 630 778 421 635 444 0 0 0 0 0 0 0
196 444 620 387 211 47 1399 443 1549 0 0 0 0 0 0
922 737 47 761 444 1334 1277 0 0 0 0 0 0 0 0
912 1116 1192 646 533 1148 66 0 0 0 0 0 0 0 0
817 444 976 457 1049 1043 387 313 387 0 0 0 0 0 0
1604 778 1462 444 1318 1412 773 387 792 0 0 0 0 0 0
1341 1192 189 1412 421 635 444 0 0 0 0 0 0 0 0
1476 1192 642 1190 270 977 99 0 0 0 0 0 0 0 0
81 1192 642 533 241 444 0 0 0 0 0 0 0 0 0
1604 778 1462 444 1318 1412 773 387 792 0 0 0 0 0 0
922 737 47 761 444 1334 1277 0 0 0 0 0 0 0 0
1393 151 236 1412 817 962 0 0 0 0 0 0 0 0 0
716 1049 248 387 1370 1612 1190 1479 443 0 0 0 0 0 0
81 1192 642 533 241 444 0 0 0 0 0 0 0 0 0
1214 1190 1197 91 1222 728 0 0 0 0 0 0 0 0 0
1567 1192 1473 778 196 1286 482 0 0 0 0 0 0 0 0
922 737 47 761 444 1334 1277 0 0 0 0 0 0 0 0
912 1116 1192 646 533 1148 66 0 0 0 0 0 0 0 0
1498 1392 1468 1412 1240 387 1309 0 0 0 0 0 0 0 0
922 737 47 761 444 1334 1277 0 0 0 0 0 0 0 0
87 148 533 362 1049 77 962 0 0 0 0 0 0 0 0
81 1192 642 533 241 444 0 0 0 0 0 0 0 0 0
1567 1192 1473 778 196 1286 482 0 0 0 0 0 0 0 0
1489 1049 672 630 778 421 635 444 0 0 0 0 0 0 0
1604 778 1462 444 1318 1412 773 387 792 0 0 0 0 0 0
633 1190 742 977 417 1336 387 0 0 0 0 0 0 0 0
1489 1049 672 630 778 421 635 444 0 0 0 0 0 0 0
1404 778 87 778 533 1379 443 1549 0 0 0 0 0 0 0
1371 1192 1473 778 196 1286 482 0 0 0 0 0 0 0 0
716 1049 248 387 1370 1612 1190 1479 443 0 0 0 0 0 0
817 444 976 457 1049 1043 387 313 387 0 0 0 0 0 0
922 737 47 761 444 1334 1277 0 0 0 0 0 0 0 0
716 1049 248 387 1370 1612 1190 1479 443 0 0 0 0 0 0
1571 1190 1122 444 1107 962 387 473 0 0 0 0 0 0 0
161 1049 984 1277 1190 1479 1355 0 0 0 0 0 0 0 0
736 444 471 977 1 1392 780 47 0 0 0 0 0 0 0
108 444 313 387 2 444 1379 534 0 0 0 0 0 0 0
1571 1190 1122 444 1107 962 387 473 0 0 0 0 0 0 0
1305 778 632 841 1515 387 84 0 0 0 0 0 0 0 0
659 1192 495 533 362 1049 913 906 1573 387 313 387 0 0 0
1404 778 87 778 533 1379 443 1549 0 0 0 0 0 0 0
1214 1190 1197 91 1222 728 0 0 0 0 0 0 0 0 0
1297 778 749 47 869 387 450 0 0 0 0 0 0 0 0
1115 1412 60 151 1192 1138 0 0 0 0 0 0 0 0 0
1571 1190 1122 444 1107 962 387 473 0 0 0 0 0 0 0
487 1392 642 778 1340 0 0 0 0 0 0 0 0 0 0
835 1412 1174 151 1017 860 0 0 0 0 0 0 0 0 0
716 1049 248 387 1370 1612 1190 1479 443 0 0 0 0 0 0
922 737 47 761 444 1334 1277 0 0 0 0 0 0 0 0
87 148 533 362 1049 77 962 0 0 0 0 0 0 0 0
87 148 533 362 1049 77 962 0 0 0 0 0 0 0 0
763 983 950 179 306 860 584 66 0 0 0 0 0 0 0
763 983 950 179 306 860 584 66 0 0 0 0 0 0 0
1371 1192 1543 47 421 1192 1049 1223 962 802 0 0 0 0 0
487 1392 642 778 1340 0 0 0 0 0 0 0 0 0 0
601 1392 183 1049 913 906 1573 387 313 387 0 0 0 0 0
487 1392 642 778 1065 482 0 0 0 0 0 0 0 0 0
108 444 313 387 2 444 1379 534 0 0 0 0 0 0 0
1061 1374 387 277 1487 443 1549 0 0 0 0 0 0 0 0
1214 1190 1197 91 1222 728 0 0 0 0 0 0 0 0 0
922 737 47 761 444 1334 1277 0 0 0 0 0 0 0 0
817 444 976 457 1049 1043 387 313 387 0 0 0 0 0 0
716 1049 248 387 1370 1612 1190 1479 443 0 0 0 0 0 0
1214 1190 1197 91 1222 728 0 0 0 0 0 0 0 0 0
1571 1190 1122 444 1107 962 387 473 0 0 0 0 0 0 0
912 1116 1192 646 533 1148 66 0 0 0 0 0 0 0 0
330 387 209 1049 935 745 778 0 0 0 0 0 0 0 0
606 47 421 1192 533 1134 1485 66 0 0 0 0 0 0 0
196 444 620 387 211 47 1399 443 1549 0 0 0 0 0 0
819 1192 1460 47 354 416 0 0 0 0 0 0 0 0 0
1115 1412 60 151 1192 1138 0 0 0 0 0 0 0 0 0
1526 387 1278 1412 777 1528 179 0 0 0 0 0 0 0 0
1115 1412 60 151 1192 1138 0 0 0 0 0 0 0 0 0
922 737 47 761 444 1334 1277 0 0 0 0 0 0 0 0
1393 151 236 1412 817 962 0 0 0 0 0 0 0 0 0
962 387 1532 1192 738 1278 1277 525 444 0 0 0 0 0 0
183 1049 1473 1192 1473 1049 1371 0 0 0 0 0 0 0 0
1604 778 1462 444 1318 1412 773 387 792 0 0 0 0 0 0
1567 1192 1473 778 196 1286 482 0 0 0 0 0 0 0 0
87 148 533 362 1049 77 962 0 0 0 0 0 0 0 0
922 737 47 761 444 1334 1277 0 0 0 0 0 0 0 0
81 1192 642 533 241 444 0 0 0 0 0 0 0 0 0
282 444 1343 521 422 1194 1190 533 1479 443 0 0 0 0 0
487 1392 642 778 1340 0 0 0 0 0 0 0 0 0 0
1371 1192 319 778 1336 387 0 0 0 0 0 0 0 0 0
1526 387 1278 1412 777 1528 179 0 0 0 0 0 0 0 0
1297 778 749 47 869 387 450 0 0 0 0 0 0 0 0
1371 1192 1385 444 759 387 451 0 0 0 0 0 0 0 0
1476 1192 642 1190 270 977 99 0 0 0 0 0 0 0 0
487 1392 642 778 1340 0 0 0 0 0 0 0 0 0 0
1526 387 1278 1412 777 1528 179 0 0 0 0 0 0 0 0
330 387 209 1049 935 745 778 0 0 0 0 0 0 0 0
487 1392 642 778 1340 0 0 0 0 0 0 0 0 0 0
922 737 47 761 444 1334 1277 0 0 0 0 0 0 0 0
659 1192 495 533 362 1049 913 906 1573 387 313 387 0 0 0
1095 387 533 1268 1192 0 0 0 0 0 0 0 0 0 0
633 1190 742 977 417 1336 387 0 0 0 0 0 0 0 0
819 1192 1460 47 354 416 0 0 0 0 0 0 0 0 0
659 1192 495 533 362 1049 913 906 1573 387 313 387 0 0 0
487 1392 642 778 1340 0 0 0 0 0 0 0 0 0 0
922 737 47 761 444 1334 1277 0 0 0 0 0 0 0 0
669 778 1245 1540 126 1192 0 0 0 0 0 0 0 0 0
606 47 421 1192 533 1134 1485 66 0 0 0 0 0 0 0
1214 1190 1197 91 1222 728 0 0 0 0 0 0 0 0 0
962 387 1532 1192 738 1278 1277 525 444 0 0 0 0 0 0
487 1392 642 778 1340 0 0 0 0 0 0 0 0 0 0
1498 1392 1468 1412 1240 387 1309 0 0 0 0 0 0 0 0
601 1392 183 1049 913 906 1573 387 313 387 0 0 0 0 0
1371 1192 1385 444 759 387 451 0 0 0 0 0 0 0 0
1371 1192 319 778 1336 387 0 0 0 0 0 0 0 0 0
606 47 421 1192 533 1134 1485 66 0 0 0 0 0 0 0
1305 778 632 841 1515 387 84 0 0 0 0 0 0 0 0
1214 1190 1197 91 1222 728 0 0 0 0 0 0 0 0 0
1214 1190 1197 91 1222 728 0 0 0 0 0 0 0 0 0
1214 1190 1197 91 1222 728 0 0 0 0 0 0 0 0 0
1393 151 236 1412 817 962 0 0 0 0 0 0 0 0 0
1371 1192 1543 816 0 0 0 0 0 0 0 0 0 0 0
1341 1192 189 1412 421 635 444 0 0 0 0 0 0 0 0
1297 778 749 47 869 387 450 0 0 0 0 0 0 0 0
487 1392 642 778 1340 0 0 0 0 0 0 0 0 0 0
282 444 1343 521 422 1194 1190 533 1479 443 0 0 0 0 0
922 737 47 761 444 1334 1277 0 0 0 0 0 0 0 0
716 1049 248 387 1370 1612 1190 1479 443 0 0 0 0 0 0
912 1116 1192 646 533 1148 66 0 0 0 0 0 0 0 0
1604 778 1462 444 1318 1412 773 387 792 0 0 0 0 0 0
912 1116 1192 646 533 1148 66 0 0 0 0 0 0 0 0
736 444 471 977 1 1392 780 47 0 0 0 0 0 0 0
1393 151 236 1412 817 962 0 0 0 0 0 0 0 0 0
736 444 471 977 1 1392 780 47 0 0 0 0 0 0 0
1297 778 749 47 869 387 450 0 0 0 0 0 0 0 0
87 148 533 362 1049 77 962 0 0 0 0 0 0 0 0
1567 1192 1473 778 196 1286 482 0 0 0 0 0 0 0 0
819 1192 1460 47 354 416 0 0 0 0 0 0 0 0 0
282 444 1343 521 422 1194 1190 533 1479 443 0 0 0 0 0
1341 1192 189 1412 421 635 444 0 0 0 0 0 0 0 0
87 148 533 362 1049 77 962 0 0 0 0 0 0 0 0
1571 1190 1122 444 1107 962 387 473 0 0 0 0 0 0 0
716 1049 248 387 1370 1612 1190 1479 443 0 0 0 0 0 0
1297 778 749 47 869 387 450 0 0 0 0 0 0 0 0
196 444 620 387 211 47 1399 443 1549 0 0 0 0 0 0
633 1190 742 977 417 1336 387 0 0 0 0 0 0 0 0
922 737 47 761 444 1334 1277 0 0 0 0 0 0 0 0
1526 387 1278 1412 777 1528 179 0 0 0 0 0 0 0 0
691 1101 1192 646 533 1148 66 0 0 0 0 0 0 0 0
282 444 1343 521 422 1194 1190 533 1479 443 0 0 0 0 0
106 47 1502 47 1260 1412 1390 30 37 0 0 0 0 0 0
241 47 1049 1491 165 1412 906 769 1573 443 1549 0 0 0 0
1371 1192 319 778 1336 387 0 0 0 0 0 0 0 0 0
606 47 421 1192 533 1134 1485 66 0 0 0 0 0 0 0
1567 1192 1473 778 196 1286 482 0 0 0 0 0 0 0 0
784 860 241 47 533 1379 443 0 0 0 0 0 0 0 0
817 444 976 457 1049 1043 387 313 387 0 0 0 0 0 0
1604 778 1462 444 1318 1412 773 387 792 0 0 0 0 0 0
1214 1190 1197 91 1222 728 0 0 0 0 0 0 0 0 0
161 1049 984 1277 1190 1479 1355 0 0 0 0 0 0 0 0
282 444 1343 521 422 1194 1190 533 1479 443 0 0 0 0 0
1498 1392 1468 1412 1240 387 1309 0 0 0 0 0 0 0 0
1604 778 1462 444 1318 1412 773 387 792 0 0 0 0 0 0
817 444 976 457 1049 1043 387 313 387 0 0 0 0 0 0
922 737 47 761 444 1334 1277 0 0 0 0 0 0 0 0
1393 151 236 1412 817 962 0 0 0 0 0 0 0 0 0
1476 1192 642 1190 270 977 99 0 0 0 0 0 0 0 0
1630 906 1573 387 1061 1374 387 443 0 0 0 0 0 0 0
633 1190 742 977 417 1336 387 0 0 0 0 0 0 0 0
1489 1049 672 630 778 421 635 444 0 0 0 0 0 0 0
736 444 471 977 1 1392 780 47 0 0 0 0 0 0 0
1526 387 1278 1412 777 1528 179 0 0 0 0 0 0 0 0
716 1049 248 387 1370 1612 1190 1479 443 0 0 0 0 0 0
1214 1190 1197 91 1222 728 0 0 0 0 0 0 0 0 0
1489 1049 672 630 778 421 635 444 0 0 0 0 0 0 0
1305 778 632 841 1515 387 84 0 0 0 0 0 0 0 0
669 778 1245 1540 126 1192 0 0 0 0 0 0 0 0 0
81 1192 642 533 241 444 0 0 0 0 0 0 0 0 0
1630 906 1573 387 1061 1374 387 443 0 0 0 0 0 0 0
161 1049 984 1277 1190 1479 443 0 0 0 0 0 0 0 0
922 737 47 761 444 1334 1277 0 0 0 0 0 0 0 0
183 1412 674 495 47 789 1192 1476 1192 0 0 0 0 0 0
196 444 620 387 211 47 1399 443 1549 0 0 0 0 0 0
1393 151 236 1412 817 962 0 0 0 0 0 0 0 0 0
962 387 1532 1192 738 1278 1277 525 444 0 0 0 0 0 0
1526 387 1278 1412 777 1528 179 0 0 0 0 0 0 0 0
183 1412 674 495 47 789 1192 1476 1192 0 0 0 0 0 0
606 47 421 1192 533 1134 1485 66 0 0 0 0 0 0 0
922 737 47 761 444 1334 1277 1190 1479 443 0 0 0 0 0
1371 1192 1385 444 759 387 451 0 0 0 0 0 0 0 0
1571 1190 1122 444 1107 962 387 473 0 0 0 0 0 0 0
1297 778 749 47 869 387 450 0 0 0 0 0 0 0 0
196 444 620 387 211 47 1399 443 1549 0 0 0 0 0 0
108 444 313 387 2 444 1379 534 0 0 0 0 0 0 0
912 1116 1192 646 533 1148 66 0 0 0 0 0 0 0 0
1393 151 236 1412 817 962 0 0 0 0 0 0 0 0 0
108 444 313 387 2 444 1379 534 0 0 0 0 0 0 0
984 1597 1535 1192 1073 66 0 0 0 0 0 0 0 0 0
1567 1192 1473 778 196 1286 482 0 0 0 0 0 0 0 0
817 444 976 457 1049 1043 387 313 387 0 0 0 0 0 0
1526 387 1278 1412 777 1528 179 0 0 0 0 0 0 0 0
1214 1190 1197 91 1222 728 0 0 0 0 0 0 0 0 0
1371 1192 319 778 1336 387 0 0 0 0 0 0 0 0 0
282 444 1343 521 422 1194 1190 533 1479 443 0 0 0 0 0
241 47 1049 1491 860 1476 1190 0 0 0 0 0 0 0 0
1526 387 1278 1412 777 1528 179 0 0 0 0 0 0 0 0
108 444 313 387 2 444 1379 534 0 0 0 0 0 0 0
487 1392 642 778 1340 0 0 0 0 0 0 0 0 0 0
1604 778 1462 444 1318 1412 773 387 792 0 0 0 0 0 0
1371 1192 1385 444 759 387 451 0 0 0 0 0 0 0 0
922 737 47 761 444 1334 1277 0 0 0 0 0 0 0 0
1371 1192 1385 444 759 387 451 0 0 0 0 0 0 0 0
487 1392 642 778 1340 0 0 0 0 0 0 0 0 0 0
241 47 1049 1491 165 1412 906 769 1573 443 0 0 0 0 0
1371 1192 319 778 1336 387 0 0 0 0 0 0 0 0 0
1526 387 1278 1412 777 1528 179 984 0 0 0 0 0 0 0
633 1190 742 977 417 1336 387 0 0 0 0 0 0 0 0
87 148 533 362 1049 77 962 0 0 0 0 0 0 0 0
716 1049 248 387 1370 1612 1190 1479 443 0 0 0 0 0 0
835 1412 1174 151 1017 860 0 0 0 0 0 0 0 0 0
1604 778 1462 444 1318 1412 773 387 792 0 0 0 0 0 0
487 1392 642 778 1340 0 0 0 0 0 0 0 0 0 0
922 737 47 761 444 1334 1277 0 0 0 0 0 0 0 0
1371 1192 319 778 1336 387 0 0 0 0 0 0 0 0 0
852 47 608 369 778 471 977 1518 1412 0 0 0 0 0 0
487 1392 642 778 1340 0 0 0 0 0 0 0 0 0 0
1498 1392 1468 1412 1240 387 1309 0 0 0 0 0 0 0 0
1297 778 749 47 869 387 450 0 0 0 0 0 0 0 0
962 387 1532 1192 738 1278 1277 525 444 0 0 0 0 0 0
922 737 47 761 444 1334 1277 0 0 0 0 0 0 0 0
1393 151 236 1412 817 962 0 0 0 0 0 0 0 0 0
1393 151 236 1412 817 962 0 0 0 0 0 0 0 0 0
487 1392 642 778 1340 0 0 0 0 0 0 0 0 0 0
1498 1392 1468 1412 1240 387 1309 0 0 0 0 0 0 0 0
176 778 749 47 869 387 473 0 0 0 0 0 0 0 0
1342 1572 1192 927 1412 772 1192 1277 0 0 0 0 0 0 0
1297 778 749 47 869 387 450 0 0 0 0 0 0 0 0
1341 1192 189 1412 421 635 444 0 0 0 0 0 0 0 0
1571 1190 1122 444 1107 962 387 473 0 0 0 0 0 0 0
962 387 1532 1192 738 1278 1277 525 444 0 0 0 0 0 0
1526 387 1278 1412 777 1528 179 0 0 0 0 0 0 0 0
87 148 533 362 1049 77 962 0 0 0 0 0 0 0 0
282 444 1343 521 422 1194 1190 533 1479 443 0 0 0 0 0
1115 1412 60 151 1192 1138 0 0 0 0 0 0 0 0 0
922 737 47 761 444 1334 1277 0 0 0 0 0 0 0 0
81 1192 642 533 241 444 0 0 0 0 0 0 0 0 0
1404 778 87 778 533 1379 443 1549 0 0 0 0 0 0 0
669 778 1245 1540 126 1192 0 0 0 0 0 0 0 0 0
108 444 313 387 2 444 1379 534 0 0 0 0 0 0 0
922 737 47 761 444 1334 1277 0 0 0 0 0 0 0 0
835 1412 1174 151 1017 860 0 0 0 0 0 0 0 0 0
1393 151 236 1412 817 962 0 0 0 0 0 0 0 0 0
1604 778 1462 444 1318 1412 773 387 792 0 0 0 0 0 0
1214 1190 1197 91 1222 728 0 0 0 0 0 0 0 0 0
472 47 193 47 1065 482 0 0 0 0 0 0 0 0 0
196 444 620 387 211 47 1399 443 1549 0 0 0 0 0 0
1385 1190 1543 444 89 906 1573 387 451 0 0 0 0 0 0
984 1597 1535 1192 1073 66 0 0 0 0 0 0 0 0 0
669 778 1245 1540 126 1192 0 0 0 0 0 0 0 0 0
1571 1190 1122 444 1107 962 387 473 0 0 0 0 0 0 0
659 1192 495 533 362 1049 913 906 1573 387 313 387 0 0 0
1305 778 632 841 1515 387 84 0 0 0 0 0 0 0 0
1305 778 632 841 1515 387 84 0 0 0 0 0 0 0 0
282 444 1343 521 422 1194 1190 533 1479 443 0 0 0 0 0
630 778 510 387 1370 1612 1190 1479 443 0 0 0 0 0 0
922 737 47 761 444 1334 1277 0 0 0 0 0 0 0 0
481 533 362 1049 77 962 387 313 0 0 0 0 0 0 0
817 444 976 457 1049 1043 387 313 387 0 0 0 0 0 0
87 148 533 362 1049 77 962 0 0 0 0 0 0 0 0
716 1049 248 387 1370 1612 1190 1479 443 0 0 0 0 0 0
669 778 1245 1540 126 1192 0 0 0 0 0 0 0 0 0
716 1049 248 387 1370 1612 1190 1479 443 0 0 0 0 0 0
81 1192 642 533 241 444 0 0 0 0 0 0 0 0 0
1567 1192 1473 778 196 1286 482 0 0 0 0 0 0 0 0
1526 387 1278 1412 777 1528 179 0 0 0 0 0 0 0 0
1604 778 1462 444 1318 1412 773 387 792 0 0 0 0 0 0
108 444 313 387 2 444 1379 534 0 0 0 0 0 0 0
912 1116 1192 646 533 1148 66 0 0 0 0 0 0 0 0
912 1116 1192 646 533 1148 66 0 0 0 0 0 0 0 0
282 444 1343 521 422 1194 1190 533 1479 443 0 0 0 0 0
922 737 47 761 444 1334 1277 0 0 0 0 0 0 0 0
835 1412 1174 151 1017 860 0 0 0 0 0 0 0 0 0
487 1392 642 778 1340 0 0 0 0 0 0 0 0 0 0
716 1049 248 387 1370 1612 1190 1479 443 0 0 0 0 0 0
183 1412 674 495 47 789 1192 1476 1192 0 0 0 0 0 0
606 47 421 1192 533 1134 1485 66 0 0 0 0 0 0 0
1115 1412 60 151 1192 1138 0 0 0 0 0 0 0 0 0
922 737 47 761 444 1334 1277 0 0 0 0 0 0 0 0
962 387 1532 1192 738 1278 1277 525 444 0 0 0 0 0 0
819 1192 1460 47 354 416 0 0 0 0 0 0 0 0 0
1214 1190 1197 91 1222 728 0 0 0 0 0 0 0 0 0
330 387 209 1049 935 745 778 0 0 0 0 0 0 0 0
1393 151 236 1412 817 962 0 0 0 0 0 0 0 0 0
716 1049 248 387 1370 1612 1190 1479 443 0 0 0 0 0 0
1567 1192 1473 778 196 1286 482 0 0 0 0 0 0 0 0
1371 1192 1385 444 759 387 451 0 0 0 0 0 0 0 0
1498 1392 1468 1412 1240 387 1309 0 0 0 0 0 0 0 0
330 387 209 1049 935 745 778 0 0 0 0 0 0 0 0
922 737 47 761 444 1334 1277 0 0 0 0 0 0 0 0
1115 1412 60 151 1192 1138 0 0 0 0 0 0 0 0 0
922 737 47 761 444 1334 1277 0 0 0 0 0 0 0 0
1371 1192 319 778 1336 387 0 0 0 0 0 0 0 0 0
633 1190 742 977 417 1336 387 0 0 0 0 0 0 0 0
196 444 620 387 211 47 1399 443 1549 0 0 0 0 0 0
922 737 47 761 444 1334 1277 0 0 0 0 0 0 0 0
196 444 620 387 211 47 1399 443 1549 0 0 0 0 0 0
161 1049 984 1277 1190 1479 1355 0 0 0 0 0 0 0 0
817 444 976 457 1049 1043 387 313 387 0 0 0 0 0 0
330 387 209 1049 935 745 778 0 0 0 0 0 0 0 0
912 1116 1192 646 533 1148 66 0 0 0 0 0 0 0 0
1214 1190 1197 91 1222 728 0 0 0 0 0 0 0 0 0
487 1392 642 778 1340 0 0 0 0 0 0 0 0 0 0
736 444 471 977 1 1392 780 47 0 0 0 0 0 0 0
108 1412 215 794 444 783 443 1549 0 0 0 0 0 0 0
1473 444 779 1190 1479 416 0 0 0 0 0 0 0 0 0
922 737 47 761 444 1334 1277 0 0 0 0 0 0 0 0
962 387 1532 1192 738 1278 1277 525 444 0 0 0 0 0 0
984 1597 1535 1192 1073 66 0 0 0 0 0 0 0 0 0
1371 1192 319 778 1336 387 0 0 0 0 0 0 0 0 0
183 1412 674 495 47 789 1192 1476 1192 0 0 0 0 0 0
763 983 950 179 306 860 584 66 0 0 0 0 0 0 0
1214 1190 1197 91 1222 728 0 0 0 0 0 0 0 0 0
487 1392 642 778 1340 0 0 0 0 0 0 0 0 0 0
1427 444 471 977 1 1392 780 47 0 0 0 0 0 0 0
108 444 313 387 2 444 1379 534 0 0 0 0 0 0 0
241 47 1049 1491 165 1412 906 769 1573 443 0 0 0 0 0
1498 1392 1468 1412 1240 387 1309 0 0 0 0 0 0 0 0
601 1392 183 1049 913 906 1573 387 313 387 0 0 0 0 0
1604 778 1462 444 1318 1412 773 387 792 0 0 0 0 0 0
1518 1412 1157 151 0 0 0 0 0 0 0 0 0 0 0
922 737 47 761 444 1334 1277 0 0 0 0 0 0 0 0
1571 1190 1122 444 1107 962 387 473 0 0 0 0 0 0 0
736 444 313 387 2 444 1379 534 0 0 0 0 0 0 0
1404 778 87 778 533 1379 443 1549 0 0 0 0 0 0 0
763 983 950 179 306 860 584 66 0 0 0 0 0 0 0
87 148 533 362 1049 77 962 0 0 0 0 0 0 0 0
487 1392 642 778 1340 0 0 0 0 0 0 0 0 0 0
1630 906 1573 387 1061 1374 387 443 0 0 0 0 0 0 0
1571 1190 1122 444 1107 962 387 473 0 0 0 0 0 0 0
716 1049 248 387 1370 1612 1190 1479 443 0 0 0 0 0 0
196 444 620 387 211 47 1399 443 1549 0 0 0 0 0 0
108 1412 215 794 444 783 443 1549 0 0 0 0 0 0 0
659 1192 495 533 362 1049 913 906 1573 387 313 387 0 0 0
108 1412 215 794 444 783 443 1549 0 0 0 0 0 0 0
1297 778 749 47 869 387 450 0 0 0 0 0 0 0 0
1526 387 1278 1412 777 1528 179 0 0 0 0 0 0 0 0
1526 387 1278 1412 777 1528 179 0 0 0 0 0 0 0 0
912 1116 1192 646 533 1148 66 0 0 0 0 0 0 0 0
1214 1190 1197 91 1222 728 0 0 0 0 0 0 0 0 0
606 47 421 1192 533 1134 1485 66 0 0 0 0 0 0 0
852 47 608 369 778 471 977 1518 1412 0 0 0 0 0 0
736 444 471 977 1 1392 780 47 0 0 0 0 0 0 0
633 1190 742 977 417 1336 387 0 0 0 0 0 0 0 0
81 1192 642 533 241 444 0 0 0 0 0 0 0 0 0
1571 1190 1122 444 1107 962 387 473 0 0 0 0 0 0 0
633 1190 742 977 417 1336 387 0 0 0 0 0 0 0 0
922 737 47 761 444 1334 1277 0 0 0 0 0 0 0 0
1604 778 1462 444 1318 1412 773 387 792 0 0 0 0 0 0
1214 1190 1197 91 1222 728 0 0 0 0 0 0 0 0 0
1297 778 749 47 869 387 450 0 0 0 0 0 0 0 0
1604 778 1462 444 1318 1412 773 387 792 0 0 0 0 0 0
912 1116 1192 646 533 1148 66 0 0 0 0 0 0 0 0
1630 906 1573 387 1061 1374 387 443 0 0 0 0 0 0 0
852 47 608 369 778 471 977 1518 1412 0 0 0 0 0 0
1571 1190 1122 444 1107 962 387 473 0 0 0 0 0 0 0
282 444 1343 521 422 1194 1190 533 1479 443 0 0 0 0 0
984 1597 1535 1192 1073 66 0 0 0 0 0 0 0 0 0
1342 1572 1192 927 1412 772 1192 1277 0 0 0 0 0 0 0
1604 778 1462 444 1318 1412 773 387 792 0 0 0 0 0 0
282 444 1343 521 422 1194 1190 533 1479 443 0 0 0 0 0
817 444 976 457 1049 1043 387 313 387 0 0 0 0 0 0
922 737 47 761 444 1334 1277 0 0 0 0 0 0 0 0
648 689 47 1283 444 1211 1573 840 0 0 0 0 0 0 0
1061 1374 387 277 1487 443 1549 0 0 0 0 0 0 0 0
282 444 1343 521 422 1194 1190 533 1479 443 0 0 0 0 0
1115 1412 60 151 1192 1138 0 0 0 0 0 0 0 0 0
922 737 47 761 444 1334 1277 0 0 0 0 0 0 0 0
330 387 209 1049 935 745 778 0 0 0 0 0 0 0 0
817 444 976 457 1049 1043 387 313 387 0 0 0 0 0 0
763 983 950 179 306 860 584 66 0 0 0 0 0 0 0
606 47 421 1192 533 1134 1485 66 0 0 0 0 0 0 0
667 588 1042 0 0 0 0 0 0 0 0 0 0 0 0
196 444 620 387 211 47 1399 443 1549 0 0 0 0 0 0
1341 1192 189 1412 421 635 444 0 0 0 0 0 0 0 0
962 387 1532 1192 738 1278 1277 525 444 0 0 0 0 0 0
817 444 976 457 1049 1043 387 313 387 0 0 0 0 0 0
1115 1412 60 151 1192 1138 0 0 0 0 0 0 0 0 0
108 444 313 387 2 444 1379 534 0 0 0 0 0 0 0
922 737 47 761 444 1334 1277 0 0 0 0 0 0 0 0
1526 387 1278 1412 777 1528 179 0 0 0 0 0 0 0 0
716 1049 248 387 1370 1612 1190 1479 443 0 0 0 0 0 0
1115 1412 60 151 1192 1138 0 0 0 0 0 0 0 0 0
1567 1192 1473 778 196 1286 482 0 0 0 0 0 0 0 0
736 444 471 977 1 1392 780 47 0 0 0 0 0 0 0
1297 778 749 47 869 387 450 0 0 0 0 0 0 0 0
669 778 1245 1540 126 1192 0 0 0 0 0 0 0 0 0
1604 778 1462 444 1318 1412 773 387 792 0 0 0 0 0 0
819 1192 1460 47 1348 1190 1043 387 313 0 0 0 0 0 0
1115 1412 60 151 1192 1138 0 0 0 0 0 0 0 0 0
1463 1512 450 802 313 802 450 802 450 387 0 0 0 0 0
1371 1192 1385 444 759 387 451 0 0 0 0 0 0 0 0
81 1192 642 533 241 444 0 0 0 0 0 0 0 0 0
1604 778 1462 444 1318 1412 773 387 792 0 0 0 0 0 0
1214 1190 1197 91 1222 728 0 0 0 0 0 0 0 0 0
962 387 1532 1192 738 1278 1277 525 444 0 0 0 0 0 0
1341 1192 189 1412 421 635 444 0 0 0 0 0 0 0 0
1498 1392 1468 1412 1240 387 1309 0 0 0 0 0 0 0 0
922 737 47 761 444 313 443 1549 0 0 0 0 0 0 0
984 1597 1535 1192 1073 66 0 0 0 0 0 0 0 0 0
481 533 362 1049 77 962 387 313 0 0 0 0 0 0 0
962 387 1532 1192 738 1278 1277 525 444 0 0 0 0 0 0
1571 1190 1122 444 1107 962 387 473 0 0 0 0 0 0 0
1297 778 749 47 869 387 450 0 0 0 0 0 0 0 0
1567 1192 1473 778 196 1286 482 0 0 0 0 0 0 0 0
87 148 533 362 1049 77 962 0 0 0 0 0 0 0 0
196 444 620 387 211 47 1399 443 1549 0 0 0 0 0 0
716 1049 248 387 1370 1612 1190 1479 443 0 0 0 0 0 0
1305 778 632 841 1515 387 84 0 0 0 0 0 0 0 0
1604 778 1462 444 1318 1412 773 387 792 0 0 0 0 0 0
852 47 608 369 778 471 977 1518 1412 0 0 0 0 0 0
1371 1192 1385 444 759 387 451 0 0 0 0 0 0 0 0
1371 1192 1385 444 759 387 451 0 0 0 0 0 0 0 0
161 1049 984 1277 1190 1479 1355 0 0 0 0 0 0 0 0
1371 1192 319 778 1336 387 0 0 0 0 0 0 0 0 0
1305 778 632 841 1515 387 84 0 0 0 0 0 0 0 0
1567 1192 1473 778 196 1286 482 0 0 0 0 0 0 0 0
1604 778 1462 444 1318 1412 773 387 792 0 0 0 0 0 0
633 1190 742 977 417 1336 387 0 0 0 0 0 0 0 0
659 1192 495 533 362 1049 913 906 1573 387 313 387 0 0 0
183 1412 674 495 47 789 1192 1476 1192 0 0 0 0 0 0
487 1392 642 778 1340 0 0 0 0 0 0 0 0 0 0
1305 778 632 841 1515 387 84 0 0 0 0 0 0 0 0
852 47 608 369 778 471 977 1518 1412 0 0 0 0 0 0
962 387 1532 1192 738 1278 1277 525 444 0 0 0 0 0 0
669 778 1245 1540 126 1192 0 0 0 0 0 0 0 0 0
487 1392 642 778 1340 0 0 0 0 0 0 0 0 0 0
487 1392 642 778 1340 0 0 0 0 0 0 0 0 0 0
629 1049 248 387 1370 1612 1190 1479 443 0 0 0 0 0 0
1567 1192 1473 778 196 1286 482 0 0 0 0 0 0 0 0
633 1190 742 977 417 1336 387 0 0 0 0 0 0 0 0
606 47 421 1192 533 1134 1485 66 0 0 0 0 0 0 0
1567 1192 1473 778 196 1286 482 0 0 0 0 0 0 0 0
1341 1192 189 1412 421 635 444 0 0 0 0 0 0 0 0
922 737 47 761 444 1334 1277 0 0 0 0 0 0 0 0
633 1190 742 977 417 1336 387 0 0 0 0 0 0 0 0
1393 151 236 1412 817 962 0 0 0 0 0 0 0 0 0
1489 1049 672 630 778 421 635 444 0 0 0 0 0 0 0
633 1190 742 977 417 1336 387 0 0 0 0 0 0 0 0
984 1597 1535 1192 1073 66 0 0 0 0 0 0 0 0 0
1371 1192 1385 444 759 387 451 0 0 0 0 0 0 0 0
817 444 976 457 1049 1043 387 313 387 0 0 0 0 0 0
1371 1192 1385 444 759 387 451 0 0 0 0 0 0 0 0
1526 387 1278 1412 777 1528 179 0 0 0 0 0 0 0 0
1571 1190 1122 444 1107 962 387 473 0 0 0 0 0 0 0
922 737 47 761 444 1334 1277 0 0 0 0 0 0 0 0
1214 1190 1197 91 1222 728 0 0 0 0 0 0 0 0 0
282 444 1343 521 422 1194 1190 533 1479 443 0 0 0 0 0
1404 778 87 778 533 1379 443 1549 0 0 0 0 0 0 0
922 737 47 761 444 1334 1277 0 0 0 0 0 0 0 0
1489 1049 672 630 778 421 635 444 0 0 0 0 0 0 0
1604 778 1462 444 1318 1412 773 387 792 0 0 0 0 0 0
1604 778 1462 444 1318 1412 773 387 792 0 0 0 0 0 0
1526 387 1278 1412 777 1528 179 0 0 0 0 0 0 0 0
912 1116 1192 646 533 1148 66 0 0 0 0 0 0 0 0
1526 387 1278 1412 777 1528 179 984 0 0 0 0 0 0 0
1214 1190 1197 91 1222 728 0 0 0 0 0 0 0 0 0
1498 1392 1468 1412 1240 387 1309 0 0 0 0 0 0 0 0
606 47 421 1192 533 1134 1485 66 0 0 0 0 0 0 0
196 444 620 387 211 47 1399 443 1549 0 0 0 0 0 0
196 444 620 387 211 47 1399 443 1549 0 0 0 0 0 0
1498 1392 1468 1412 1240 387 1309 0 0 0 0 0 0 0 0
630 778 510 387 1370 1612 1190 1479 443 0 0 0 0 0 0
835 1412 1174 151 1017 860 0 0 0 0 0 0 0 0 0
817 444 976 457 1049 1043 387 313 387 0 0 0 0 0 0
87 148 533 362 1049 77 962 0 0 0 0 0 0 0 0
817 444 976 457 1049 1043 387 313 387 0 0 0 0 0 0
1498 1392 1468 1412 1240 387 1309 0 0 0 0 0 0 0 0
161 1049 984 1277 1190 1479 1355 0 0 0 0 0 0 0 0
87 148 533 362 1049 77 962 0 0 0 0 0 0 0 0
241 47 1049 1491 165 1412 906 769 1573 443 0 0 0 0 0
922 737 47 761 444 1334 1277 0 0 0 0 0 0 0 0
922 737 47 761 444 1334 1277 0 0 0 0 0 0 0 0
196 444 620 387 211 47 1399 443 1549 0 0 0 0 0 0
1404 778 87 778 533 1379 443 1549 0 0 0 0 0 0 0
819 1192 1460 47 354 416 0 0 0 0 0 0 0 0 0
487 1392 642 778 1340 0 0 0 0 0 0 0 0 0 0
1567 1192 319 778 1336 387 0 0 0 0 0 0 0 0 0
922 737 47 761 444 1334 1277 0 0 0 0 0 0 0 0
312 37 61 1192 108 1412 0 0 0 0 0 0 0 0 0
1526 387 1278 1412 777 1528 179 0 0 0 0 0 0 0 0
1571 1190 1122 444 1107 962 387 473 0 0 0 0 0 0 0
1393 151 236 1412 817 962 0 0 0 0 0 0 0 0 0
1371 1192 319 778 1336 387 0 0 0 0 0 0 0 0 0
81 1192 642 533 241 444 0 0 0 0 0 0 0 0 0
108 1412 421 1192 1049 1112 957 783 0 0 0 0 0 0 0
487 1392 642 778 1340 0 0 0 0 0 0 0 0 0 0
819 1192 1460 47 354 416 0 0 0 0 0 0 0 0 0
716 1049 248 387 1370 1612 1190 1479 443 0 0 0 0 0 0
984 1597 1535 1192 1073 66 0 0 0 0 0 0 0 0 0
161 1049 984 1277 1190 1479 1355 0 0 0 0 0 0 0 0
282 444 1343 521 422 1194 1190 533 1479 443 0 0 0 0 0
1371 1192 319 778 1336 387 0 0 0 0 0 0 0 0 0
1371 1192 319 778 1336 387 0 0 0 0 0 0 0 0 0
984 1597 1535 1192 1073 66 0 0 0 0 0 0 0 0 0
819 1192 1460 47 354 416 0 0 0 0 0 0 0 0 0
922 737 47 761 444 1334 1277 0 0 0 0 0 0 0 0
108 1412 215 794 444 783 443 1549 0 0 0 0 0 0 0
1604 778 1462 444 1318 1412 773 387 792 0 0 0 0 0 0
282 444 1343 521 422 1194 1190 533 1479 443 0 0 0 0 0
1371 1192 319 778 1336 387 0 0 0 0 0 0 0 0 0
108 444 313 387 2 444 1379 534 0 0 0 0 0 0 0
282 444 1343 521 422 1194 1190 533 1479 443 0 0 0 0 0
312 37 61 1192 108 1412 0 0 0 0 0 0 0 0 0
716 1049 248 387 1370 1612 1190 1479 443 0 0 0 0 0 0
525 1192 642 1190 270 977 99 0 0 0 0 0 0 0 0
1604 778 1462 444 1318 1412 773 387 792 0 0 0 0 0 0
819 1192 1460 47 354 416 0 0 0 0 0 0 0 0 0
330 387 209 1049 935 745 778 0 0 0 0 0 0 0 0
633 1190 742 977 417 1336 387 0 0 0 0 0 0 0 0
817 444 976 457 1049 1043 387 313 387 0 0 0 0 0 0
659 1192 495 533 362 1049 913 906 1573 387 313 387 0 0 0
1371 1192 319 778 1336 387 0 0 0 0 0 0 0 0 0
1214 1190 1197 91 1222 728 0 0 0 0 0 0 0 0 0
