1372 231 1487 40 1155 1192 7 778 0 0 0 0 0 0 0
1034 47 263 880 31 816 0 0 0 0 0 0 0 0 0
436 387 976 860 1488 962 387 313 1355 0 0 0 0 0 0
1132 1192 1359 1192 1201 501 1192 0 0 0 0 0 0 0 0
1371 1192 1058 41 444 1119 387 313 387 0 0 0 0 0 0
1192 1412 1603 75 962 678 879 0 0 0 0 0 0 0 0
1034 47 263 880 31 816 0 0 0 0 0 0 0 0 0
112 1049 1148 962 1301 880 1500 860 0 0 0 0 0 0 0
936 1392 1068 444 1119 387 511 66 0 0 0 0 0 0 0
466 1192 1507 1080 111 47 1598 635 1049 0 0 0 0 0 0
1034 47 263 962 1355 0 0 0 0 0 0 0 0 0 0
776 1374 416 153 664 0 0 0 0 0 0 0 0 0 0
459 1192 646 533 652 962 0 0 0 0 0 0 0 0 0
942 1412 1346 387 608 116 962 416 1176 0 0 0 0 0 0
1508 47 1007 1190 10 1192 667 0 0 0 0 0 0 0 0
315 47 1359 1192 41 444 1466 831 0 0 0 0 0 0 0
1034 47 263 880 31 816 0 0 0 0 0 0 0 0 0
962 1611 387 1049 1406 444 874 443 1549 0 0 0 0 0 0
826 1412 519 387 275 1412 754 0 0 0 0 0 0 0 0
256 1412 1603 75 962 678 879 0 0 0 0 0 0 0 0
1126 37 1096 1512 907 0 0 0 0 0 0 0 0 0 0
470 47 1065 1192 444 1491 1190 1479 1355 0 0 0 0 0 0
1626 47 976 860 1131 444 499 66 0 0 0 0 0 0 0
962 1611 387 1049 1406 444 874 443 1549 0 0 0 0 0 0
466 1192 1507 1080 111 47 1598 635 1049 0 0 0 0 0 0
436 387 976 860 1488 962 387 483 0 0 0 0 0 0 0
1184 231 224 47 988 387 658 66 0 0 0 0 0 0 0
436 387 976 860 1488 962 387 313 1355 0 0 0 0 0 0
1119 387 313 387 13 949 1412 1346 387 1348 0 0 0 0 0
1371 1192 1058 41 444 1119 387 313 387 0 0 0 0 0 0
1119 387 313 387 13 949 1412 1346 387 1348 0 0 0 0 0
481 47 1007 1190 1589 1192 1464 444 0 0 0 0 0 0 0
1251 1192 1473 444 1339 1065 787 0 0 0 0 0 0 0 0
1010 444 1552 1192 737 778 913 906 0 0 0 0 0 0 0
999 1192 1049 293 983 0 0 0 0 0 0 0 0 0 0
466 1192 1507 1080 111 47 1598 635 1049 0 0 0 0 0 0
670 533 496 47 190 784 860 0 0 0 0 0 0 0 0
112 1049 1148 962 1301 880 1500 860 0 0 0 0 0 0 0
1371 1192 1058 41 444 1119 387 313 387 0 0 0 0 0 0
826 1412 519 387 275 1412 754 0 0 0 0 0 0 0 0
978 1412 331 672 1240 185 1476 1049 976 860 0 0 0 0 0
1626 47 976 860 1131 444 499 66 0 0 0 0 0 0 0
466 1192 1507 1080 111 47 1598 635 1049 0 0 0 0 0 0
936 1392 1068 444 1119 387 511 66 0 0 0 0 0 0 0
1626 47 976 860 1131 444 499 66 0 0 0 0 0 0 0
1061 1374 387 28 1392 1469 47 0 0 0 0 0 0 0 0
978 1412 695 116 962 1611 0 0 0 0 0 0 0 0 0
1476 1192 715 1080 1245 962 0 0 0 0 0 0 0 0 0
1184 231 224 47 988 387 658 66 0 0 0 0 0 0 0
1256 1049 1581 906 1573 387 464 962 1355 0 0 0 0 0 0
614 387 814 66 1295 47 1173 0 0 0 0 0 0 0 0
1379 1355 444 992 112 1412 1346 387 1348 0 0 0 0 0 0
1126 37 1096 1512 907 0 0 0 0 0 0 0 0 0 0
1061 1374 387 28 1392 1469 47 0 0 0 0 0 0 0 0
978 1412 642 66 1295 1392 0 0 0 0 0 0 0 0 0
936 1392 1068 444 1119 387 511 66 0 0 0 0 0 0 0
606 1192 996 388 47 1487 443 1549 0 0 0 0 0 0 0
1119 387 313 387 13 949 1412 1346 387 1348 0 0 0 0 0
112 1049 1148 962 1301 880 1500 860 0 0 0 0 0 0 0
470 47 1065 1192 444 1478 1190 1479 443 0 0 0 0 0 0
1552 47 533 775 47 608 822 962 443 0 0 0 0 0 0
1626 47 976 860 1131 1049 566 0 0 0 0 0 0 0 0
470 47 1007 1190 10 1192 715 1190 962 0 0 0 0 0 0
962 1611 387 1049 1406 444 874 443 1549 0 0 0 0 0 0
1061 1374 387 28 1392 1469 47 0 0 0 0 0 0 0 0
256 1412 1603 75 962 678 879 0 0 0 0 0 0 0 0
471 518 1286 1473 920 778 0 0 0 0 0 0 0 0 0
1034 47 263 880 31 816 0 0 0 0 0 0 0 0 0
1119 387 313 387 13 949 1412 1346 387 1348 0 0 0 0 0
670 47 1049 1478 794 444 1598 879 0 0 0 0 0 0 0
1379 1355 444 992 112 1412 1346 387 608 116 962 1355 0 0 0
776 1374 416 153 664 0 0 0 0 0 0 0 0 0 0
296 47 1049 1478 831 56 1190 1479 1355 0 0 0 0 0 0
276 47 533 1402 1049 1379 443 1549 0 0 0 0 0 0 0
1119 387 313 387 13 949 1412 1346 387 1348 0 0 0 0 0
776 1374 416 153 664 0 0 0 0 0 0 0 0 0 0
470 47 1065 1192 444 1491 1190 1479 1355 0 0 0 0 0 0
256 1412 1603 75 962 678 879 0 0 0 0 0 0 0 0
936 1392 1068 444 1119 387 511 66 0 0 0 0 0 0 0
1132 1192 1359 1192 1201 501 1192 0 0 0 0 0 0 0 0
1061 1374 387 28 1392 1469 47 0 0 0 0 0 0 0 0
776 1374 416 153 664 0 0 0 0 0 0 0 0 0 0
1371 1192 451 47 1049 774 420 0 0 0 0 0 0 0 0
1132 1192 1359 1192 1201 501 1192 0 0 0 0 0 0 0 0
826 1412 519 387 275 1412 754 0 0 0 0 0 0 0 0
538 47 193 444 984 0 0 0 0 0 0 0 0 0 0
1379 1355 444 256 1514 1192 112 533 0 0 0 0 0 0 0
1476 1192 715 1080 1245 962 0 0 0 0 0 0 0 0 0
978 1412 1371 695 769 479 533 0 0 0 0 0 0 0 0
459 1192 646 533 652 962 0 0 0 0 0 0 0 0 0
1626 47 976 860 1131 444 499 66 0 0 0 0 0 0 0
92 285 47 1065 1192 444 1478 1190 1479 443 0 0 0 0 0
538 47 193 444 984 0 0 0 0 0 0 0 0 0 0
614 387 814 66 1295 47 1173 0 0 0 0 0 0 0 0
1379 1355 444 256 1514 1192 112 533 0 0 0 0 0 0 0
1010 444 1552 1192 737 778 913 906 0 0 0 0 0 0 0
1126 37 1096 1512 907 0 0 0 0 0 0 0 0 0 0
1508 47 1007 1190 10 1192 667 0 0 0 0 0 0 0 0
1476 1192 715 1080 1245 962 0 0 0 0 0 0 0 0 0
1599 962 387 584 1355 10 0 0 0 0 0 0 0 0 0
1379 1355 444 256 1514 1192 112 533 0 0 0 0 0 0 0
1132 1192 1359 1192 1201 501 1192 0 0 0 0 0 0 0 0
614 387 814 66 1295 47 1173 0 0 0 0 0 0 0 0
999 1192 1049 293 983 0 0 0 0 0 0 0 0 0 0
466 1192 1507 1080 111 47 1598 635 1049 0 0 0 0 0 0
962 1611 387 1049 1406 444 874 443 1549 0 0 0 0 0 0
1379 1355 444 256 1514 1192 112 533 0 0 0 0 0 0 0
1119 387 313 387 13 949 1412 1346 387 1348 0 0 0 0 0
1065 860 835 444 1339 1065 787 0 0 0 0 0 0 0 0
976 1473 1049 962 36 737 0 0 0 0 0 0 0 0 0
112 1049 1148 962 1301 880 1500 860 0 0 0 0 0 0 0
112 1049 1148 962 1301 880 1500 860 0 0 0 0 0 0 0
1626 47 976 860 1131 444 499 66 0 0 0 0 0 0 0
1132 1192 1359 1192 1201 501 1192 0 0 0 0 0 0 0 0
614 387 814 66 1295 47 1173 0 0 0 0 0 0 0 0
1626 47 976 860 1131 444 499 66 0 0 0 0 0 0 0
1119 387 313 387 13 949 1412 1346 387 814 66 0 0 0 0
1371 1192 451 47 1049 774 420 0 0 0 0 0 0 0 0
549 778 279 778 1449 1412 0 0 0 0 0 0 0 0 0
112 1049 1148 962 1301 880 1500 860 0 0 0 0 0 0 0
1241 715 1080 1325 0 0 0 0 0 0 0 0 0 0 0
538 47 193 444 984 0 0 0 0 0 0 0 0 0 0
962 1611 387 1049 1406 444 874 443 1549 0 0 0 0 0 0
538 47 193 444 984 0 0 0 0 0 0 0 0 0 0
1626 47 976 860 1131 444 499 66 0 0 0 0 0 0 0
1251 1192 1473 444 1339 1065 787 0 0 0 0 0 0 0 0
1280 778 193 444 1540 860 0 0 0 0 0 0 0 0 0
1626 47 976 860 1131 444 499 66 0 0 0 0 0 0 0
1034 47 263 880 31 816 0 0 0 0 0 0 0 0 0
1372 231 1487 40 1155 1192 7 778 0 0 0 0 0 0 0
436 387 976 41 1192 1378 444 1266 860 0 0 0 0 0 0
1371 1192 451 47 1049 774 420 0 0 0 0 0 0 0 0
1034 47 263 880 31 816 0 0 0 0 0 0 0 0 0
1132 1192 1359 1192 1201 501 1192 0 0 0 0 0 0 0 0
978 1412 1371 695 769 479 533 0 0 0 0 0 0 0 0
962 1611 387 1049 1406 444 874 443 1549 0 0 0 0 0 0
1372 231 1487 40 1155 1192 7 778 0 0 0 0 0 0 0
1385 1192 737 1190 115 1086 47 0 0 0 0 0 0 0 0
1280 778 193 444 1540 860 0 0 0 0 0 0 0 0 0
1280 778 193 444 1540 860 0 0 0 0 0 0 0 0 0
776 1374 416 153 664 0 0 0 0 0 0 0 0 0 0
1010 444 1552 1192 737 778 913 906 0 0 0 0 0 0 0
470 47 1065 1192 444 1491 1190 1479 1355 0 0 0 0 0 0
510 1549 860 880 1500 66 0 0 0 0 0 0 0 0 0
627 533 1611 209 929 1478 1473 56 0 0 0 0 0 0 0
627 533 1611 209 929 1478 689 56 0 0 0 0 0 0 0
1158 1535 1412 718 1325 1488 962 443 1549 0 0 0 0 0 0
978 1412 1371 695 769 479 533 0 0 0 0 0 0 0 0
1626 47 976 860 1131 444 499 66 0 0 0 0 0 0 0
999 1192 1049 293 983 0 0 0 0 0 0 0 0 0 0
1280 778 193 444 1540 860 0 0 0 0 0 0 0 0 0
1251 1192 1473 444 1339 1065 787 0 0 0 0 0 0 0 0
256 1412 1603 75 962 678 879 0 0 0 0 0 0 0 0
1132 1192 1359 1192 1201 501 1192 0 0 0 0 0 0 0 0
1034 47 263 880 31 816 0 0 0 0 0 0 0 0 0
436 387 976 41 1192 1378 444 1266 860 0 0 0 0 0 0
606 1192 996 388 47 1487 443 1549 0 0 0 0 0 0 0
1371 1192 1058 41 444 1119 387 313 387 0 0 0 0 0 0
41 1192 1507 1080 111 47 1598 635 1049 0 0 0 0 0 0
1251 1192 1473 444 1339 1065 787 0 0 0 0 0 0 0 0
470 47 1065 1192 444 1491 1190 1479 1355 0 0 0 0 0 0
112 1192 1280 966 1049 1289 860 0 0 0 0 0 0 0 0
315 47 1359 1192 41 444 1466 831 0 0 0 0 0 0 0
1126 37 1096 1512 907 0 0 0 0 0 0 0 0 0 0
470 47 1065 1192 444 1478 1190 1479 443 0 0 0 0 0 0
1552 47 533 775 47 608 822 962 443 0 0 0 0 0 0
1061 1374 387 28 1392 1469 47 0 0 0 0 0 0 0 0
962 1611 387 1049 1406 444 874 443 1549 0 0 0 0 0 0
112 1049 1148 962 1301 880 1500 860 0 0 0 0 0 0 0
936 1392 1068 444 1119 387 511 66 0 0 0 0 0 0 0
1280 778 193 444 1540 860 0 0 0 0 0 0 0 0 0
1280 778 193 444 1540 860 0 0 0 0 0 0 0 0 0
1034 47 263 880 31 816 0 0 0 0 0 0 0 0 0
1626 47 976 860 1131 1049 566 0 0 0 0 0 0 0 0
538 47 193 444 984 0 0 0 0 0 0 0 0 0 0
112 1049 1148 962 1301 880 1500 860 0 0 0 0 0 0 0
296 47 1049 1478 831 56 1190 1479 1355 0 0 0 0 0 0
1552 47 533 775 47 608 822 962 443 0 0 0 0 0 0
1280 778 193 444 1540 860 0 0 0 0 0 0 0 0 0
1372 231 1487 40 1155 1192 7 778 0 0 0 0 0 0 0
470 47 1065 1192 444 1491 1190 1479 1355 0 0 0 0 0 0
112 1049 1148 962 1301 880 1500 860 0 0 0 0 0 0 0
459 1192 646 533 652 962 0 0 0 0 0 0 0 0 0
670 533 496 47 190 784 860 0 0 0 0 0 0 0 0
436 387 976 41 1192 1378 444 1266 860 0 0 0 0 0 0
466 1192 1507 1080 111 47 1598 635 1049 0 0 0 0 0 0
1379 1355 444 256 1514 1192 112 533 0 0 0 0 0 0 0
936 1392 1068 444 1119 387 511 66 0 0 0 0 0 0 0
459 1192 646 533 652 962 0 0 0 0 0 0 0 0 0
1280 778 193 444 1540 860 0 0 0 0 0 0 0 0 0
112 1192 1280 966 1049 1289 860 0 0 0 0 0 0 0 0
1251 1192 1473 444 1339 1065 787 0 0 0 0 0 0 0 0
256 1412 1603 75 962 678 879 0 0 0 0 0 0 0 0
466 1192 1507 1080 111 47 1598 635 1049 0 0 0 0 0 0
47 1412 1508 778 483 1192 0 0 0 0 0 0 0 0 0
538 47 193 444 984 0 0 0 0 0 0 0 0 0 0
614 387 814 66 1295 47 1173 0 0 0 0 0 0 0 0
1626 47 976 860 1131 444 499 66 0 0 0 0 0 0 0
962 1355 444 1540 224 47 0 0 0 0 0 0 0 0 0
1371 1192 1058 41 444 1119 387 313 387 0 0 0 0 0 0
1508 47 1007 1190 10 1192 667 0 0 0 0 0 0 0 0
1385 1192 737 1194 1192 689 444 783 1355 0 0 0 0 0 0
1119 387 313 387 13 949 1412 1346 387 1348 0 0 0 0 0
978 1412 1371 695 769 479 533 0 0 0 0 0 0 0 0
1372 231 1487 40 1155 1192 7 778 0 0 0 0 0 0 0
1126 37 1096 1512 907 0 0 0 0 0 0 0 0 0 0
776 1374 416 153 664 0 0 0 0 0 0 0 0 0 0
614 387 814 66 1295 47 1173 0 0 0 0 0 0 0 0
1132 1192 1359 1192 1201 501 1192 0 0 0 0 0 0 0 0
1251 1192 1473 444 1339 1065 787 0 0 0 0 0 0 0 0
315 47 1359 1192 41 444 1466 831 0 0 0 0 0 0 0
1379 1355 444 992 112 1412 1346 387 1348 0 0 0 0 0 0
20 785 1192 262 1256 778 0 0 0 0 0 0 0 0 0
1379 1355 444 256 1514 1192 112 533 0 0 0 0 0 0 0
1371 1192 1473 444 1339 1065 787 0 0 0 0 0 0 0 0
1404 444 1379 1090 47 444 1478 66 396 0 0 0 0 0 0
670 533 496 47 190 784 860 0 0 0 0 0 0 0 0
1372 231 1487 40 1155 1192 7 778 0 0 0 0 0 0 0
978 1412 1371 695 769 479 533 0 0 0 0 0 0 0 0
962 1611 387 1049 1406 444 874 443 1549 0 0 0 0 0 0
1372 231 1487 40 1155 1192 7 778 0 0 0 0 0 0 0
1192 1412 1603 75 962 678 879 0 0 0 0 0 0 0 0
112 1049 1148 962 1301 880 1500 860 0 0 0 0 0 0 0
1280 778 193 444 1540 860 0 0 0 0 0 0 0 0 0
776 1374 416 153 664 0 0 0 0 0 0 0 0 0 0
112 1049 1148 962 1301 880 1500 860 0 0 0 0 0 0 0
1599 962 387 584 1355 10 0 0 0 0 0 0 0 0 0
962 1611 387 1049 1406 444 874 443 1549 0 0 0 0 0 0
1626 47 976 860 1131 1049 566 0 0 0 0 0 0 0 0
670 533 496 47 190 784 860 0 0 0 0 0 0 0 0
978 1412 1371 695 769 479 533 0 0 0 0 0 0 0 0
1626 47 976 860 1131 1049 566 0 0 0 0 0 0 0 0
1061 1374 387 28 1392 1469 47 0 0 0 0 0 0 0 0
826 1412 519 387 275 1412 754 0 0 0 0 0 0 0 0
1061 1374 387 28 1392 1469 47 0 0 0 0 0 0 0 0
670 533 496 47 190 784 860 0 0 0 0 0 0 0 0
776 1374 416 153 664 0 0 0 0 0 0 0 0 0 0
1599 962 387 584 1355 10 0 0 0 0 0 0 0 0 0
614 387 814 66 1295 47 1173 0 0 0 0 0 0 0 0
1626 47 976 860 1131 444 499 66 0 0 0 0 0 0 0
670 533 496 47 190 784 860 0 0 0 0 0 0 0 0
200 444 783 1355 444 992 112 1412 0 0 0 0 0 0 0
1280 778 193 444 1540 860 0 0 0 0 0 0 0 0 0
112 1049 1148 962 1301 880 1500 860 0 0 0 0 0 0 0
1508 47 1007 1190 10 1192 667 0 0 0 0 0 0 0 0
1476 1192 715 1080 1245 962 0 0 0 0 0 0 0 0 0
1034 47 263 880 31 816 0 0 0 0 0 0 0 0 0
1061 1374 387 28 1392 1469 47 0 0 0 0 0 0 0 0
112 1049 1148 962 1301 880 1500 860 0 0 0 0 0 0 0
606 1192 996 388 47 1487 443 1549 0 0 0 0 0 0 0
459 1192 646 533 652 962 0 0 0 0 0 0 0 0 0
1061 1374 387 28 1392 1469 47 0 0 0 0 0 0 0 0
112 1049 1148 962 1301 880 1500 860 0 0 0 0 0 0 0
1132 1192 1359 1192 1201 501 1192 0 0 0 0 0 0 0 0
296 47 1049 1478 831 56 1190 1479 1355 0 0 0 0 0 0
1626 47 976 860 1131 444 499 66 0 0 0 0 0 0 0
1126 37 1096 1512 907 0 0 0 0 0 0 0 0 0 0
1280 778 193 444 1540 860 0 0 0 0 0 0 0 0 0
826 1412 519 387 275 1412 754 0 0 0 0 0 0 0 0
466 1192 1507 1080 111 47 1598 635 1049 0 0 0 0 0 0
1010 444 1552 1192 737 778 913 906 0 0 0 0 0 0 0
1372 231 1487 40 1155 1192 7 778 0 0 0 0 0 0 0
1476 1192 845 1080 1210 0 0 0 0 0 0 0 0 0 0
1626 47 976 860 1131 444 499 66 0 0 0 0 0 0 0
1119 387 313 387 13 949 1412 1346 387 1348 0 0 0 0 0
1034 47 263 880 31 816 0 0 0 0 0 0 0 0 0
296 47 1049 1478 831 56 1190 1479 1355 0 0 0 0 0 0
1371 1192 1058 41 444 1119 387 313 387 0 0 0 0 0 0
466 1192 1507 1080 111 47 1598 635 1049 0 0 0 0 0 0
459 1192 646 533 652 962 0 0 0 0 0 0 0 0 0
315 47 1359 1192 41 444 1466 831 0 0 0 0 0 0 0
20 785 1192 262 1256 778 0 0 0 0 0 0 0 0 0
962 1611 387 1049 1406 444 874 443 1549 0 0 0 0 0 0
112 1192 1280 966 1049 1289 860 0 0 0 0 0 0 0 0
614 387 814 66 1295 47 0 0 0 0 0 0 0 0 0
978 1412 1371 695 769 479 533 0 0 0 0 0 0 0 0
1379 1355 444 256 1514 1192 112 533 0 0 0 0 0 0 0
1476 1192 845 1080 1210 0 0 0 0 0 0 0 0 0 0
112 1049 1148 962 1301 880 1500 860 0 0 0 0 0 0 0
436 387 976 41 1192 1378 444 1266 860 0 0 0 0 0 0
978 1412 1371 695 769 479 533 0 0 0 0 0 0 0 0
470 47 1065 1192 444 1491 1190 1479 1355 0 0 0 0 0 0
1251 1192 1473 444 1339 1065 787 0 0 0 0 0 0 0 0
112 1049 1148 962 1301 880 1500 860 0 0 0 0 0 0 0
1476 1192 715 1080 1245 962 0 0 0 0 0 0 0 0 0
1626 47 976 860 1131 1049 566 0 0 0 0 0 0 0 0
1508 47 1007 1190 10 1192 667 0 0 0 0 0 0 0 0
1626 47 976 860 1131 444 499 66 0 0 0 0 0 0 0
1010 444 1552 1192 737 778 913 906 0 0 0 0 0 0 0
978 1412 1371 695 769 479 533 0 0 0 0 0 0 0 0
459 1192 646 533 652 962 0 0 0 0 0 0 0 0 0
1126 37 1096 1512 907 0 0 0 0 0 0 0 0 0 0
470 47 1065 1192 444 1491 1190 1479 1355 0 0 0 0 0 0
112 1049 1148 962 1301 880 1500 860 0 0 0 0 0 0 0
1626 47 976 860 1131 1049 566 0 0 0 0 0 0 0 0
1626 47 976 860 1131 444 499 66 0 0 0 0 0 0 0
1371 1192 1058 41 444 1119 387 313 387 0 0 0 0 0 0
1371 1192 451 47 1049 774 420 0 0 0 0 0 0 0 0
962 1611 387 1049 1406 444 874 443 1549 0 0 0 0 0 0
614 387 814 66 1295 47 1173 0 0 0 0 0 0 0 0
1132 1192 1359 1192 1201 501 1192 0 0 0 0 0 0 0 0
1372 231 1487 40 1155 1192 7 778 0 0 0 0 0 0 0
1119 387 313 387 13 949 1412 1346 387 1348 0 0 0 0 0
1280 778 193 444 1540 860 0 0 0 0 0 0 0 0 0
1626 47 976 860 1131 444 499 66 0 0 0 0 0 0 0
1251 1192 1473 444 1339 1065 787 0 0 0 0 0 0 0 0
1626 47 976 860 1131 444 499 66 0 0 0 0 0 0 0
942 1412 1346 387 608 116 962 416 1176 0 0 0 0 0 0
1626 47 976 860 1131 444 499 66 0 0 0 0 0 0 0
1379 1355 444 256 1514 1192 112 533 0 0 0 0 0 0 0
606 1192 996 388 47 1487 443 1549 0 0 0 0 0 0 0
1251 1192 1473 444 1339 1065 787 0 0 0 0 0 0 0 0
660 47 758 1042 672 1411 444 1479 1355 0 0 0 0 0 0
1379 1355 444 256 1514 1192 112 533 0 0 0 0 0 0 0
1132 1192 1359 1192 1201 501 1192 0 0 0 0 0 0 0 0
670 533 496 47 190 784 860 0 0 0 0 0 0 0 0
776 1374 416 153 664 0 0 0 0 0 0 0 0 0 0
1372 231 1487 40 1155 1192 7 778 0 0 0 0 0 0 0
1508 47 1007 1190 10 1192 667 0 0 0 0 0 0 0 0
1132 1192 1359 1192 1201 501 1192 0 0 0 0 0 0 0 0
1132 1192 1359 1192 1201 501 1192 0 0 0 0 0 0 0 0
1379 1355 444 256 1514 1192 112 533 0 0 0 0 0 0 0
112 1049 1148 962 1301 880 1500 860 0 0 0 0 0 0 0
627 533 1611 209 929 1478 1473 56 0 0 0 0 0 0 0
1132 1192 1359 1192 1201 501 1192 0 0 0 0 0 0 0 0
459 1192 646 533 652 962 0 0 0 0 0 0 0 0 0
1132 1192 1359 1192 1201 501 1192 0 0 0 0 0 0 0 0
76 47 953 444 1379 1355 0 0 0 0 0 0 0 0 0
538 47 193 444 984 0 0 0 0 0 0 0 0 0 0
942 1412 1346 387 608 116 962 416 1176 0 0 0 0 0 0
1372 231 1487 40 1155 1192 7 778 0 0 0 0 0 0 0
1119 387 313 387 13 949 1412 1346 387 1348 0 0 0 0 0
466 1192 1507 1080 111 47 1598 635 1049 0 0 0 0 0 0
76 47 953 444 1379 1355 0 0 0 0 0 0 0 0 0
670 533 496 47 190 784 860 0 0 0 0 0 0 0 0
1371 1192 1058 41 444 1119 387 313 387 0 0 0 0 0 0
112 444 1148 962 1301 880 1500 860 0 0 0 0 0 0 0
614 387 814 66 1295 47 1173 0 0 0 0 0 0 0 0
936 1392 1068 444 1119 387 511 66 0 0 0 0 0 0 0
1126 37 1096 1512 907 0 0 0 0 0 0 0 0 0 0
1626 47 976 860 1131 444 499 66 0 0 0 0 0 0 0
1372 231 1487 40 1155 1192 7 778 0 0 0 0 0 0 0
978 1412 1371 695 769 479 533 0 0 0 0 0 0 0 0
1280 778 193 444 1540 860 0 0 0 0 0 0 0 0 0
1476 1192 715 1080 1245 962 0 0 0 0 0 0 0 0 0
1010 444 1552 1192 737 778 913 906 0 0 0 0 0 0 0
1251 1192 1473 444 1339 1065 787 0 0 0 0 0 0 0 0
1508 47 1007 1190 10 1192 667 0 0 0 0 0 0 0 0
978 1412 1371 695 769 479 533 0 0 0 0 0 0 0 0
315 47 1359 1192 41 444 1466 831 0 0 0 0 0 0 0
112 1049 1148 962 1301 880 1500 860 0 0 0 0 0 0 0
1476 1192 715 1080 1245 962 0 0 0 0 0 0 0 0 0
1379 1355 444 256 1514 1192 112 533 0 0 0 0 0 0 0
459 1192 646 533 652 962 0 0 0 0 0 0 0 0 0
670 533 496 47 190 784 860 0 0 0 0 0 0 0 0
1126 37 1096 1512 907 0 0 0 0 0 0 0 0 0 0
962 1611 387 1049 1406 444 874 443 1549 0 0 0 0 0 0
1442 444 1408 778 578 444 524 443 778 0 0 0 0 0 0
1126 37 1096 1512 907 0 0 0 0 0 0 0 0 0 0
296 47 1049 1478 831 56 1190 1479 1355 0 0 0 0 0 0
112 1049 1148 962 1301 880 1500 860 0 0 0 0 0 0 0
1476 1192 715 1080 1245 962 0 0 0 0 0 0 0 0 0
1119 387 313 387 13 949 1412 1346 387 1348 0 0 0 0 0
470 47 1065 1192 444 1491 1190 1479 1355 0 0 0 0 0 0
614 387 814 66 1295 47 1173 0 0 0 0 0 0 0 0
1476 1192 715 1080 1245 962 0 0 0 0 0 0 0 0 0
296 47 1049 1478 831 56 1190 1479 1355 0 0 0 0 0 0
449 1192 40 1155 1412 793 0 0 0 0 0 0 0 0 0
942 1412 1346 387 510 387 658 66 0 0 0 0 0 0 0
436 387 976 41 1192 1378 444 1266 860 0 0 0 0 0 0
1126 37 1096 1512 907 0 0 0 0 0 0 0 0 0 0
1010 444 1552 1192 737 778 913 906 0 0 0 0 0 0 0
1034 47 263 880 31 816 0 0 0 0 0 0 0 0 0
549 778 279 778 1449 1412 0 0 0 0 0 0 0 0 0
1010 444 1552 1192 737 778 913 906 0 0 0 0 0 0 0
436 387 976 41 1192 1378 444 1266 860 0 0 0 0 0 0
256 1412 1603 75 962 678 879 0 0 0 0 0 0 0 0
1251 1192 1473 444 1339 1065 787 0 0 0 0 0 0 0 0
1034 47 263 880 31 816 0 0 0 0 0 0 0 0 0
1385 1192 737 1190 115 1086 47 0 0 0 0 0 0 0 0
92 285 47 1065 1192 444 1478 1190 1479 443 0 0 0 0 0
1508 47 1007 1190 10 1192 667 0 0 0 0 0 0 0 0
459 1192 646 533 652 962 0 0 0 0 0 0 0 0 0
978 1412 1371 695 769 479 533 0 0 0 0 0 0 0 0
978 1412 1371 695 769 479 533 0 0 0 0 0 0 0 0
1379 1355 444 256 1514 1192 112 533 0 0 0 0 0 0 0
459 1192 646 533 652 962 0 0 0 0 0 0 0 0 0
978 1412 1371 695 769 479 533 0 0 0 0 0 0 0 0
459 1192 646 533 652 962 0 0 0 0 0 0 0 0 0
962 1611 387 1049 1406 444 874 443 1549 0 0 0 0 0 0
538 47 193 444 984 0 0 0 0 0 0 0 0 0 0
1132 1192 1359 1192 1201 501 1192 0 0 0 0 0 0 0 0
471 1140 1549 1599 962 1301 0 0 0 0 0 0 0 0 0
1371 1192 1058 41 444 1119 387 313 387 0 0 0 0 0 0
459 1192 646 533 652 962 0 0 0 0 0 0 0 0 0
1372 231 1487 40 1155 1192 7 778 0 0 0 0 0 0 0
1379 1355 444 256 1514 1192 112 533 0 0 0 0 0 0 0
315 47 1359 1192 41 444 1466 831 0 0 0 0 0 0 0
92 285 47 1065 1192 444 1478 1190 1479 443 0 0 0 0 0
1119 387 313 387 13 949 1412 1346 387 1348 0 0 0 0 0
1508 47 1007 1190 10 1192 667 0 0 0 0 0 0 0 0
1371 1192 451 47 1049 774 420 0 0 0 0 0 0 0 0
470 47 1065 1192 444 1491 1190 1479 1355 0 0 0 0 0 0
1626 47 976 860 1131 444 499 66 0 0 0 0 0 0 0
1280 778 193 444 1540 860 0 0 0 0 0 0 0 0 0
1508 47 1007 1190 10 1192 667 0 0 0 0 0 0 0 0
1371 1192 1058 41 444 1119 387 313 387 0 0 0 0 0 0
1184 231 224 47 988 387 658 66 0 0 0 0 0 0 0
92 285 47 1065 1192 444 1478 1190 1479 443 0 0 0 0 0
614 387 814 66 1295 47 1173 0 0 0 0 0 0 0 0
112 1192 1280 966 1049 1289 860 0 0 0 0 0 0 0 0
1251 1192 1473 444 1339 1065 787 0 0 0 0 0 0 0 0
1061 1374 387 28 1392 1469 47 0 0 0 0 0 0 0 0
776 1374 416 153 664 0 0 0 0 0 0 0 0 0 0
978 1412 1371 695 769 479 533 0 0 0 0 0 0 0 0
112 1049 1148 962 1301 880 1500 860 0 0 0 0 0 0 0
978 1412 1371 695 769 479 533 0 0 0 0 0 0 0 0
296 47 1049 1478 831 56 1190 1479 1355 0 0 0 0 0 0
256 1412 1603 75 962 678 879 0 0 0 0 0 0 0 0
1379 1355 444 256 1514 1192 112 533 0 0 0 0 0 0 0
776 1374 416 153 664 0 0 0 0 0 0 0 0 0 0
1476 1192 845 1080 1210 0 0 0 0 0 0 0 0 0 0
1119 387 313 387 13 949 1412 1346 387 1348 0 0 0 0 0
614 387 814 66 1295 47 1173 0 0 0 0 0 0 0 0
776 1374 416 153 664 0 0 0 0 0 0 0 0 0 0
459 1192 646 533 652 962 0 0 0 0 0 0 0 0 0
112 1192 1280 966 1049 1289 860 0 0 0 0 0 0 0 0
1184 231 224 47 988 387 658 66 0 0 0 0 0 0 0
1442 444 1408 778 578 444 524 443 778 0 0 0 0 0 0
1384 37 1166 1484 1412 984 0 0 0 0 0 0 0 0 0
826 1412 519 387 275 1412 754 0 0 0 0 0 0 0 0
1371 1192 451 47 1049 774 420 0 0 0 0 0 0 0 0
1626 47 976 860 1131 444 499 66 0 0 0 0 0 0 0
776 1374 416 153 664 0 0 0 0 0 0 0 0 0 0
1385 1192 737 1190 115 1086 47 0 0 0 0 0 0 0 0
466 1192 1507 1080 111 47 1598 635 1049 0 0 0 0 0 0
670 533 496 47 190 784 860 0 0 0 0 0 0 0 0
112 1049 1148 962 1301 880 1500 860 0 0 0 0 0 0 0
436 387 976 860 1488 962 1119 387 313 1355 0 0 0 0 0
1372 231 1487 40 1155 1192 7 778 0 0 0 0 0 0 0
459 1192 646 533 652 962 0 0 0 0 0 0 0 0 0
466 1192 1507 1080 111 47 1598 635 1049 0 0 0 0 0 0
1442 444 1408 778 578 444 524 443 778 0 0 0 0 0 0
670 533 496 47 190 784 860 0 0 0 0 0 0 0 0
538 47 193 444 984 0 0 0 0 0 0 0 0 0 0
538 47 193 444 984 0 0 0 0 0 0 0 0 0 0
256 1412 1603 75 962 678 879 0 0 0 0 0 0 0 0
1010 444 1552 1192 737 778 913 906 0 0 0 0 0 0 0
826 1412 519 387 275 1412 754 0 0 0 0 0 0 0 0
1119 387 313 387 13 962 212 443 1549 0 0 0 0 0 0
470 47 1007 1190 1379 1355 444 1500 860 0 0 0 0 0 0
481 47 1007 1190 1589 1192 1464 444 0 0 0 0 0 0 0
459 1192 646 533 652 962 0 0 0 0 0 0 0 0 0
1010 444 1552 1192 737 778 913 906 0 0 0 0 0 0 0
978 1412 1371 695 769 479 533 0 0 0 0 0 0 0 0
112 1049 1148 962 1301 880 1500 860 0 0 0 0 0 0 0
1626 47 976 860 1131 444 499 66 0 0 0 0 0 0 0
256 1412 1603 75 962 678 879 0 0 0 0 0 0 0 0
549 778 279 778 1449 1412 0 0 0 0 0 0 0 0 0
1010 444 1552 1192 737 778 913 906 0 0 0 0 0 0 0
1379 1355 444 256 1514 1192 112 533 0 0 0 0 0 0 0
538 47 193 444 984 0 0 0 0 0 0 0 0 0 0
470 47 1065 1192 444 1491 1190 1479 1355 0 0 0 0 0 0
112 1049 1148 962 1301 880 1500 860 0 0 0 0 0 0 0
1126 37 1096 1512 907 0 0 0 0 0 0 0 0 0 0
670 533 496 47 190 784 860 0 0 0 0 0 0 0 0
1371 1192 451 47 1049 774 420 0 0 0 0 0 0 0 0
112 1049 1148 962 1301 880 1500 860 0 0 0 0 0 0 0
1158 1535 1192 718 444 245 962 1301 0 0 0 0 0 0 0
1184 231 224 47 988 387 658 66 0 0 0 0 0 0 0
466 1192 1507 1080 111 47 1598 635 1049 0 0 0 0 0 0
936 1392 1068 444 1119 387 511 66 0 0 0 0 0 0 0
1184 231 224 47 988 387 658 66 0 0 0 0 0 0 0
614 387 814 66 1295 47 1173 0 0 0 0 0 0 0 0
549 778 279 778 1449 1412 0 0 0 0 0 0 0 0 0
1379 1355 444 256 1514 1192 112 533 0 0 0 0 0 0 0
942 1412 1346 387 608 116 962 416 1176 0 0 0 0 0 0
776 1374 416 153 664 0 0 0 0 0 0 0 0 0 0
470 47 1065 1192 444 1491 1190 1479 1355 0 0 0 0 0 0
92 285 47 1065 1192 444 1478 1190 1479 443 0 0 0 0 0
826 1412 519 387 275 1412 754 0 0 0 0 0 0 0 0
1034 47 263 880 31 816 0 0 0 0 0 0 0 0 0
112 1049 1148 962 1301 880 1500 860 0 0 0 0 0 0 0
962 1611 387 1049 1406 444 874 443 1549 0 0 0 0 0 0
1371 1192 1058 41 444 1119 387 313 387 0 0 0 0 0 0
978 1412 1371 695 769 479 533 0 0 0 0 0 0 0 0
1379 1355 444 256 1514 1192 112 533 0 0 0 0 0 0 0
962 1611 387 1049 1406 444 874 443 1549 0 0 0 0 0 0
670 533 496 47 190 784 860 0 0 0 0 0 0 0 0
459 1192 646 533 652 962 0 0 0 0 0 0 0 0 0
776 1374 416 153 664 0 0 0 0 0 0 0 0 0 0
1476 1192 845 1080 1210 0 0 0 0 0 0 0 0 0 0
1442 444 1408 778 578 444 524 443 778 0 0 0 0 0 0
1280 778 193 444 1540 860 0 0 0 0 0 0 0 0 0
112 1049 1148 962 1301 880 1500 860 0 0 0 0 0 0 0
670 533 496 47 190 784 860 0 0 0 0 0 0 0 0
776 1374 416 153 664 0 0 0 0 0 0 0 0 0 0
776 1374 416 153 664 0 0 0 0 0 0 0 0 0 0
1061 1374 387 28 1392 1469 47 0 0 0 0 0 0 0 0
1371 1192 451 47 1049 774 420 0 0 0 0 0 0 0 0
1034 47 263 880 31 816 0 0 0 0 0 0 0 0 0
1379 1355 444 256 1514 1192 112 533 0 0 0 0 0 0 0
1379 1355 444 992 112 1412 1346 387 1348 0 0 0 0 0 0
1061 1374 387 28 1392 1469 47 0 0 0 0 0 0 0 0
776 1374 416 153 664 0 0 0 0 0 0 0 0 0 0
1379 1355 444 256 1514 1192 112 533 0 0 0 0 0 0 0
670 533 496 47 190 784 860 0 0 0 0 0 0 0 0
470 47 1065 1192 444 1491 1190 1479 1355 0 0 0 0 0 0
466 1192 1507 1080 111 47 1598 635 1049 0 0 0 0 0 0
1061 1374 387 28 1392 1469 47 0 0 0 0 0 0 0 0
1126 37 1096 1512 907 0 0 0 0 0 0 0 0 0 0
1184 231 224 47 988 387 658 66 0 0 0 0 0 0 0
459 1192 646 533 652 962 0 0 0 0 0 0 0 0 0
1476 1192 845 1080 1210 0 0 0 0 0 0 0 0 0 0
1372 231 1487 40 1155 1192 7 778 0 0 0 0 0 0 0
1385 1192 737 1190 115 1086 47 0 0 0 0 0 0 0 0
1379 1355 444 256 1514 1192 112 533 0 0 0 0 0 0 0
1372 231 1487 40 1155 1192 7 778 0 0 0 0 0 0 0
1010 444 1552 1192 737 778 913 906 0 0 0 0 0 0 0
538 47 193 444 984 0 0 0 0 0 0 0 0 0 0
112 1049 1148 962 1301 880 1500 860 0 0 0 0 0 0 0
1251 1192 1473 444 1339 1065 787 0 0 0 0 0 0 0 0
670 533 496 47 190 784 860 0 0 0 0 0 0 0 0
436 387 976 41 1192 1378 444 1266 860 0 0 0 0 0 0
470 47 1065 1192 444 1491 1190 1479 1355 0 0 0 0 0 0
962 1611 387 1049 1406 444 874 443 1549 0 0 0 0 0 0
112 1049 1148 962 1301 880 1500 860 0 0 0 0 0 0 0
670 533 496 47 190 784 860 0 0 0 0 0 0 0 0
978 1412 1371 695 769 479 533 0 0 0 0 0 0 0 0
796 1190 605 1412 718 1325 1049 0 0 0 0 0 0 0 0
20 785 1192 262 1256 778 0 0 0 0 0 0 0 0 0
1119 387 313 387 13 949 1412 1346 387 1348 0 0 0 0 0
466 1192 1507 1080 111 47 1598 635 1049 0 0 0 0 0 0
1626 47 976 860 1131 444 499 66 0 0 0 0 0 0 0
776 1374 416 153 664 0 0 0 0 0 0 0 0 0 0
1372 231 1487 40 1155 1192 7 778 0 0 0 0 0 0 0
936 1392 1068 444 1119 387 511 66 0 0 0 0 0 0 0
276 47 533 1402 1049 1379 443 1549 0 0 0 0 0 0 0
112 1049 1148 962 1301 880 1500 860 0 0 0 0 0 0 0
481 47 1007 1190 1589 1192 1464 444 0 0 0 0 0 0 0
1626 47 976 860 1131 444 499 66 0 0 0 0 0 0 0
942 1412 1346 387 608 116 962 416 1176 0 0 0 0 0 0
481 47 1007 1190 1589 1192 1464 444 0 0 0 0 0 0 0
1010 444 1552 1192 737 778 913 906 0 0 0 0 0 0 0
1626 47 976 860 1131 1049 566 0 0 0 0 0 0 0 0
92 285 47 1065 1192 444 1478 1190 1479 443 0 0 0 0 0
436 387 976 860 1488 962 387 313 1355 0 0 0 0 0 0
1476 1192 845 1080 1210 0 0 0 0 0 0 0 0 0 0
1442 444 1408 778 578 444 524 443 778 0 0 0 0 0 0
470 47 1065 1192 444 1491 1190 1479 1355 0 0 0 0 0 0
112 1412 887 387 1193 1190 1479 1355 0 0 0 0 0 0 0
1132 1192 1359 1192 1201 501 1192 0 0 0 0 0 0 0 0
1508 47 1007 1190 10 1192 667 0 0 0 0 0 0 0 0
1379 1355 444 256 1514 1192 112 533 0 0 0 0 0 0 0
1379 1355 444 256 1514 1192 112 533 0 0 0 0 0 0 0
978 1412 155 37 1193 1276 0 0 0 0 0 0 0 0 0
962 1611 387 1049 1406 444 874 443 1549 0 0 0 0 0 0
776 1374 416 153 664 0 0 0 0 0 0 0 0 0 0
1132 1192 1359 1192 1201 501 1192 0 0 0 0 0 0 0 0
112 1049 1148 962 1301 880 1500 860 0 0 0 0 0 0 0
1372 231 1487 40 1155 1192 7 778 0 0 0 0 0 0 0
1034 47 263 880 31 816 0 0 0 0 0 0 0 0 0
549 778 279 778 1449 1412 0 0 0 0 0 0 0 0 0
1552 47 533 775 47 608 822 962 443 0 0 0 0 0 0
1061 1374 387 28 1392 1469 47 0 0 0 0 0 0 0 0
1119 387 313 387 13 949 1412 1346 387 1348 0 0 0 0 0
614 387 814 66 1295 47 1173 0 0 0 0 0 0 0 0
1280 778 193 444 1540 860 0 0 0 0 0 0 0 0 0
1379 1355 444 992 112 1412 1346 387 1348 0 0 0 0 0 0
466 1192 1507 1080 111 47 1598 635 1049 0 0 0 0 0 0
677 444 1540 737 1190 1478 831 56 0 0 0 0 0 0 0
1372 231 1487 40 1155 1192 7 778 0 0 0 0 0 0 0
112 1049 976 1140 66 737 778 312 1192 0 0 0 0 0 0
606 1192 996 388 47 1487 443 1549 0 0 0 0 0 0 0
826 1412 519 387 275 1412 754 0 0 0 0 0 0 0 0
1626 47 976 860 1131 444 499 66 0 0 0 0 0 0 0
1372 231 1487 40 1155 1192 7 778 0 0 0 0 0 0 0
112 1192 1280 966 1049 1289 860 0 0 0 0 0 0 0 0
1552 47 533 775 47 608 822 962 443 0 0 0 0 0 0
670 533 496 47 190 784 860 0 0 0 0 0 0 0 0
1256 1049 1581 906 1573 387 464 0 0 0 0 0 0 0 0
1372 231 1487 40 1155 1192 7 778 0 0 0 0 0 0 0
1552 47 533 775 47 608 822 962 443 0 0 0 0 0 0
1385 1192 737 1190 115 1086 47 0 0 0 0 0 0 0 0
112 1049 1148 962 1301 880 1500 860 0 0 0 0 0 0 0
942 1412 1346 387 608 116 962 416 1176 0 0 0 0 0 0
112 1049 1148 962 1301 880 1500 860 0 0 0 0 0 0 0
1034 47 263 880 31 816 0 0 0 0 0 0 0 0 0
1552 47 533 775 47 608 822 962 443 0 0 0 0 0 0
1348 145 47 1049 742 420 990 816 1230 0 0 0 0 0 0
1371 1192 1058 41 444 1119 387 313 387 0 0 0 0 0 0
256 1412 1603 75 962 678 879 0 0 0 0 0 0 0 0
1280 778 193 444 1540 860 0 0 0 0 0 0 0 0 0
436 387 976 41 1192 1378 444 1266 860 0 0 0 0 0 0
1476 1192 715 1080 1245 962 0 0 0 0 0 0 0 0 0
1034 47 263 880 31 816 0 0 0 0 0 0 0 0 0
1132 1192 1359 1192 1201 501 1192 0 0 0 0 0 0 0 0
1034 47 263 880 31 816 0 0 0 0 0 0 0 0 0
1508 47 1007 1190 10 1192 667 0 0 0 0 0 0 0 0
1010 444 1552 1192 737 778 913 906 0 0 0 0 0 0 0
538 47 193 444 984 0 0 0 0 0 0 0 0 0 0
1095 47 1103 47 158 36 444 1466 860 190 962 0 0 0 0
1119 387 313 387 13 949 1412 1346 387 1348 0 0 0 0 0
112 1049 1148 962 1301 880 1500 860 0 0 0 0 0 0 0
776 1374 416 153 664 0 0 0 0 0 0 0 0 0 0
936 1392 1068 444 1119 387 511 66 0 0 0 0 0 0 0
826 1412 519 387 275 1412 754 0 0 0 0 0 0 0 0
538 47 193 444 984 0 0 0 0 0 0 0 0 0 0
315 47 1359 1192 41 444 1466 831 0 0 0 0 0 0 0
1119 387 313 387 13 949 1412 1346 387 1348 0 0 0 0 0
20 785 1192 262 1256 778 0 0 0 0 0 0 0 0 0
614 387 814 66 1295 47 1173 0 0 0 0 0 0 0 0
978 1412 1371 695 769 479 533 0 0 0 0 0 0 0 0
459 1192 646 533 652 962 0 0 0 0 0 0 0 0 0
1371 1192 1058 41 444 1119 387 313 387 0 0 0 0 0 0
776 1374 416 153 664 0 0 0 0 0 0 0 0 0 0
606 1192 996 388 47 1487 443 1549 0 0 0 0 0 0 0
315 47 1359 1192 41 444 1466 831 0 0 0 0 0 0 0
1132 1192 1359 1192 1201 501 1192 0 0 0 0 0 0 0 0
1119 387 313 387 13 949 1412 1346 387 1348 0 0 0 0 0
1379 1355 444 256 1514 1192 112 533 0 0 0 0 0 0 0
1476 1192 845 1080 1210 0 0 0 0 0 0 0 0 0 0
1371 1192 1058 41 444 1119 387 313 387 0 0 0 0 0 0
112 778 1256 1155 37 793 0 0 0 0 0 0 0 0 0
942 1412 1346 387 608 116 962 416 1176 0 0 0 0 0 0
1372 231 1487 40 1155 1192 7 778 0 0 0 0 0 0 0
1508 47 1007 1190 10 1192 667 0 0 0 0 0 0 0 0
549 778 279 778 1449 1412 0 0 0 0 0 0 0 0 0
614 387 814 66 1295 47 1173 0 0 0 0 0 0 0 0
978 1412 1371 695 769 479 533 0 0 0 0 0 0 0 0
1476 1192 715 1080 1245 962 0 0 0 0 0 0 0 0 0
1552 47 533 775 47 608 822 962 1355 0 0 0 0 0 0
481 47 1007 1190 1589 1192 1464 444 0 0 0 0 0 0 0
459 1192 646 533 652 962 0 0 0 0 0 0 0 0 0
1385 1192 737 1190 115 1086 47 0 0 0 0 0 0 0 0
1251 1192 1473 444 1339 1065 787 0 0 0 0 0 0 0 0
459 1192 646 533 652 962 0 0 0 0 0 0 0 0 0
936 1392 1068 444 1119 387 511 66 0 0 0 0 0 0 0
670 533 496 47 190 784 860 0 0 0 0 0 0 0 0
315 47 1359 1192 41 444 1466 831 0 0 0 0 0 0 0
549 778 279 778 1449 1412 0 0 0 0 0 0 0 0 0
112 1192 1280 966 1049 1289 860 0 0 0 0 0 0 0 0
1184 231 224 47 988 387 658 66 0 0 0 0 0 0 0
112 1049 1148 962 1301 880 1500 860 0 0 0 0 0 0 0
538 47 193 444 984 0 0 0 0 0 0 0 0 0 0
942 1412 1346 387 608 116 962 416 1176 0 0 0 0 0 0
978 1412 1371 695 769 479 533 0 0 0 0 0 0 0 0
1626 47 976 860 1131 1049 566 0 0 0 0 0 0 0 0
1251 1192 1473 444 1339 1065 787 0 0 0 0 0 0 0 0
1552 47 533 775 47 608 822 962 443 0 0 0 0 0 0
670 533 496 47 190 784 860 0 0 0 0 0 0 0 0
936 1392 1068 444 1119 387 511 66 0 0 0 0 0 0 0
296 47 1049 1478 831 56 1190 1479 1355 0 0 0 0 0 0
776 1374 416 153 664 0 0 0 0 0 0 0 0 0 0
256 1412 1603 75 962 678 879 0 0 0 0 0 0 0 0
1034 47 263 880 31 816 0 0 0 0 0 0 0 0 0
1379 1355 444 256 1514 1192 112 533 0 0 0 0 0 0 0
549 778 279 778 1449 1412 0 0 0 0 0 0 0 0 0
466 1192 1618 444 1379 444 992 112 1412 0 0 0 0 0 0
606 1192 996 388 47 1487 443 1549 0 0 0 0 0 0 0
92 285 47 1065 1192 444 1478 1190 1479 443 0 0 0 0 0
1385 1192 737 1190 115 1086 47 0 0 0 0 0 0 0 0
670 533 496 47 190 784 860 0 0 0 0 0 0 0 0
962 1611 387 1049 1406 444 874 443 1549 0 0 0 0 0 0
670 533 672 665 489 0 0 0 0 0 0 0 0 0 0
1626 47 976 860 1131 1049 566 0 0 0 0 0 0 0 0
776 1374 416 153 664 0 0 0 0 0 0 0 0 0 0
1476 1192 715 1080 1245 962 0 0 0 0 0 0 0 0 0
470 47 1065 1192 444 1491 1190 1479 1355 0 0 0 0 0 0
549 778 279 778 1449 1412 0 0 0 0 0 0 0 0 0
776 1374 416 153 664 0 0 0 0 0 0 0 0 0 0
826 1412 519 387 275 1412 754 0 0 0 0 0 0 0 0
1034 47 263 880 31 816 0 0 0 0 0 0 0 0 0
1476 1192 715 1080 1245 962 0 0 0 0 0 0 0 0 0
112 1192 1280 966 1049 1289 860 0 0 0 0 0 0 0 0
466 1192 1507 1080 111 47 1598 635 1049 0 0 0 0 0 0
978 1412 1371 695 769 479 533 0 0 0 0 0 0 0 0
466 1192 1507 1080 111 47 1598 635 1049 0 0 0 0 0 0
538 47 193 444 984 0 0 0 0 0 0 0 0 0 0
470 47 1065 1192 444 1491 1190 1479 1355 0 0 0 0 0 0
1061 1374 387 28 1392 1469 47 0 0 0 0 0 0 0 0
670 533 496 47 190 784 860 0 0 0 0 0 0 0 0
112 1412 887 1549 0 0 0 0 0 0 0 0 0 0 0
1552 47 533 775 47 608 822 962 387 0 0 0 0 0 0
1379 1355 444 256 1514 1192 112 533 0 0 0 0 0 0 0
962 1611 387 1049 1406 444 874 443 1549 0 0 0 0 0 0
1371 1192 451 47 1049 774 420 0 0 0 0 0 0 0 0
826 1412 519 387 275 1412 754 0 0 0 0 0 0 0 0
315 47 1359 1192 41 444 1466 831 0 0 0 0 0 0 0
1372 231 1487 40 1155 1192 7 778 0 0 0 0 0 0 0
436 387 976 41 1192 1378 444 1266 860 0 0 0 0 0 0
1126 37 1096 1512 907 0 0 0 0 0 0 0 0 0 0
1251 1192 1473 444 1339 1065 787 0 0 0 0 0 0 0 0
256 1412 1603 75 962 678 879 0 0 0 0 0 0 0 0
1126 37 1096 1512 907 0 0 0 0 0 0 0 0 0 0
112 1192 1280 966 1049 1289 860 0 0 0 0 0 0 0 0
1626 47 976 860 1131 444 499 66 0 0 0 0 0 0 0
1010 444 1552 1192 737 778 913 906 0 0 0 0 0 0 0
112 1049 1148 962 1301 880 1500 860 0 0 0 0 0 0 0
112 1049 1148 962 1301 880 1500 860 0 0 0 0 0 0 0
1379 1355 444 992 112 1412 1346 387 1348 0 0 0 0 0 0
76 47 953 444 1379 1355 0 0 0 0 0 0 0 0 0
1184 231 224 47 988 387 658 66 0 0 0 0 0 0 0
1371 1192 451 47 1049 774 420 0 0 0 0 0 0 0 0
1251 1192 1473 444 1339 1065 787 0 0 0 0 0 0 0 0
315 47 1359 1192 41 444 1466 831 0 0 0 0 0 0 0
776 1374 416 153 664 0 0 0 0 0 0 0 0 0 0
1132 1192 1359 1192 1201 501 1192 0 0 0 0 0 0 0 0
1626 47 976 860 1131 1049 566 0 0 0 0 0 0 0 0
1034 47 263 962 212 190 0 0 0 0 0 0 0 0 0
826 1412 519 387 275 1412 754 0 0 0 0 0 0 0 0
1061 1374 387 28 1392 1469 47 0 0 0 0 0 0 0 0
1371 1192 1058 41 47 444 774 420 0 0 0 0 0 0 0
1379 1355 444 256 1514 1192 112 533 0 0 0 0 0 0 0
470 47 1065 1192 444 1491 1190 1479 1355 0 0 0 0 0 0
1371 1192 1058 41 444 1119 387 313 387 0 0 0 0 0 0
276 47 533 1402 1049 1379 443 1549 0 0 0 0 0 0 0
1132 1192 1359 1192 1201 501 1192 0 0 0 0 0 0 0 0
1379 1355 444 992 112 1412 1346 387 1348 0 0 0 0 0 0
481 47 1007 1190 1589 1192 1464 444 0 0 0 0 0 0 0
20 785 1192 262 1256 778 0 0 0 0 0 0 0 0 0
1010 444 1552 1192 737 778 913 906 0 0 0 0 0 0 0
962 1611 387 1049 1406 444 874 443 1549 0 0 0 0 0 0
1379 1355 444 256 1514 1192 112 533 0 0 0 0 0 0 0
1371 1192 1058 41 444 1119 387 313 387 0 0 0 0 0 0
315 47 1359 1192 41 444 1466 831 0 0 0 0 0 0 0
1034 47 263 880 31 816 0 0 0 0 0 0 0 0 0
1379 1355 444 256 1514 1192 112 533 0 0 0 0 0 0 0
1442 444 1408 778 578 444 524 443 778 0 0 0 0 0 0
962 1611 387 1049 1406 444 874 443 1549 0 0 0 0 0 0
459 1192 646 533 652 962 0 0 0 0 0 0 0 0 0
1379 1355 444 992 112 1412 1346 387 1348 0 0 0 0 0 0
1010 444 1552 1192 737 778 913 906 0 0 0 0 0 0 0
978 1412 1371 695 769 479 533 0 0 0 0 0 0 0 0
1126 37 1096 1512 907 0 0 0 0 0 0 0 0 0 0
1132 1192 1359 1192 1201 501 1192 0 0 0 0 0 0 0 0
1626 47 976 860 1131 1049 566 0 0 0 0 0 0 0 0
459 1192 646 533 652 962 0 0 0 0 0 0 0 0 0
795 285 47 501 1392 0 0 0 0 0 0 0 0 0 0
670 533 496 47 190 784 860 0 0 0 0 0 0 0 0
962 1611 387 1049 1406 444 874 443 1549 0 0 0 0 0 0
670 533 496 47 190 784 860 0 0 0 0 0 0 0 0
1126 37 1096 1512 907 0 0 0 0 0 0 0 0 0 0
112 1049 1148 962 1301 880 1500 860 0 0 0 0 0 0 0
1379 1355 444 256 1514 1192 112 533 0 0 0 0 0 0 0
776 1374 416 153 664 0 0 0 0 0 0 0 0 0 0
1476 1192 715 1080 1245 962 0 0 0 0 0 0 0 0 0
1404 444 1379 1371 1192 1111 387 313 1355 0 0 0 0 0 0
1010 444 1552 1192 737 778 913 906 0 0 0 0 0 0 0
1184 231 224 47 988 387 658 66 0 0 0 0 0 0 0
256 1412 1603 75 962 678 879 0 0 0 0 0 0 0 0
835 444 331 1049 1026 0 0 0 0 0 0 0 0 0 0
459 1192 646 533 652 962 0 0 0 0 0 0 0 0 0
20 785 1192 262 1256 778 0 0 0 0 0 0 0 0 0
466 1192 1507 1080 111 47 1598 635 1049 0 0 0 0 0 0
1184 231 224 47 988 387 658 66 0 0 0 0 0 0 0
978 1412 1371 695 769 479 533 0 0 0 0 0 0 0 0
1385 1192 737 1190 115 1086 47 0 0 0 0 0 0 0 0
1508 47 1007 1190 10 1192 667 0 0 0 0 0 0 0 0
614 387 814 66 1295 47 1173 0 0 0 0 0 0 0 0
962 1611 387 1049 1406 444 874 443 1549 0 0 0 0 0 0
1442 444 1408 778 578 444 524 1355 0 0 0 0 0 0 0
112 1049 1148 962 1301 880 1500 860 0 0 0 0 0 0 0
1626 47 976 860 1131 444 499 66 0 0 0 0 0 0 0
1371 1192 1058 41 444 1119 387 313 387 0 0 0 0 0 0
459 1192 646 533 652 962 0 0 0 0 0 0 0 0 0
1184 231 224 47 988 387 658 66 0 0 0 0 0 0 0
481 47 1007 1190 1589 1192 1464 444 0 0 0 0 0 0 0
1034 47 263 880 31 816 0 0 0 0 0 0 0 0 0
1476 1192 996 388 47 1487 443 1549 0 0 0 0 0 0 0
315 47 1359 1192 41 444 1466 831 0 0 0 0 0 0 0
670 533 496 47 190 784 860 0 0 0 0 0 0 0 0
978 1412 1371 695 769 479 533 0 0 0 0 0 0 0 0
1371 1192 451 47 1049 774 420 0 0 0 0 0 0 0 0
436 387 976 41 1192 1378 444 1266 860 0 0 0 0 0 0
296 47 1049 1478 831 56 1190 1479 1355 0 0 0 0 0 0
978 1412 1371 695 769 479 533 0 0 0 0 0 0 0 0
256 1412 1603 75 962 678 879 0 0 0 0 0 0 0 0
549 778 279 778 1449 1412 0 0 0 0 0 0 0 0 0
1442 444 1408 778 578 444 524 443 778 0 0 0 0 0 0
1385 1192 737 1190 115 1086 47 0 0 0 0 0 0 0 0
1300 1049 1581 906 1573 1049 1379 1355 0 0 0 0 0 0 0
1385 1192 737 1190 115 1086 47 0 0 0 0 0 0 0 0
776 1374 416 153 664 0 0 0 0 0 0 0 0 0 0
614 387 814 66 1295 47 1173 0 0 0 0 0 0 0 0
1508 47 1007 1190 10 1192 667 0 0 0 0 0 0 0 0
1034 47 263 880 31 816 0 0 0 0 0 0 0 0 0
942 1412 1346 387 608 116 962 416 1176 0 0 0 0 0 0
549 778 279 778 1449 1412 0 0 0 0 0 0 0 0 0
962 1611 387 1049 1406 444 874 443 1549 0 0 0 0 0 0
1476 1192 715 1080 1245 962 0 0 0 0 0 0 0 0 0
826 1412 519 387 275 1412 754 0 0 0 0 0 0 0 0
1379 1355 444 992 112 1412 1346 387 1348 0 0 0 0 0 0
470 47 1065 1192 444 1478 1190 1479 443 0 0 0 0 0 0
670 533 496 47 190 784 860 0 0 0 0 0 0 0 0
1552 47 533 775 47 608 822 962 443 0 0 0 0 0 0
942 1412 1346 387 608 116 962 416 1176 0 0 0 0 0 0
315 47 1359 1192 41 444 1466 831 0 0 0 0 0 0 0
112 1049 1148 962 1301 880 1500 860 0 0 0 0 0 0 0
1184 231 224 47 988 387 658 66 0 0 0 0 0 0 0
1626 47 976 860 1131 1049 566 0 0 0 0 0 0 0 0
776 1374 416 153 664 0 0 0 0 0 0 0 0 0 0
1251 1192 1473 444 1339 1065 787 0 0 0 0 0 0 0 0
999 1192 1049 293 983 0 0 0 0 0 0 0 0 0 0
470 47 1065 1192 444 1491 1190 1479 1355 0 0 0 0 0 0
1379 1355 444 256 1514 1192 112 533 0 0 0 0 0 0 0
538 47 193 444 984 0 0 0 0 0 0 0 0 0 0
1367 1080 501 906 1573 387 464 0 0 0 0 0 0 0 0
1626 47 976 860 1131 1049 566 0 0 0 0 0 0 0 0
112 1049 1148 962 1301 880 1500 860 0 0 0 0 0 0 0
1379 1355 444 992 112 1412 1346 387 1348 0 0 0 0 0 0
826 1412 519 387 275 1412 754 0 0 0 0 0 0 0 0
1251 1192 1140 444 245 66 0 0 0 0 0 0 0 0 0
92 285 47 1065 1192 444 1478 1190 1479 443 0 0 0 0 0
1379 1355 444 256 1514 1192 112 533 0 0 0 0 0 0 0
112 1049 1148 962 1301 880 1500 860 0 0 0 0 0 0 0
1379 1355 444 256 1514 1192 112 533 0 0 0 0 0 0 0
962 1611 387 1049 1406 444 874 443 1549 0 0 0 0 0 0
1126 37 1096 1512 907 0 0 0 0 0 0 0 0 0 0
466 1192 1507 1080 111 47 1598 635 1049 0 0 0 0 0 0
1334 444 1379 1355 444 992 112 1412 0 0 0 0 0 0 0
1626 47 976 860 1131 444 499 66 0 0 0 0 0 0 0
112 1192 1280 966 1049 1289 860 0 0 0 0 0 0 0 0
1280 778 193 444 1540 860 0 0 0 0 0 0 0 0 0
776 1374 416 153 664 0 0 0 0 0 0 0 0 0 0
1379 1355 444 256 1514 1192 112 533 0 0 0 0 0 0 0
1476 1192 845 1080 1210 0 0 0 0 0 0 0 0 0 0
1476 1192 715 1080 1245 962 0 0 0 0 0 0 0 0 0
436 387 976 860 1488 962 387 313 1355 0 0 0 0 0 0
614 387 814 66 1295 47 1173 0 0 0 0 0 0 0 0
1379 1355 444 256 1514 1192 112 533 0 0 0 0 0 0 0
459 1192 646 533 652 962 0 0 0 0 0 0 0 0 0
1119 387 313 387 13 949 1412 1346 387 1348 0 0 0 0 0
1251 1192 1473 444 1339 1065 787 0 0 0 0 0 0 0 0
1379 1355 444 256 1514 1192 112 533 0 0 0 0 0 0 0
256 1412 1603 75 962 678 879 0 0 0 0 0 0 0 0
1508 47 1007 1190 10 1192 667 0 0 0 0 0 0 0 0
538 47 193 444 984 0 0 0 0 0 0 0 0 0 0
1379 1355 444 256 1514 1192 112 533 0 0 0 0 0 0 0
1184 231 224 47 988 387 658 66 0 0 0 0 0 0 0
776 1374 416 153 664 0 0 0 0 0 0 0 0 0 0
112 1049 1148 962 1301 880 1500 860 0 0 0 0 0 0 0
1379 1355 444 992 112 1412 1346 387 1348 0 0 0 0 0 0
538 47 193 444 984 0 0 0 0 0 0 0 0 0 0
826 1412 519 387 275 1412 754 0 0 0 0 0 0 0 0
459 1192 646 533 652 962 0 0 0 0 0 0 0 0 0
112 1049 1148 962 1301 880 1500 860 0 0 0 0 0 0 0
296 47 1049 1478 831 56 1190 1479 1355 0 0 0 0 0 0
256 1412 1603 75 962 678 879 0 0 0 0 0 0 0 0
112 1049 1148 962 1301 880 1500 860 0 0 0 0 0 0 0
1372 231 1487 40 1155 1192 7 778 0 0 0 0 0 0 0
1126 37 1096 1512 907 0 0 0 0 0 0 0 0 0 0
776 1374 416 153 664 0 0 0 0 0 0 0 0 0 0
1034 47 263 880 31 816 0 0 0 0 0 0 0 0 0
936 1392 1068 444 1119 387 511 66 0 0 0 0 0 0 0
1552 47 533 775 47 608 822 962 1355 0 0 0 0 0 0
1371 1192 1058 41 444 1119 387 313 387 0 0 0 0 0 0
1372 231 1487 40 1155 1192 7 778 0 0 0 0 0 0 0
1476 1192 1596 1192 718 1080 1245 962 1119 1301 0 0 0 0 0
1251 1192 1473 444 1339 1065 787 0 0 0 0 0 0 0 0
1626 47 976 860 1131 444 499 66 0 0 0 0 0 0 0
1626 47 976 860 1131 444 499 66 0 0 0 0 0 0 0
315 47 1359 1192 41 444 1466 831 0 0 0 0 0 0 0
1280 778 193 444 1540 860 0 0 0 0 0 0 0 0 0
1034 47 263 880 31 816 0 0 0 0 0 0 0 0 0
459 1192 646 533 652 962 0 0 0 0 0 0 0 0 0
1508 47 1007 1190 10 1192 667 0 0 0 0 0 0 0 0
1384 37 1166 1484 1412 984 0 0 0 0 0 0 0 0 0
1034 47 263 880 31 816 0 0 0 0 0 0 0 0 0
776 1374 416 153 664 0 0 0 0 0 0 0 0 0 0
1385 1192 737 1190 115 1086 47 0 0 0 0 0 0 0 0
1371 1192 451 47 533 241 444 0 0 0 0 0 0 0 0
826 1412 519 387 275 1412 754 0 0 0 0 0 0 0 0
1385 1192 737 1190 115 1086 47 0 0 0 0 0 0 0 0
1061 1374 387 28 1392 1469 47 0 0 0 0 0 0 0 0
1385 1192 737 1190 115 1086 47 0 0 0 0 0 0 0 0
315 47 1359 1192 41 444 1466 831 0 0 0 0 0 0 0
549 778 279 778 1449 1412 0 0 0 0 0 0 0 0 0
112 1192 1280 966 1049 1289 860 0 0 0 0 0 0 0 0
670 533 496 47 190 784 860 0 0 0 0 0 0 0 0
1251 1192 1473 444 1339 1065 787 0 0 0 0 0 0 0 0
1010 444 1552 1192 737 778 913 906 0 0 0 0 0 0 0
1379 1355 444 256 1514 1192 112 533 0 0 0 0 0 0 0
1626 47 976 860 1131 444 499 66 0 0 0 0 0 0 0
436 387 976 860 1488 962 387 313 1355 0 0 0 0 0 0
962 1611 387 1049 1406 444 874 443 1549 0 0 0 0 0 0
92 285 47 1065 1192 444 1478 1190 1479 443 0 0 0 0 0
670 533 496 47 190 784 860 0 0 0 0 0 0 0 0
470 47 1065 1192 444 1491 1190 1479 1355 0 0 0 0 0 0
1379 1355 444 256 1514 1192 112 533 0 0 0 0 0 0 0
112 1049 1148 962 1301 880 1500 860 0 0 0 0 0 0 0
1010 444 1552 1192 737 778 913 906 0 0 0 0 0 0 0
466 1192 1507 1080 111 47 1598 635 1049 0 0 0 0 0 0
1034 47 263 880 31 816 0 0 0 0 0 0 0 0 0
1119 387 313 387 13 949 1412 1346 387 1348 0 0 0 0 0
776 1374 416 153 664 0 0 0 0 0 0 0 0 0 0
942 1412 1346 387 608 116 962 416 1176 0 0 0 0 0 0
962 1611 387 1049 1406 444 874 443 1549 0 0 0 0 0 0
1379 1355 444 256 1514 1192 112 533 0 0 0 0 0 0 0
92 285 47 1065 1192 444 1478 1190 1479 443 0 0 0 0 0
1119 387 313 387 13 949 1412 1346 387 1348 0 0 0 0 0
1371 1192 1058 41 444 1119 387 313 387 0 0 0 0 0 0
776 1374 416 153 664 0 0 0 0 0 0 0 0 0 0
1626 47 976 860 1131 444 499 66 0 0 0 0 0 0 0
1251 1192 1473 444 1339 1065 787 0 0 0 0 0 0 0 0
112 1049 1148 962 1301 880 1500 860 0 0 0 0 0 0 0
1251 1192 1473 444 1339 1065 787 0 0 0 0 0 0 0 0
1385 1192 737 1190 115 1086 47 0 0 0 0 0 0 0 0
1251 1192 1473 444 1339 1065 787 0 0 0 0 0 0 0 0
826 1412 519 387 275 1412 754 0 0 0 0 0 0 0 0
481 47 1007 1190 1589 1192 1464 444 0 0 0 0 0 0 0
962 1611 387 1049 1406 444 874 443 1549 0 0 0 0 0 0
549 778 279 778 1449 1412 0 0 0 0 0 0 0 0 0
1372 231 1487 40 1155 1192 7 778 0 0 0 0 0 0 0
1132 1192 1359 1192 1201 501 1192 0 0 0 0 0 0 0 0
614 387 814 66 1295 47 1173 0 0 0 0 0 0 0 0
1372 231 1487 40 1155 1192 7 778 0 0 0 0 0 0 0
1132 1192 1359 1192 1201 501 444 1379 0 0 0 0 0 0 0
1476 1192 845 1080 1210 0 0 0 0 0 0 0 0 0 0
1476 1192 845 1080 1210 0 0 0 0 0 0 0 0 0 0
670 533 496 47 190 784 860 0 0 0 0 0 0 0 0
1371 1192 1058 41 444 1119 387 313 387 0 0 0 0 0 0
1034 47 263 880 31 816 0 0 0 0 0 0 0 0 0
1126 37 1096 1512 907 0 0 0 0 0 0 0 0 0 0
1132 1192 1359 1192 1201 501 1192 0 0 0 0 0 0 0 0
1626 47 976 860 1131 1049 566 0 0 0 0 0 0 0 0
1379 1355 444 256 1514 1192 112 533 0 0 0 0 0 0 0
276 47 533 1402 1049 1379 443 1549 0 0 0 0 0 0 0
1371 1192 1473 444 1339 1065 787 0 0 0 0 0 0 0 0
1379 1355 444 256 1514 1192 112 533 0 0 0 0 0 0 0
92 285 47 1065 1192 444 1478 1190 1479 443 0 0 0 0 0
1132 1192 1359 1192 1201 501 1192 0 0 0 0 0 0 0 0
1132 1192 1359 1192 1201 501 1192 0 0 0 0 0 0 0 0
470 47 1065 1192 444 1491 1190 1479 1355 0 0 0 0 0 0
962 1611 387 1049 1406 444 874 443 1549 0 0 0 0 0 0
466 1192 1507 1080 111 47 1598 635 1049 0 0 0 0 0 0
1034 47 263 880 31 816 0 0 0 0 0 0 0 0 0
470 47 1065 1192 444 1491 1190 1479 1355 0 0 0 0 0 0
470 47 1065 1192 444 1491 1190 1479 1355 0 0 0 0 0 0
1372 231 1487 40 1155 1192 7 778 0 0 0 0 0 0 0
459 1192 646 533 652 962 0 0 0 0 0 0 0 0 0
606 1192 996 388 47 1487 443 1549 0 0 0 0 0 0 0
826 1412 519 387 275 1412 754 0 0 0 0 0 0 0 0
1034 47 263 880 31 816 0 0 0 0 0 0 0 0 0
1126 37 1096 1512 907 0 0 0 0 0 0 0 0 0 0
1379 1355 444 256 1514 1192 112 533 0 0 0 0 0 0 0
1552 47 533 775 47 608 822 962 443 0 0 0 0 0 0
1626 47 976 860 1131 444 499 66 0 0 0 0 0 0 0
1626 47 976 860 1131 1049 566 0 0 0 0 0 0 0 0
670 533 496 47 190 784 860 0 0 0 0 0 0 0 0
1379 1355 444 256 1514 1192 112 533 0 0 0 0 0 0 0
112 1049 1148 962 1301 880 1500 860 0 0 0 0 0 0 0
112 1049 1148 962 1301 880 1500 860 0 0 0 0 0 0 0
1280 778 193 444 1540 860 0 0 0 0 0 0 0 0 0
1034 47 263 880 31 816 0 0 0 0 0 0 0 0 0
614 387 814 66 1295 47 1173 0 0 0 0 0 0 0 0
614 387 814 66 1295 47 1173 0 0 0 0 0 0 0 0
1476 1192 996 715 962 1155 962 0 0 0 0 0 0 0 0
1379 1355 444 256 1514 1192 112 533 0 0 0 0 0 0 0
1132 1192 1359 1192 1201 501 1192 0 0 0 0 0 0 0 0
466 1192 1507 1080 111 47 1598 635 1049 0 0 0 0 0 0
466 1192 1507 1080 111 47 1598 635 1049 0 0 0 0 0 0
942 1412 1346 387 608 116 962 416 1176 0 0 0 0 0 0
1256 1049 1581 906 1573 387 464 962 1355 0 0 0 0 0 0
1445 47 263 880 31 816 0 0 0 0 0 0 0 0 0
470 47 1065 1192 444 1478 498 47 0 0 0 0 0 0 0
670 533 496 47 190 784 860 0 0 0 0 0 0 0 0
1126 37 1096 1512 907 0 0 0 0 0 0 0 0 0 0
606 1192 996 388 47 1487 443 1549 0 0 0 0 0 0 0
1379 1355 444 992 112 1412 1346 387 1348 0 0 0 0 0 0
942 1412 1346 387 608 116 962 416 1176 0 0 0 0 0 0
670 533 496 47 190 784 860 0 0 0 0 0 0 0 0
1508 47 1007 1190 10 1192 667 0 0 0 0 0 0 0 0
1119 387 313 387 13 949 1412 1346 387 1348 0 0 0 0 0
1379 1355 444 992 112 1412 1346 387 1348 0 0 0 0 0 0
614 387 814 66 1295 47 1173 0 0 0 0 0 0 0 0
112 1049 1148 962 1301 880 1500 860 0 0 0 0 0 0 0
1280 778 193 444 1540 860 0 0 0 0 0 0 0 0 0
549 778 279 778 1449 1412 0 0 0 0 0 0 0 0 0
549 778 279 778 1449 1412 0 0 0 0 0 0 0 0 0
1476 1192 715 1080 1245 962 0 0 0 0 0 0 0 0 0
826 1412 519 387 275 1412 754 0 0 0 0 0 0 0 0
1251 1192 1473 444 1339 1065 787 0 0 0 0 0 0 0 0
1626 47 976 860 1131 444 499 66 0 0 0 0 0 0 0
538 47 193 444 984 0 0 0 0 0 0 0 0 0 0
112 1049 1148 962 1301 880 1500 860 0 0 0 0 0 0 0
256 1412 1603 75 962 678 879 0 0 0 0 0 0 0 0
20 785 1192 262 1256 778 0 0 0 0 0 0 0 0 0
470 47 1065 1192 444 1478 1190 1479 443 0 0 0 0 0 0
538 47 193 444 984 0 0 0 0 0 0 0 0 0 0
92 285 47 1065 1192 444 1478 1190 1479 443 0 0 0 0 0
1132 1192 1359 1192 1201 501 1192 0 0 0 0 0 0 0 0
549 778 279 778 1449 1412 0 0 0 0 0 0 0 0 0
978 1412 1371 695 769 479 533 0 0 0 0 0 0 0 0
1034 47 263 880 31 816 0 0 0 0 0 0 0 0 0
1034 47 263 880 31 816 0 0 0 0 0 0 0 0 0
1626 47 976 860 1131 444 499 66 0 0 0 0 0 0 0
962 1611 387 1049 1406 444 874 443 1549 0 0 0 0 0 0
1476 1192 715 1080 1245 962 0 0 0 0 0 0 0 0 0
826 1412 519 387 275 1412 754 0 0 0 0 0 0 0 0
47 1412 215 635 444 1503 443 1549 0 0 0 0 0 0 0
549 778 279 778 1449 1412 0 0 0 0 0 0 0 0 0
1508 47 1007 1190 10 1192 667 0 0 0 0 0 0 0 0
1371 1192 1058 41 444 1119 387 313 387 0 0 0 0 0 0
1119 387 313 387 13 949 1412 1346 387 1348 0 0 0 0 0
1379 1355 444 256 1514 1192 112 533 0 0 0 0 0 0 0
962 1611 387 1049 1406 444 874 443 1549 0 0 0 0 0 0
1119 387 313 387 13 949 1412 1346 387 1348 0 0 0 0 0
978 1412 1371 695 769 479 533 0 0 0 0 0 0 0 0
315 47 1359 1192 41 444 1466 831 0 0 0 0 0 0 0
1371 1192 451 47 1049 774 420 0 0 0 0 0 0 0 0
256 1412 1603 75 962 678 879 0 0 0 0 0 0 0 0
315 47 1359 1192 41 444 1466 831 0 0 0 0 0 0 0
538 47 193 444 984 0 0 0 0 0 0 0 0 0 0
296 47 1049 1478 831 56 1190 1479 1355 0 0 0 0 0 0
459 1192 646 533 652 962 0 0 0 0 0 0 0 0 0
1251 1192 1473 444 1339 1065 787 0 0 0 0 0 0 0 0
112 1192 1280 966 1049 1289 860 0 0 0 0 0 0 0 0
1280 778 193 444 1540 860 0 0 0 0 0 0 0 0 0
112 1049 1148 962 1301 880 1500 860 0 0 0 0 0 0 0
1476 1192 715 1080 1245 962 0 0 0 0 0 0 0 0 0
1251 1192 1473 444 1339 1065 787 0 0 0 0 0 0 0 0
1371 1192 451 47 1049 774 420 0 0 0 0 0 0 0 0
1280 778 193 444 1540 860 0 0 0 0 0 0 0 0 0
