0.99566156
0.99001276
0.8853559
0.65673375
0.4747603
0.4747603
0.4747603
0.46252516
0.45925376
0.45081258
0.31534207
0.19820459
0.17686455
0.17420295
0.1638318
0.15976003
0.15976003
0.158329
0.13953571
0.1377266
0.1377266
0.13679035
0.13679035
0.13679035
0.13679035
0.13679035
0.13679035
0.13679035
0.13679035
0.13679035
0.13679035
0.13679035
0.13679035
0.13679035
0.13679035
0.13679035
0.13679035
0.13679035
0.13679035
0.13679035
0.13679035
0.13679035
0.13679035
0.13679035
0.13679035
0.13679035
0.13679035
0.13679035
0.13679035
0.13679035
0.13679035
0.13679035
0.13679035
0.13679035
0.13679035
0.12289576
0.12289576
0.12289576
0.12289576
0.12289576
0.12289576
0.12289576
0.12289576
0.12289576
0.12289576
0.12289576
0.12289576
0.12289576
0.12289576
0.12289576
0.12289576
0.12289576
0.12289576
0.12289576
0.12289576
0.12289576
0.12289576
0.12289576
0.12289576
0.12289576
0.12289576
0.12289576
0.12289576
0.12289576
0.12289576
0.12289576
0.12289576
0.12289576
0.12289576
0.12289576
0.12289576
0.12289576
0.12289576
0.12289576
0.12289576
0.12289576
0.12289576
0.12289576
0.12289576
0.12289576
0.12289576
0.12289576
0.12289576
0.12289576
0.12289576
0.12289576
0.12289576
0.12289576
0.12289576
0.12289576
0.12289576
0.12289576
0.12289576
0.12289576
0.12289576
0.12289576
0.12289576
0.12289576
0.12289576
0.12289576
0.12289576
0.12246384
0.12246384
0.12246384
0.12246384
0.12246384
0.12246384
0.12246384
0.12246384
0.12246384
0.12246384
0.12246384
0.12246384
0.12246384
0.12246384
0.12246384
0.12246384
0.12246384
0.12246384
0.12246384
0.12246384
0.12246384
0.12246384
0.12246384
0.12246384
0.12246384
0.12246384
0.12246384
0.12246384
0.12246384
0.12246384
0.12246384
0.12246384
0.12246384
0.12246384
0.12246384
0.12246384
0.12246384
0.12246384
0.12246384
0.12246384
0.12246384
0.12246384
0.12246384
0.12246384
0.12246384
0.12246384
0.12246384
0.12246384
0.12246384
0.12246384
0.12246384
0.12246384
0.11839809
0.11839809
0.11839809
0.11839809
0.11839809
0.11839809
0.11839809
0.11839809
0.11839809
0.11839809
0.11839809
0.11839809
0.11839809
0.11839809
0.11839809
0.11839809
0.11839809
0.11839809
0.11839809
0.11839809
0.11839809
0.11839809
0.11839809
0.11839809
0.11839809
0.11839809
0.11839809
0.11839809
0.11839809
0.11839809
0.11839809
0.11839809
0.11839809
0.11839809
0.11839809
0.11839809
0.11839809
0.11839809
0.11839809
0.11839809
0.11839809
0.11839809
0.11839809
0.11839809
0.11839809
0.11839809
0.11839809
0.11839809
0.11839809
0.11839809
0.11839809
0.11839809
0.11839809
0.11839809
0.11839809
0.11839809
0.11839809
0.11839809
0.11839809
0.11839809
0.11839809
0.11839809
0.11839809
0.11839809
0.11839809
0.11839809
0.11839809
0.11839809
0.11839809
0.11839809
0.11839809
0.11839809
0.11839809
0.11839809
0.11839809
0.11839809
0.11839809
0.11839809
0.11774232
0.11774232
0.11774232
0.11774232
0.11774232
0.11774232
0.11774232
0.11774232
0.11774232
0.11774232
0.11774232
0.11774232
0.11774232
0.11774232
0.11774232
0.11774232
0.11774232
0.11774232
0.11774232
0.11774232
0.11774232
0.11774232
0.11774232
0.11774232
0.11774232
0.11774232
0.11774232
0.11774232
0.11774232
0.11774232
0.11774232
0.11774232
0.11774232
0.11774232
0.11774232
0.11774232
0.11774232
0.11774232
0.11774232
0.11774232
0.11774232
0.11774232
0.11774232
0.11774232
0.11774232
0.11774232
0.11774232
0.11774232
0.11774232
0.11774232
0.11774232
0.11774232
0.11774232
0.11774232
0.11774232
0.11774232
0.11774232
0.11774232
0.11774232
0.11774232
0.11774232
0.11774232
0.11774232
0.11774232
0.11774232
0.11181203
0.11134157
0.11134157
0.111099675
0.111099675
0.110596135
0.10765214
0.106809594
0.10405723
0.10181427
0.10089069
0.10089069
0.10089069
0.09220383
0.09220383
0.09220383
0.09220383
0.09220383
0.09220383
0.09220383
0.09220383
0.09220383
0.09220383
0.09220383
0.09220383
0.09220383
0.09220383
0.09220383
0.09220383
0.09220383
0.09220383
0.09220383
0.09220383
0.09220383
0.09220383
0.09220383
0.09220383
0.09220383
0.09220383
0.09220383
0.09220383
0.09220383
0.09220383
0.09220383
0.09220383
0.09220383
0.09220383
0.09220383
0.09220383
0.09220383
0.09220383
0.09220383
0.09220383
0.09220383
0.09220383
0.09220383
0.09220383
0.09220383
0.09220383
0.09220383
0.09220383
0.09220383
0.09220383
0.09220383
0.09051409
0.09051409
0.09051409
0.09051409
0.09051409
0.09051409
0.09051409
0.09051409
0.09051409
0.09051409
0.09051409
0.09051409
0.09051409
0.09051409
0.09051409
0.09051409
0.09051409
0.09051409
0.09051409
0.09051409
0.09051409
0.09051409
0.09051409
0.09051409
0.09051409
0.09051409
0.09051409
0.09051409
0.09051409
0.09051409
0.09051409
0.09051409
0.09051409
0.09051409
0.09051409
0.09051409
0.09051409
0.09051409
0.09051409
0.09051409
0.09051409
0.09051409
0.09051409
0.09051409
0.09051409
0.09051409
0.09051409
0.09051409
0.09051409
0.09051409
0.09051409
0.09051409
0.09051409
0.09051409
0.09051409
0.09051409
0.09051409
0.09051409
0.09051409
0.09051409
0.09051409
0.09051409
0.09051409
0.09051409
0.09051409
0.09051409
0.09051409
0.09051409
0.09051409
0.09051409
0.09051409
0.09051409
0.09051409
0.09051409
0.09051409
0.09051409
0.09051409
0.09051409
0.09051409
0.09051409
0.09051409
0.09051409
0.09051409
0.09051409
0.09051409
0.09051409
0.09051409
0.09051409
0.09051409
0.09051409
0.09051409
0.09051409
0.09051409
0.09051409
0.09051409
0.09051409
0.09051409
0.09051409
0.09051409
0.09051409
0.09051409
0.09051409
0.09051409
0.089424714
0.089424714
0.089424714
0.089424714
0.089424714
0.089424714
0.089424714
0.089424714
0.089424714
0.089424714
0.089424714
0.089424714
0.089424714
0.089424714
0.089424714
0.089424714
0.089424714
0.089424714
0.089424714
0.089424714
0.089424714
0.089424714
0.089424714
0.089424714
0.089424714
0.089424714
0.089424714
0.089424714
0.089424714
0.089424714
0.089424714
0.089424714
0.089424714
0.089424714
0.089424714
0.089424714
0.089424714
0.089424714
0.089424714
0.089424714
0.089424714
0.089424714
0.089424714
0.089424714
0.089424714
0.089424714
0.089424714
0.089424714
0.089424714
0.089424714
0.089424714
0.089424714
0.089424714
0.089424714
0.089424714
0.089424714
0.089424714
0.089424714
0.089424714
0.089424714
0.089424714
0.089424714
0.089424714
0.089424714
0.089424714
0.089424714
0.089424714
0.089424714
0.089424714
0.089424714
0.089424714
0.089424714
0.089424714
0.089424714
0.089424714
0.089424714
0.089424714
0.089424714
0.089424714
0.089424714
0.089424714
0.089424714
0.089424714
0.089424714
0.089424714
0.089424714
0.089424714
0.089424714
0.089424714
0.089424714
0.089424714
0.089424714
0.089424714
0.089424714
0.08518116
0.08518116
0.08518116
0.08518116
0.08518116
0.08518116
0.08518116
0.08518116
0.08518116
0.08518116
0.08518116
0.08518116
0.08518116
0.08518116
0.08518116
0.08518116
0.08518116
0.08518116
0.08518116
0.08518116
0.08518116
0.08518116
0.08518116
0.08518116
0.08518116
0.08518116
0.08518116
0.08518116
0.08518116
0.08518116
0.08518116
0.08518116
0.08518116
0.08518116
0.08518116
0.08518116
0.08518116
0.08518116
0.08518116
0.08518116
0.08518116
0.08518116
0.08518116
0.08518116
0.08518116
0.08518116
0.08518116
0.08518116
0.08518116
0.08518116
0.08518116
0.08518116
0.08518116
0.08518116
0.08518116
0.08518116
0.08518116
0.083695784
0.082354926
0.08070258
0.08070258
0.08070258
0.08070258
0.08070258
0.08070258
0.08070258
0.08070258
0.08070258
0.08070258
0.08070258
0.08070258
0.08070258
0.08070258
0.08070258
0.08070258
0.08070258
0.08070258
0.08070258
0.08070258
0.08070258
0.08070258
0.08070258
0.08070258
0.08070258
0.08070258
0.08070258
0.08070258
0.08070258
0.08070258
0.08070258
0.08070258
0.08070258
0.08070258
0.08070258
0.08070258
0.08070258
0.08070258
0.08070258
0.08070258
0.08070258
0.08070258
0.08070258
0.08070258
0.08070258
0.08070258
0.08070258
0.08070258
0.08070258
0.08070258
0.08070258
0.08070258
0.08070258
0.08070258
0.08070258
0.08070258
0.08070258
0.08070258
0.08070258
0.08070258
0.08070258
0.08070258
0.08070258
0.08070258
0.08070258
0.08070258
0.08070258
0.08070258
0.08070258
0.08070258
0.08070258
0.08070258
0.08070258
0.08070258
0.08070258
0.08070258
0.08070258
0.08070258
0.08070258
0.08070258
0.08070258
0.08070258
0.08070258
0.08070258
0.08070258
0.08070258
0.08070258
0.08070258
0.08070258
0.08070258
0.08070258
0.08070258
0.08070258
0.08070258
0.08070258
0.08070258
0.08070258
0.08070258
0.08070258
0.08070258
0.08070258
0.08070258
0.08070258
0.08070258
0.08044367
0.08044367
0.080059886
0.080059886
0.080059886
0.080059886
0.080059886
0.07986984
0.07986984
0.07986984
0.07986984
0.07986984
0.07986984
0.07986984
0.07986984
0.07986984
0.07986984
0.07986984
0.07986984
0.07986984
0.07986984
0.07986984
0.07986984
0.07986984
0.07986984
0.07986984
0.07986984
0.07986984
0.07986984
0.07986984
0.07986984
0.07986984
0.07986984
0.07986984
0.07986984
0.07986984
0.07986984
0.07986984
0.07986984
0.07986984
0.07986984
0.07986984
0.07986984
0.07986984
0.07986984
0.07986984
0.07986984
0.07986984
0.07986984
0.07986984
0.07986984
0.07986984
0.07986984
0.07986984
0.07986984
0.07986984
0.07986984
0.07986984
0.07986984
0.07986984
0.07986984
0.07986984
0.07986984
0.07986984
0.07986984
0.07986984
0.07986984
0.07986984
0.07986984
0.07986984
0.07986984
0.07986984
0.07986984
0.07986984
0.07986984
0.07986984
0.07986984
0.07986984
0.07986984
0.07986984
0.07986984
0.07986984
0.07986984
0.07986984
0.07986984
0.07986984
0.07986984
0.07986984
0.07986984
0.07986984
0.077481076
0.077481076
0.077481076
0.077481076
0.077481076
0.077068284
0.077068284
0.077068284
0.077068284
0.077068284
0.077068284
0.077068284
0.077068284
0.077068284
0.077068284
0.077068284
0.077068284
0.077068284
0.077068284
0.077068284
0.077068284
0.077068284
0.077068284
0.077068284
0.077068284
0.077068284
0.077068284
0.077068284
0.077068284
0.077068284
0.077068284
0.077068284
0.077068284
0.077068284
0.077068284
0.077068284
0.077068284
0.077068284
0.077068284
0.077068284
0.077068284
0.077068284
0.077068284
0.077068284
0.077068284
0.077068284
0.077068284
0.077068284
0.077068284
0.077068284
0.077068284
0.077068284
0.077068284
0.077068284
0.077068284
0.077068284
0.077068284
0.077068284
0.077068284
0.077068284
0.077068284
0.077068284
0.07467804
0.07467804
0.07467804
0.07467804
0.07467804
0.07467804
0.07467804
0.07467804
0.07467804
0.07467804
0.07467804
0.07467804
0.07467804
0.07467804
0.07467804
0.07467804
0.07467804
0.07467804
0.07467804
0.07467804
0.07467804
0.07467804
0.07467804
0.07467804
0.07467804
0.07467804
0.07467804
0.07467804
0.07467804
0.07467804
0.07467804
0.07467804
0.07467804
0.07467804
0.07467804
0.07467804
0.07467804
0.07467804
0.07467804
0.07467804
0.07467804
0.07467804
0.07467804
0.07467804
0.07467804
0.07467804
0.07467804
0.07467804
0.07467804
0.07467804
0.07467804
0.07467804
0.07467804
0.07467804
0.07467804
0.07467804
0.07467804
0.07467804
0.07467804
0.07467804
0.07467804
0.07467804
0.07467804
0.07467804
0.07467804
0.07467804
0.07467804
0.07467804
0.07467804
0.07467804
0.07467804
0.07467804
0.07467804
0.07467804
0.07467804
0.07467804
0.07467804
0.07467804
0.07467804
0.07467804
0.07467804
0.07467804
0.07467804
0.07467804
0.07467804
0.07467804
0.07467804
0.07467804
0.07467804
0.07467804
0.07467804
0.07467804
0.07467804
0.07467804
0.07467804
0.07467804
0.07467804
0.07467804
0.07467804
0.07467804
0.07467804
0.07467804
0.07467804
0.07467804
0.07467804
0.07467804
0.07467804
0.07467804
0.07467804
0.07467804
0.07467804
0.07467804
0.07467804
0.07467804
0.07467804
0.07467804
0.07467804
0.07467804
0.07467804
0.07467804
0.07387423
0.07387423
0.072175875
0.07205397
0.07205397
0.07205397
0.07205397
0.07205397
0.07205397
0.07205397
0.07205397
0.07205397
0.07205397
0.07205397
0.07205397
0.07205397
0.07205397
0.07205397
0.07205397
0.07205397
0.07205397
0.07205397
0.07205397
0.07205397
0.07205397
0.07205397
0.07205397
0.07205397
0.07205397
0.07205397
0.07205397
0.07205397
0.07205397
0.07205397
0.07205397
0.07205397
0.07205397
0.07205397
0.07205397
0.07205397
0.07205397
0.07205397
0.07205397
0.07205397
0.07205397
0.07205397
0.07205397
0.07205397
0.07205397
0.07205397
0.07205397
0.07205397
0.07205397
0.07205397
0.07205397
0.07205397
0.07205397
0.07205397
0.07205397
0.07205397
0.07205397
0.07205397
0.07205397
0.07205397
0.07205397
0.07205397
0.07205397
0.07205397
0.07205397
0.07205397
0.07205397
0.07205397
0.07205397
0.07205397
0.07205397
0.07205397
0.07205397
0.07205397
0.07205397
0.07205397
0.07205397
0.07205397
0.07205397
0.07205397
0.07205397
0.07205397
0.07205397
0.0718705
0.07123238
0.0709318
0.0709318
0.0709318
0.0709318
0.0709318
0.0709318
0.0709318
0.0709318
0.0709318
0.0709318
0.0709318
0.0709318
0.0709318
0.0709318
0.0709318
0.0709318
0.0709318
0.0709318
0.0709318
0.0709318
0.0709318
0.0709318
0.0709318
0.0709318
0.0709318
0.0709318
0.0709318
0.0709318
0.0709318
0.0709318
0.0709318
0.0709318
0.0709318
0.0709318
0.0709318
0.0709318
0.0709318
0.0709318
0.0709318
0.0709318
0.0709318
0.0709318
0.0709318
0.0709318
0.0709318
0.0709318
0.0709318
0.0709318
0.0709318
0.0709318
0.0709318
0.0709318
0.0709318
0.0709318
0.0709318
0.0709318
0.0709318
0.0709318
0.0709318
0.0709318
0.0709318
0.0709318
0.0709318
0.0709318
0.0709318
0.0709318
0.0709318
0.0709318
0.0709318
0.0709318
0.0709318
0.0709318
0.0709318
0.0709318
0.0709318
0.0709318
0.0709318
0.0709318
0.0709318
0.0709318
0.0709318
0.0709318
0.0709318
0.0709318
0.0709318
0.0709318
0.0709318
0.0709318
0.0709318
0.0709318
0.0709318
0.0709318
0.0709318
0.0709318
0.0709318
0.0709318
0.0709318
0.0709318
0.0709318
0.0709318
0.0709318
0.0709318
0.0709318
0.0709318
0.0709318
0.0709318
0.0709318
0.0709318
0.0709318
0.0709318
0.0709318
0.0709318
0.0709318
0.0709318
0.0709318
0.0709318
0.0709318
0.0709318
0.0709318
0.0709318
0.0709318
0.0709318
0.0709318
0.0709318
0.0709318
0.0709318
0.0709318
0.0709318
0.0709318
0.0709318
0.0709318
0.0709318
0.0709318
0.0709318
0.0709318
0.0709318
0.0709318
0.0709318
0.0709318
0.0709318
0.06944739
0.06925799
0.06925799
0.06925799
0.06925799
0.06925799
0.06925799
0.06925799
0.06925799
0.06925799
0.06925799
0.06925799
0.06925799
0.06925799
0.06925799
0.06925799
0.06925799
0.06925799
0.06925799
0.06925799
0.06925799
0.06925799
0.06925799
0.06925799
0.06925799
0.06925799
0.06925799
0.06925799
0.06925799
0.06925799
0.06925799
0.06925799
0.06925799
0.06925799
0.06925799
0.06925799
0.06925799
0.06925799
0.06925799
0.06925799
0.06925799
0.06925799
0.06925799
0.06925799
0.06925799
0.06925799
0.06925799
0.06925799
0.06925799
0.06925799
0.06925799
0.06925799
0.06925799
0.06925799
0.06925799
0.06925799
0.06925799
0.06925799
0.06925799
0.06925799
0.06925799
0.06925799
0.06925799
0.06925799
0.06925799
0.06925799
0.06925799
0.06925799
0.06925799
0.06925799
0.06925799
0.06925799
0.06925799
0.06925799
0.06925799
0.06925799
0.06925799
0.06925799
0.06925799
0.06925799
0.06925799
0.06925799
0.06925799
0.06925799
0.06925799
0.06925799
0.06925799
0.06925799
0.06925799
0.06925799
0.06925799
0.06925799
0.06925799
0.06925799
0.06925799
0.06925799
0.06925799
0.06925799
0.06925799
0.06925799
0.06925799
0.06925799
0.06925799
0.06925799
0.06925799
0.06925799
0.06925799
0.06925799
0.06925799
0.06925799
0.06925799
0.06925799
0.06925799
0.06925799
0.06925799
0.06925799
0.06925799
0.06925799
0.06925799
0.06925799
0.06925799
0.06925799
0.06925799
0.06925799
0.06925799
0.06925799
0.06925799
0.06735665
0.066196285
0.06605467
0.06605467
0.06605467
0.06605467
0.06605467
0.06605467
0.06605467
0.06605467
0.06605467
0.06605467
0.06605467
0.06605467
0.06605467
0.06605467
0.06605467
0.06605467
0.06605467
0.06605467
0.06605467
0.06605467
0.06605467
0.06605467
0.06605467
0.06605467
0.06605467
0.06605467
0.06605467
0.06605467
0.06605467
0.06605467
0.06605467
0.06605467
0.06605467
0.06605467
0.06605467
0.06605467
0.06605467
0.06605467
0.06605467
0.06605467
0.06605467
0.06605467
0.06605467
0.06605467
0.06605467
0.06605467
0.06605467
0.06605467
0.06605467
0.06605467
0.06605467
0.06605467
0.06605467
0.06605467
0.06605467
0.06605467
0.06605467
0.06605467
0.06605467
0.06605467
0.06605467
0.06605467
0.06605467
0.06605467
0.06605467
0.06605467
0.06605467
0.06605467
0.06605467
0.06605467
0.06605467
0.06605467
0.06605467
0.06605467
0.06605467
0.06605467
0.06605467
0.06605467
0.06605467
0.06605467
0.06605467
0.06605467
0.06605467
0.06605467
0.06605467
0.06605467
0.06605467
0.06605467
0.06605467
0.06605467
0.06605467
0.06605467
0.06605467
0.06605467
0.06605467
0.06605467
0.06605467
0.063476466
0.063476466
0.063476466
0.063476466
0.063476466
0.063476466
0.063476466
0.063476466
0.063476466
0.063476466
0.063476466
0.063476466
0.063476466
0.063476466
0.063476466
0.063476466
0.063476466
0.063476466
0.063476466
0.063476466
0.063476466
0.063476466
0.063476466
0.063476466
0.063476466
0.063476466
0.063476466
0.063476466
0.063476466
0.063476466
0.063476466
0.063476466
0.063476466
0.063476466
0.063476466
0.063476466
0.063476466
0.063476466
0.063476466
0.063476466
0.063476466
0.063476466
0.063476466
0.063476466
0.063476466
0.063476466
0.063476466
0.063476466
0.063476466
0.063476466
0.063476466
0.063476466
0.063476466
0.063476466
0.063476466
0.063476466
0.063476466
0.063476466
0.063476466
0.063476466
0.063476466
0.063476466
0.063476466
0.063476466
0.063476466
0.063476466
0.063476466
0.063476466
0.063476466
0.063476466
0.063476466
0.063476466
0.063476466
0.063476466
0.063476466
0.063476466
0.063476466
0.063476466
0.063476466
0.063476466
0.063476466
0.063476466
0.063476466
0.063476466
0.063476466
0.063476466
0.063476466
0.063476466
0.063476466
0.063476466
0.063476466
0.063476466
0.063476466
0.063476466
0.063476466
0.063476466
0.063476466
0.063476466
0.063476466
0.063476466
0.063476466
0.063476466
0.063476466
0.063476466
0.063476466
0.063476466
0.063476466
0.063476466
0.063476466
0.063476466
0.063476466
0.063476466
0.063476466
0.063476466
0.063476466
0.063476466
0.063476466
0.063476466
0.063476466
0.063476466
0.063476466
0.063476466
0.063476466
0.063476466
0.063476466
0.063476466
0.063476466
0.063476466
0.063476466
0.063476466
0.063476466
0.063476466
0.063476466
0.063476466
0.063476466
0.063476466
0.063476466
0.063476466
0.063476466
0.063476466
0.063476466
0.063476466
0.063476466
0.063476466
0.063476466
0.063476466
0.063476466
0.063476466
0.063476466
0.063476466
0.063476466
0.063476466
0.063461676
0.06305612
0.06218213
0.06218213
0.06218213
0.06218213
0.06218213
0.06218213
0.06218213
0.06218213
0.06218213
0.06218213
0.06218213
0.06218213
0.06218213
0.06218213
0.06218213
0.06218213
0.06218213
0.06218213
0.06218213
0.06218213
0.06218213
0.06218213
0.06218213
0.06218213
0.06218213
0.06218213
0.06218213
0.06218213
0.06218213
0.06218213
0.06218213
0.06218213
0.06218213
0.06218213
0.06218213
0.06218213
0.06218213
0.06218213
0.06218213
0.06218213
0.06218213
0.06218213
0.06218213
0.06218213
0.06218213
0.06218213
0.06218213
0.06218213
0.06218213
0.06218213
0.06218213
0.06218213
0.06218213
0.06218213
0.06218213
0.06218213
0.06218213
0.06218213
0.06218213
0.06218213
0.06218213
0.06218213
0.06218213
0.06218213
0.06218213
0.06218213
0.06218213
0.06218213
0.06218213
0.06218213
0.06218213
0.06218213
0.06218213
0.06218213
0.06218213
0.06218213
0.06218213
0.06218213
0.06218213
0.06218213
0.06218213
0.06218213
0.06218213
0.06218213
0.06218213
0.06218213
0.06218213
0.06218213
0.06218213
0.06218213
0.06218213
0.06218213
0.06218213
0.06218213
0.06218213
0.06216972
0.06216972
0.061989285
0.06087038
0.060715146
0.0605375
0.0605375
0.0605375
0.0605375
0.0605375
0.0605375
0.0605375
0.0605375
0.0605375
0.0605375
0.0605375
0.0605375
0.0605375
0.0605375
0.0605375
0.0605375
0.0605375
0.0605375
0.0605375
0.0605375
0.0605375
0.0605375
0.0605375
0.0605375
0.0605375
0.0605375
0.0605375
0.0605375
0.0605375
0.0605375
0.0605375
0.0605375
0.0605375
0.0605375
0.0605375
0.0605375
0.0605375
0.0605375
0.0605375
0.0605375
0.0605375
0.0605375
0.0605375
0.0605375
0.0605375
0.0605375
0.0605375
0.0605375
0.0605375
0.0605375
0.0605375
0.0605375
0.0605375
0.0605375
0.0605375
0.0605375
0.0605375
0.0605375
0.0605375
0.0605375
0.0605375
0.0605375
0.0605375
0.0605375
0.0605375
0.0605375
0.0605375
0.0605375
0.0605375
0.0605375
0.0605375
0.0605375
0.0605375
0.0605375
0.0605375
0.0605375
0.0605375
0.0605375
0.0605375
0.0605375
0.0605375
0.0605375
0.0605375
0.0605375
0.0605375
0.0605375
0.0605375
0.0605375
0.0605375
0.0605375
0.0605375
0.0605375
0.0605375
0.0605375
0.0605375
0.0605375
0.0605375
0.0605375
0.0605375
0.0605375
0.0605375
0.0605375
0.0605375
0.0605375
0.0605375
0.0605375
0.0605375
0.0605375
0.0605375
0.0605375
0.0605375
0.0605375
0.0605375
0.0605375
0.0605375
0.0605375
0.0605375
0.0605375
0.0605375
0.0605375
0.0605375
0.0605375
0.0605375
0.0605375
0.0605375
0.0605375
0.0605375
0.0605375
0.0605375
0.0605375
0.0605375
0.0605375
0.0605375
0.0605375
0.0605375
0.0605375
0.0605375
0.0605375
0.0605375
0.0605375
0.0605375
0.0605375
0.0605375
0.0605375
0.0605375
0.0605375
0.0605375
0.0605375
0.0605375
0.0605375
0.0605375
0.0605375
0.0605375
0.0605375
0.0605375
0.0605375
0.0605375
0.0605375
0.0605375
0.0605375
0.0605375
0.0605375
0.0605375
0.0605375
0.0605375
0.0605375
0.0605375
0.0605375
0.0605375
0.0605375
0.0605375
0.0605375
0.059824884
0.05936008
0.05936008
0.05936008
0.05936008
0.05936008
0.05936008
0.05936008
0.05936008
0.05936008
0.05936008
0.05936008
0.05936008
0.05936008
0.05936008
0.05936008
0.05936008
0.05936008
0.05936008
0.05936008
0.05936008
0.05936008
0.05936008
0.05936008
0.05936008
0.05936008
0.05936008
0.05936008
0.05936008
0.05936008
0.05936008
0.05936008
0.05936008
0.05936008
0.05936008
0.05936008
0.05936008
0.05936008
0.05936008
0.05936008
0.05936008
0.05936008
0.05936008
0.05936008
0.05936008
0.05936008
0.05936008
0.05936008
0.05936008
0.05936008
0.05936008
0.05936008
0.05936008
0.05936008
0.05936008
0.05936008
0.05936008
0.05936008
0.05936008
0.05936008
0.05936008
0.05936008
0.05936008
0.05936008
0.05936008
0.05936008
0.05936008
0.05936008
0.05936008
0.05936008
0.05936008
0.05936008
0.05936008
0.05936008
0.05936008
0.05936008
0.05936008
0.05936008
0.05936008
0.05936008
0.05936008
0.05936008
0.05936008
0.05936008
0.05936008
0.05936008
0.05936008
0.05936008
0.05936008
0.05936008
0.05936008
0.05936008
0.05936008
0.05936008
0.05936008
0.05936008
0.05936008
0.05936008
0.05936008
0.05936008
0.05936008
0.05936008
0.05936008
0.05936008
0.05936008
0.05936008
0.05936008
0.05936008
0.05936008
0.05936008
0.05936008
0.05936008
0.05936008
0.05936008
0.05936008
0.05936008
0.05936008
0.05936008
0.05936008
0.05936008
0.05936008
0.05936008
0.05936008
0.05936008
0.05936008
0.05936008
0.05936008
0.05936008
0.05936008
0.05936008
0.05936008
0.05936008
0.05936008
0.05936008
0.05936008
0.059214022
0.059214022
0.059214022
0.059214022
0.059214022
0.059214022
0.059214022
0.059214022
0.059214022
0.059214022
0.059214022
0.059214022
0.059214022
0.059214022
0.059214022
0.059214022
0.059214022
0.059214022
0.059214022
0.059214022
0.059214022
0.059214022
0.059214022
0.059214022
0.059214022
0.059214022
0.059214022
0.059214022
0.059214022
0.059214022
0.059214022
0.059214022
0.059214022
0.059214022
0.059214022
0.059214022
0.059214022
0.059214022
0.059214022
0.059214022
0.059214022
0.059214022
0.059214022
0.059214022
0.059214022
0.059214022
0.059214022
0.059214022
0.059214022
0.059214022
0.059214022
0.059214022
0.059214022
0.059214022
0.059214022
0.059214022
0.059214022
0.059214022
0.059214022
0.059214022
0.059214022
0.059214022
0.059214022
0.059214022
0.059214022
0.059214022
0.059214022
0.059214022
0.059214022
0.059214022
0.059214022
0.059214022
0.059214022
0.059214022
0.059214022
0.059214022
0.059214022
0.059214022
0.059214022
0.059214022
0.059214022
0.059214022
0.059214022
0.059214022
0.059214022
0.059214022
0.059214022
0.059214022
0.059214022
0.059214022
0.059214022
0.059214022
0.059214022
0.059214022
0.059214022
0.059214022
0.059214022
0.059214022
0.059214022
0.059214022
0.059214022
0.059214022
0.059214022
0.059214022
0.059214022
0.059214022
0.059214022
0.059214022
0.059214022
0.059214022
0.059214022
0.059214022
0.059214022
0.059214022
0.059214022
0.059214022
0.059214022
0.059214022
0.059214022
0.059214022
0.059214022
0.059214022
0.059214022
0.059214022
0.059214022
0.059214022
0.059214022
0.059214022
0.059214022
0.059214022
0.059214022
0.059214022
0.059214022
0.059214022
0.059214022
0.059214022
0.059214022
0.059214022
0.059214022
0.059214022
0.059214022
0.059214022
0.059214022
0.059214022
0.059214022
0.059214022
0.059214022
0.059214022
0.059214022
0.059214022
0.059214022
0.059214022
0.059214022
0.059214022
0.059214022
0.059214022
0.059214022
0.059214022
0.059214022
0.059214022
0.059214022
0.059214022
0.059214022
0.059214022
0.059214022
0.059214022
0.059214022
0.059214022
0.059214022
0.059214022
0.059214022
0.059214022
0.059214022
0.059214022
0.059214022
0.059214022
0.059214022
0.059214022
0.059214022
0.059214022
0.059214022
0.059214022
0.059214022
0.059214022
0.058962744
0.058789693
0.058789693
0.058789693
0.058789693
0.058789693
0.058640756
0.058334693
0.058334693
0.058334693
0.058334693
0.058334693
0.058334693
0.058334693
0.058334693
0.058334693
0.058334693
0.058334693
0.058334693
0.058334693
0.058334693
0.058334693
0.058334693
0.058334693
0.058334693
0.058334693
0.058334693
0.058334693
0.058334693
0.058334693
0.058334693
0.058334693
0.058334693
0.058334693
0.058334693
0.058334693
0.058334693
0.058334693
0.058334693
0.058334693
0.058334693
0.058334693
0.058334693
0.058334693
0.058334693
0.058334693
0.058334693
0.058334693
0.058334693
0.058334693
0.058334693
0.058334693
0.058334693
0.058334693
0.058334693
0.058334693
0.058334693
0.058220785
0.058220785
0.058220785
0.058220785
0.058220785
0.058220785
0.058220785
0.058220785
0.058220785
0.058220785
0.058220785
0.058220785
0.058220785
0.058220785
0.058220785
0.058220785
0.058220785
0.058220785
0.058220785
0.058220785
0.058220785
0.058220785
0.058220785
0.058220785
0.058220785
0.058220785
0.058220785
0.058220785
0.058220785
0.058220785
0.058220785
0.058220785
0.058220785
0.058220785
0.058220785
0.058220785
0.058220785
0.058220785
0.058220785
0.058220785
0.058220785
0.058220785
0.058220785
0.058220785
0.058220785
0.058220785
0.058220785
0.058220785
0.058220785
0.058220785
0.058220785
0.058220785
0.058220785
0.058220785
0.058220785
0.058220785
0.058220785
0.058220785
0.058220785
0.058220785
0.058220785
0.058220785
0.058220785
0.058220785
0.058220785
0.058220785
0.058220785
0.058220785
0.058220785
0.058220785
0.058220785
0.058220785
0.058220785
0.058220785
0.058220785
0.058220785
0.058220785
0.058220785
0.058220785
0.058220785
0.058220785
0.058220785
0.058220785
0.058220785
0.058220785
0.058220785
0.058220785
0.058220785
0.058220785
0.058220785
0.058220785
0.058220785
0.058220785
0.058220785
0.058220785
0.058220785
0.058220785
0.058220785
0.058220785
0.058220785
0.058220785
0.058220785
0.058220785
0.058220785
0.058108907
0.057602238
0.057517454
0.057517454
0.057517454
0.057492726
0.05681927
0.05681927
0.05681927
0.05681927
0.05681927
0.05681927
0.05681927
0.05681927
0.05681927
0.05681927
0.05681927
0.05681927
0.05681927
0.05681927
0.05681927
0.05681927
0.05681927
0.05681927
0.05681927
0.05681927
0.05681927
0.05681927
0.05681927
0.05681927
0.05681927
0.05681927
0.05681927
0.05681927
0.05681927
0.05681927
0.05681927
0.05681927
0.05681927
0.05681927
0.05681927
0.05681927
0.05681927
0.05681927
0.05681927
0.05681927
0.05681927
0.05681927
0.05681927
0.05681927
0.05681927
0.05681927
0.05681927
0.05681927
0.05681927
0.05681927
0.05681927
0.05681927
0.05681927
0.05681927
0.05681927
0.05681927
0.056764707
0.05650094
0.05650094
0.05650094
0.05650094
0.05650094
0.05650094
0.05650094
0.05650094
0.05650094
0.05650094
0.05650094
0.05650094
0.05650094
0.05650094
0.05650094
0.05650094
0.05650094
0.05650094
0.05650094
0.05650094
0.05650094
0.05650094
0.05650094
0.05650094
0.05650094
0.05650094
0.05650094
0.05650094
0.05650094
0.05650094
0.05650094
0.05650094
0.05650094
0.05650094
0.056107406
0.055202246
0.05495445
0.053809114
0.053561546
0.053561546
0.05301322
0.05301322
0.05301322
0.05301322
0.05301322
0.05301322
0.05301322
0.05301322
0.05301322
0.05301322
0.05301322
0.05301322
0.05301322
0.05301322
0.05301322
0.05301322
0.05301322
0.05301322
0.05301322
0.05301322
0.05301322
0.05301322
0.05301322
0.05301322
0.05301322
0.05301322
0.05301322
0.05301322
0.05301322
0.05301322
0.05301322
0.05301322
0.05301322
0.05301322
0.05301322
0.05301322
0.05301322
0.05301322
0.05301322
0.05301322
0.05301322
0.05301322
0.05301322
0.05301322
0.05301322
0.05301322
0.05301322
0.05301322
0.05301322
0.05301322
0.05301322
0.05301322
0.05301322
0.05301322
0.05301322
0.05301322
0.05301322
0.05301322
0.05301322
0.05301322
0.05301322
0.05301322
0.05301322
0.05301322
0.05301322
0.05301322
0.05301322
0.05301322
0.05301322
0.05301322
0.05301322
0.05301322
0.05301322
0.05301322
0.05228416
0.05228416
0.05228416
0.05228416
0.05228416
0.05228416
0.05228416
0.05228416
0.05228416
0.05228416
0.05228416
0.05228416
0.05228416
0.05228416
0.05228416
0.05228416
0.05228416
0.05228416
0.05228416
0.05228416
0.05228416
0.05228416
0.05228416
0.05228416
0.05228416
0.05228416
0.05228416
0.05228416
0.05228416
0.05228416
0.05228416
0.05228416
0.05228416
0.05228416
0.05228416
0.05228416
0.05228416
0.05228416
0.05228416
0.05228416
0.05228416
0.05228416
0.05228416
0.05228416
0.05228416
0.05228416
0.05228416
0.05228416
0.05228416
0.05228416
0.05228416
0.05228416
0.05228416
0.05228416
0.05228416
0.05228416
0.05228416
0.05228416
0.05228416
0.05228416
0.05228416
0.05228416
0.05228416
0.05228416
0.05228416
0.05228416
0.05228416
0.05228416
0.05228416
0.05228416
0.05228416
0.05228416
0.05228416
0.05228416
0.05228416
0.05228416
0.05228416
0.05228416
0.05228416
0.05228416
0.05228416
0.05228416
0.05228416
0.05228416
0.05228416
0.05228416
0.05228416
0.05228416
0.05228416
0.05228416
0.05228416
0.05228416
0.05228416
0.05228416
0.05228416
0.05228416
0.05228416
0.05228416
0.05228416
0.05228416
0.05228416
0.05228416
0.05228416
0.05228416
0.05228416
0.05228416
0.05228416
0.05228416
0.05228416
0.05228416
0.05228416
0.05228416
0.05228416
0.05228416
0.05228416
0.05228416
0.05228416
0.05228416
0.05228416
0.05228416
0.05228416
0.05228416
0.05228416
0.05228416
0.05228416
0.05228416
0.05228416
0.05228416
0.05228416
0.05228416
0.052270964
0.052270964
0.052270964
0.052120805
0.051883582
0.051684123
0.051684123
0.051684123
0.051684123
0.051684123
0.051684123
0.051684123
0.051684123
0.051684123
0.051684123
0.051684123
0.051684123
0.051684123
0.051684123
0.051684123
0.051684123
0.051684123
0.051684123
0.051684123
0.051684123
0.051684123
0.051684123
0.051684123
0.051684123
0.051684123
0.051684123
0.051684123
0.051684123
0.051684123
0.051684123
0.051684123
0.051684123
0.051684123
0.051684123
0.051684123
0.051684123
0.051684123
0.051684123
0.051684123
0.051684123
0.051684123
0.051684123
0.051684123
0.051684123
0.051684123
0.051684123
0.051684123
0.051684123
0.051684123
0.051684123
0.051684123
0.051684123
0.051684123
0.051684123
0.051684123
0.051684123
0.051684123
0.051684123
0.051684123
0.051684123
0.051684123
0.051684123
0.051684123
0.051684123
0.051684123
0.051684123
0.051684123
0.051684123
0.051684123
0.051684123
0.051684123
0.051684123
0.051684123
0.051684123
0.051684123
0.051684123
0.051684123
0.051684123
0.051684123
0.051684123
0.051684123
0.051684123
0.05161634
0.05161634
0.05161634
0.05161634
0.05161634
0.05161634
0.05161634
0.05161634
0.05161634
0.05161634
0.05161634
0.05161634
0.05161634
0.05161634
0.05161634
0.05161634
0.05161634
0.05161634
0.05161634
0.05161634
0.05161634
0.05161634
0.05161634
0.05161634
0.05161634
0.05161634
0.05161634
0.05161634
0.05161634
0.05161634
0.05161634
0.05161634
0.05161634
0.05161634
0.05161634
0.05161634
0.05161634
0.05161634
0.05161634
0.05161634
0.05161634
0.05161634
0.05161634
0.05161634
0.05161634
0.05161634
0.05161634
0.05161634
0.05161634
0.05161634
0.05161634
0.05161634
0.05161634
0.05161634
0.05161634
0.05161634
0.05161634
0.05161634
0.05161634
0.05161634
0.05161634
0.05161634
0.05161634
0.05161634
0.05161634
0.05161634
0.05161634
0.05161634
0.05161634
0.05161634
0.05161634
0.05161634
0.05161634
0.05161634
0.05161634
0.05161634
0.05161634
0.05161634
0.05161634
0.05161634
0.05161634
0.05161634
0.05161634
0.05161634
0.05161634
0.05161634
0.05161634
0.05161634
0.05161634
0.05161634
0.05161634
0.05161634
0.05161634
0.05161634
0.05161634
0.05161634
0.05161634
0.05161634
0.05161634
0.05161634
0.05161634
0.05161634
0.05161634
0.05161634
0.05161634
0.05161634
0.05161634
0.05161634
0.05161634
0.05161634
0.05161634
0.05161634
0.05161634
0.05161634
0.05161634
0.05161634
0.05161634
0.05161634
0.05161634
0.05161634
0.05161634
0.05161634
0.05161634
0.05161634
0.05161634
0.05161634
0.05161634
0.05161634
0.05161634
0.05161634
0.05161634
0.05161634
0.05161634
0.05161634
0.05161634
0.05161634
0.05161634
0.05161634
0.05161634
0.05161634
0.05161634
0.05161634
0.05161634
0.05161634
0.05161634
0.05161634
0.05161634
0.05161634
0.05161634
0.05161634
0.05161634
0.05161634
0.05161634
0.05161634
0.05161634
0.05161634
0.05161634
0.05161634
0.05161634
0.05161634
0.05161634
0.05161634
0.05161634
0.05161634
0.05161634
0.05161634
0.05161634
0.05161634
0.05067067
0.05067067
0.05067067
0.05067067
0.05067067
0.05067067
0.05067067
0.05067067
0.05067067
0.05067067
0.05067067
0.05067067
0.050456636
0.04946171
0.04910115
0.04900639
0.048890915
0.048887547
0.048800487
0.048779603
0.04871389
0.048706423
0.048399504
0.047903314
0.047900423
0.04786981
0.047630727
0.04760925
0.04760925
0.047544558
0.047544558
0.047544558
0.047544558
0.047544558
0.047544558
0.047544558
0.047544558
0.047544558
0.047544558
0.047544558
0.047544558
0.047544558
0.047544558
0.047544558
0.047544558
0.047544558
0.047544558
0.047544558
0.047544558
0.047544558
0.047544558
0.047544558
0.047544558
0.047544558
0.047544558
0.047544558
0.047544558
0.047544558
0.047544558
0.047544558
0.047544558
0.047544558
0.047544558
0.047544558
0.047544558
0.047544558
0.047544558
0.047544558
0.047544558
0.047544558
0.047544558
0.047544558
0.047544558
0.047544558
0.047544558
0.047544558
0.047544558
0.047544558
0.047544558
0.047544558
0.047544558
0.047544558
0.047544558
0.047544558
0.047544558
0.047544558
0.047544558
0.047544558
0.047544558
0.047544558
0.047544558
0.047544558
0.047544558
0.047544558
0.047544558
0.047544558
0.047544558
0.047544558
0.047544558
0.047544558
0.047544558
0.047544558
0.047544558
0.047544558
0.047544558
0.047544558
0.047544558
0.047544558
0.047544558
0.047544558
0.047544558
0.047544558
0.047544558
0.047544558
0.047544558
0.047544558
0.047544558
0.047544558
0.047544558
0.047544558
0.047544558
0.047544558
0.047544558
0.047544558
0.047544558
0.047544558
0.047544558
0.047544558
0.047544558
0.047544558
0.047544558
0.047544558
0.047544558
0.047544558
0.047544558
0.047544558
0.047544558
0.047544558
0.047544558
0.047544558
0.047544558
0.047544558
0.047544558
0.047544558
0.047544558
0.047544558
0.047544558
0.047544558
0.047544558
0.047544558
0.047544558
0.047544558
0.047544558
0.047544558
0.047544558
0.047544558
0.047544558
0.047544558
0.047544558
0.047544558
0.047544558
0.047544558
0.047544558
0.047544558
0.047544558
0.047544558
0.047544558
0.047544558
0.047544558
0.047544558
0.047544558
0.047544558
0.047544558
0.047544558
0.047544558
0.047544558
0.047544558
0.047544558
0.047544558
0.047544558
0.047544558
0.047544558
0.047544558
0.047544558
0.047544558
0.047544558
0.047544558
0.047544558
0.047544558
0.047544558
0.047544558
0.047544558
0.047544558
0.047544558
0.047544558
0.047544558
0.047531612
0.047425788
0.04717649
0.047118
0.04703334
0.04703334
0.04703334
0.04703334
0.04703334
0.04703334
0.04703334
0.04703334
0.04703334
0.04651495
0.046318226
0.046125762
0.046125762
0.046125762
0.046125762
0.046125762
0.046125762
0.046125762
0.046125762
0.046125762
0.046125762
0.046125762
0.046125762
0.046125762
0.046125762
0.046125762
0.046125762
0.046125762
0.046125762
0.046125762
0.046125762
0.046125762
0.046125762
0.046125762
0.046125762
0.046125762
0.046125762
0.046125762
0.046125762
0.046125762
0.046125762
0.046125762
0.046125762
0.046125762
0.046125762
0.046125762
0.046125762
0.046125762
0.046125762
0.046125762
0.046125762
0.046125762
0.046125762
0.046125762
0.046125762
0.046125762
0.046125762
0.046125762
0.046125762
0.046125762
0.046125762
0.046125762
0.046125762
0.046125762
0.046125762
0.046125762
0.046125762
0.046125762
0.046125762
0.046125762
0.046125762
0.046125762
0.046125762
0.046125762
0.046125762
0.046125762
0.046125762
0.046125762
0.046125762
0.046125762
0.046125762
0.046125762
0.046125762
0.046125762
0.046125762
0.046125762
0.046125762
0.046125762
0.046125762
0.046125762
0.046125762
0.046125762
0.046125762
0.046125762
0.046125762
0.046125762
0.046125762
0.046125762
0.046125762
0.046125762
0.046125762
0.046125762
0.046125762
0.046125762
0.046125762
0.046125762
0.046125762
0.046125762
0.046125762
0.046125762
0.046125762
0.046125762
0.046125762
0.046125762
0.046125762
0.046125762
0.046125762
0.046125762
0.046125762
0.046125762
0.046125762
0.046125762
0.046125762
0.046125762
0.046125762
0.046125762
0.046125762
0.046125762
0.046125762
0.046125762
0.046125762
0.046125762
0.046125762
0.046125762
0.046125762
0.046125762
0.046125762
0.046125762
0.046125762
0.046125762
0.046125762
0.046125762
0.046125762
0.046125762
0.046125762
0.046125762
0.046125762
0.046125762
0.046125762
0.0459819
0.0459819
0.0459819
0.0459819
0.0459819
0.0459819
0.0459819
0.0459819
0.0459819
0.0459819
0.0459819
0.0459819
0.0459819
0.0459819
0.0459819
0.0459819
0.0459819
0.0459819
0.0459819
0.0459819
0.0459819
0.0459819
0.0459819
0.0459819
0.0459819
0.0459819
0.0459819
0.0459819
0.0459819
0.0459819
0.0459819
0.0459819
0.0459819
0.0459819
0.0459819
0.0459819
0.0459819
0.0459819
0.0459819
0.0459819
0.0459819
0.0459819
0.0459819
0.0459819
0.0459819
0.0459819
0.0459819
0.0459819
0.0459819
0.0459819
0.0459819
0.0459819
0.0459819
0.0459819
0.0459819
0.0459819
0.0459819
0.0459819
0.0459819
0.0459819
0.0459819
0.0459819
0.0459819
0.0459819
0.0459819
0.0459819
0.0459819
0.0459819
0.0459819
0.0459819
0.0459819
0.0459819
0.0459819
0.0459819
0.0459819
0.0459819
0.0459819
0.0459819
0.0459819
0.0459819
0.0459819
0.0459819
0.0459819
0.0459819
0.0459819
0.0459819
0.0459819
0.0459819
0.0459819
0.0459819
0.0459819
0.0459819
0.0459819
0.0459819
0.0459819
0.0459819
0.0459819
0.0459819
0.0459819
0.0459819
0.0459819
0.0459819
0.0459819
0.0459819
0.0459819
0.0459819
0.0459819
0.0459819
0.0459819
0.0459819
0.0459819
0.0459819
0.0459819
0.0459819
0.0458563
0.045825556
0.045825556
0.045825556
0.045825556
0.045825556
0.045825556
0.045825556
0.045825556
0.045825556
0.045825556
0.045825556
0.045825556
0.045825556
0.045825556
0.045825556
0.045825556
0.045825556
0.045825556
0.045825556
0.045825556
0.045825556
0.045825556
0.045825556
0.045825556
0.045825556
0.045825556
0.045825556
0.045825556
0.045825556
0.045825556
0.045825556
0.045825556
0.045825556
0.045825556
0.045825556
0.045825556
0.045825556
0.045825556
0.045825556
0.045825556
0.045825556
0.045825556
0.045825556
0.045825556
0.045825556
0.045825556
0.045825556
0.045825556
0.045825556
0.045825556
0.045825556
0.045825556
0.045825556
0.045825556
0.045825556
0.045825556
0.045825556
0.045825556
0.045825556
0.045825556
0.045825556
0.045825556
0.045825556
0.045825556
0.045825556
0.045825556
0.045825556
0.045825556
0.045825556
0.045825556
0.045825556
0.045825556
0.045825556
0.045825556
0.045825556
0.045825556
0.045825556
0.045825556
0.045825556
0.045825556
0.045825556
0.045825556
0.045825556
0.045825556
0.045825556
0.045825556
0.045825556
0.045825556
0.045825556
0.045825556
0.045825556
0.045825556
0.045825556
0.045825556
0.045825556
0.045825556
0.045825556
0.045825556
0.045825556
0.045825556
0.045825556
0.045825556
0.045825556
0.045825556
0.045825556
0.045825556
0.045825556
0.045825556
0.045825556
0.045825556
0.045825556
0.045825556
0.045825556
0.045825556
0.045825556
0.045825556
0.045825556
0.045825556
0.045825556
0.045825556
0.045825556
0.045825556
0.045825556
0.045825556
0.045825556
0.045825556
0.045825556
0.045825556
0.045825556
0.045825556
0.045825556
0.045825556
0.045825556
0.045825556
0.045825556
0.045825556
0.045825556
0.045578767
0.045578767
0.045578767
0.045578767
0.045578767
0.045578767
0.045578767
0.045578767
0.045578767
0.045578767
0.045578767
0.045578767
0.045539457
0.045539457
0.045539457
0.045539457
0.045539457
0.045539457
0.045539457
0.045539457
0.045539457
0.045539457
0.045539457
0.045539457
0.045539457
0.045539457
0.045539457
0.045539457
0.045539457
0.045539457
0.045539457
0.045539457
0.045539457
0.045539457
0.045539457
0.045539457
0.045539457
0.045539457
0.045539457
0.045539457
0.045539457
0.045539457
0.045539457
0.045539457
0.045539457
0.045539457
0.045539457
0.045285575
0.045238838
0.045238838
0.045238838
0.045238838
0.045238838
0.045238838
0.045238838
0.045238838
0.045238838
0.04488209
0.04488209
0.04488209
0.04488209
0.04488209
0.04488209
0.04488209
0.04488209
0.04488209
0.04488209
0.04488209
0.04488209
0.04488209
0.04488209
0.04488209
0.04488209
0.04488209
0.04488209
0.04488209
0.04488209
0.04488209
0.04488209
0.04488209
0.04488209
0.04488209
0.04488209
0.04488209
0.04488209
0.04488209
0.04488209
0.04488209
0.04488209
0.04488209
0.04488209
0.04488209
0.04488209
0.04488209
0.04488209
0.04488209
0.04488209
0.04488209
0.04488209
0.04488209
0.04488209
0.04488209
0.04488209
0.04488209
0.04488209
0.04488209
0.04488209
0.04488209
0.04488209
0.04488209
0.04488209
0.04488209
0.04488209
0.04488209
0.04488209
0.04488209
0.04488209
0.04488209
0.04488209
0.04488209
0.04488209
0.04488209
0.04488209
0.04488209
0.04488209
0.04488209
0.04488209
0.04488209
0.04488209
0.04488209
0.04488209
0.04488209
0.04488209
0.04488209
0.04488209
0.04488209
0.04488209
0.04488209
0.04488209
0.04488209
0.04488209
0.04488209
0.04488209
0.04488209
0.04488209
0.04488209
0.04488209
0.04488209
0.04488209
0.04488209
0.04488209
0.04488209
0.04488209
0.04488209
0.04488209
0.04488209
0.04488209
0.04488209
0.04488209
0.04488209
0.04488209
0.04488209
0.04488209
0.04488209
0.04488209
0.04488209
0.04488209
0.04488209
0.04488209
0.04488209
0.04488209
0.04488209
0.04488209
0.04488209
0.04488209
0.04488209
0.04488209
0.04488209
0.04488209
0.04488209
0.04488209
0.04488209
0.04488209
0.04488209
0.04488209
0.04488209
0.04488209
0.04488209
0.04488209
0.04488209
0.04488209
0.04488209
0.04488209
0.04488209
0.04488209
0.04488209
0.04488209
0.04488209
0.04488209
0.04488209
0.04488209
0.04488209
0.04488209
0.04488209
0.04488209
0.04488209
0.04488209
0.04488209
0.04488209
0.04488209
0.04488209
0.04488209
0.04488209
0.04488209
0.04488209
0.04488209
0.044865593
0.04467047
0.044600442
0.044353068
0.044353068
0.04429859
0.044202376
0.043944158
0.043667227
0.043132614
0.043132614
0.043132614
0.043132614
0.043132614
0.043132614
0.042947106
0.042864587
0.042864587
0.042864587
0.042864587
0.042864587
0.042864587
0.042864587
0.042864587
0.042864587
0.042864587
0.042864587
0.042864587
0.042864587
0.042864587
0.042864587
0.042864587
0.042864587
0.042864587
0.042864587
0.042864587
0.042864587
0.042864587
0.042864587
0.042864587
0.042864587
0.042864587
0.042864587
0.042864587
0.042864587
0.042864587
0.042864587
0.042864587
0.042864587
0.042864587
0.042864587
0.042864587
0.042864587
0.042864587
0.042864587
0.042864587
0.042864587
0.042864587
0.042864587
0.042864587
0.042864587
0.042864587
0.042864587
0.042864587
0.042864587
0.042864587
0.042864587
0.042864587
0.042864587
0.042864587
0.042864587
0.042864587
0.042864587
0.042864587
0.042864587
0.042864587
0.042864587
0.042864587
0.042864587
0.042864587
0.042864587
0.042864587
0.042864587
0.042864587
0.042864587
0.042864587
0.042864587
0.042864587
0.042864587
0.042864587
0.042864587
0.042864587
0.042864587
0.042864587
0.042864587
0.042864587
0.042864587
0.042864587
0.042864587
0.042864587
0.042864587
0.042864587
0.042864587
0.042864587
0.042864587
0.042864587
0.042864587
0.042864587
0.042864587
0.042864587
0.042864587
0.042864587
0.042864587
0.042864587
0.042864587
0.042864587
0.042864587
0.042864587
0.042864587
0.042864587
0.042864587
0.042864587
0.042864587
0.042864587
0.042864587
0.042864587
0.042864587
0.042864587
0.042864587
0.042864587
0.042864587
0.042864587
0.042864587
0.042864587
0.042864587
0.042864587
0.042864587
0.042864587
0.042864587
0.042864587
0.042850703
0.04284766
0.04284766
0.04284766
0.04284766
0.04284766
0.04284766
0.04284766
0.04284766
0.04284766
0.04284766
0.04284766
0.04284766
0.04284766
0.04284766
0.04284766
0.04284766
0.04284766
0.04284766
0.04284766
0.04284766
0.04284766
0.04284766
0.04284766
0.04284766
0.04284766
0.04284766
0.04284766
0.042818796
0.042818796
0.042796113
0.042796113
0.042796113
0.042796113
0.042796113
0.042796113
0.042796113
0.042796113
0.042796113
0.04223854
0.04223854
0.041769184
0.041769184
0.041590877
0.041590877
0.041590877
0.041590877
0.041590877
0.041590877
0.041590877
0.041590877
0.041590877
0.041590877
0.041590877
0.041590877
0.041590877
0.041590877
0.041590877
0.041590877
0.041590877
0.041590877
0.041590877
0.041590877
0.041590877
0.041590877
0.041590877
0.041590877
0.041590877
0.041590877
0.041590877
0.041590877
0.041590877
0.041590877
0.041590877
0.041590877
0.041590877
0.041590877
0.041590877
0.041590877
0.041590877
0.041590877
0.041590877
0.041590877
0.041590877
0.041590877
0.041590877
0.041590877
0.041590877
0.041590877
0.041590877
0.041590877
0.041590877
0.041590877
0.041590877
0.041590877
0.041590877
0.041590877
0.041590877
0.041590877
0.041590877
0.041590877
0.041590877
0.041590877
0.041590877
0.041590877
0.041590877
0.041590877
0.041590877
0.041590877
0.041590877
0.041590877
0.041590877
0.041590877
0.041590877
0.041590877
0.041590877
0.041590877
0.041590877
0.041590877
0.041590877
0.041590877
0.041590877
0.041590877
0.041590877
0.041590877
0.041590877
0.041590877
0.041590877
0.041590877
0.041590877
0.041590877
0.041590877
0.041590877
0.041590877
0.041590877
0.041590877
0.041590877
0.041590877
0.041590877
0.041590877
0.041590877
0.041590877
0.041590877
0.041590877
0.041590877
0.041590877
0.041590877
0.041590877
0.041590877
0.041590877
0.041590877
0.041590877
0.041590877
0.041590877
0.041590877
0.041590877
0.041590877
0.041590877
0.041590877
0.041590877
0.041590877
0.041590877
0.041590877
0.041590877
0.041590877
0.041590877
0.041590877
0.041590877
0.041590877
0.041590877
0.041590877
0.04154672
0.04154672
0.04108359
0.040691227
0.04022844
0.040108442
0.040108442
0.040108442
0.040108442
0.040108442
0.040108442
0.040108442
0.040108442
0.040108442
0.040108442
0.040108442
0.040108442
0.040108442
0.040108442
0.040108442
0.040108442
0.040108442
0.040108442
0.040108442
0.040108442
0.040108442
0.040108442
0.040108442
0.040108442
0.040108442
0.040108442
0.040108442
0.040108442
0.040108442
0.040108442
0.040108442
0.040108442
0.040108442
0.040108442
0.040108442
0.040108442
0.040108442
0.040108442
0.040108442
0.040108442
0.040108442
0.040108442
0.040108442
0.040108442
0.040108442
0.040108442
0.040108442
0.040108442
0.040108442
0.040108442
0.040108442
0.040108442
0.040108442
0.040108442
0.040108442
0.040108442
0.040108442
0.040108442
0.040108442
0.040108442
0.040108442
0.040108442
0.040108442
0.040108442
0.040108442
0.040108442
0.040108442
0.040108442
0.040108442
0.040108442
0.040108442
0.040108442
0.040108442
0.040108442
0.040108442
0.040108442
0.040108442
0.040108442
0.040108442
0.040108442
0.040108442
0.040108442
0.040108442
0.040108442
0.040108442
0.040108442
0.040108442
0.040108442
0.040108442
0.040108442
0.040108442
0.040108442
0.040108442
0.040108442
0.040108442
0.040108442
0.040108442
0.040108442
0.040108442
0.040108442
0.040108442
0.040108442
0.040108442
0.040108442
0.040108442
0.040108442
0.040108442
0.040108442
0.040108442
0.040108442
0.040108442
0.040108442
0.040108442
0.040108442
0.040108442
0.040108442
0.040108442
0.040108442
0.040108442
0.040108442
0.040108442
0.040108442
0.040108442
0.040108442
0.040108442
0.040108442
0.040108442
0.040108442
0.040108442
0.040108442
0.040108442
0.040108442
0.040108442
0.040108442
0.040108442
0.040108442
0.040108442
0.040108442
0.040108442
0.040108442
0.040108442
0.040108442
0.040108442
0.040108442
0.040108442
0.040108442
0.040108442
0.040108442
0.040108442
0.040108442
0.040108442
0.040108442
0.040108442
0.040108442
0.040108442
0.040108442
0.040108442
0.040108442
0.03988829
0.03984423
0.039520208
0.039520208
0.039520208
0.039520208
0.039520208
0.039520208
0.039520208
0.039520208
0.039520208
0.039520208
0.039520208
0.039520208
0.039520208
0.039520208
0.039520208
0.039520208
0.039520208
0.039520208
0.039520208
0.039520208
0.039520208
0.039520208
0.039520208
0.039520208
0.039520208
0.039520208
0.039520208
0.039520208
0.039520208
0.039520208
0.039520208
0.039520208
0.039520208
0.039520208
0.039520208
0.039520208
0.039520208
0.039520208
0.039520208
0.039520208
0.039520208
0.039520208
0.039520208
0.039520208
0.039520208
0.039520208
0.039520208
0.039520208
0.039520208
0.039520208
0.039520208
0.039520208
0.039520208
0.039520208
0.039520208
0.039520208
0.039520208
0.039520208
0.039520208
0.039520208
0.039520208
0.039520208
0.039520208
0.039520208
0.039520208
0.039520208
0.039520208
0.039520208
0.039520208
0.039520208
0.039520208
0.039520208
0.039520208
0.039520208
0.039520208
0.039520208
0.039520208
0.039520208
0.039520208
0.039520208
0.039520208
0.039520208
0.039520208
0.039520208
0.039520208
0.039520208
0.039520208
0.039520208
0.039520208
0.039520208
0.039520208
0.039520208
0.039520208
0.039520208
0.039520208
0.039520208
0.039520208
0.039520208
0.039520208
0.039520208
0.039520208
0.039520208
0.039520208
0.039520208
0.039520208
0.039520208
0.039520208
0.039520208
0.039520208
0.039520208
0.039520208
0.039520208
0.039520208
0.039520208
0.039520208
0.039520208
0.039520208
0.039520208
0.039520208
0.039520208
0.039520208
0.039520208
0.039520208
0.039520208
0.039520208
0.039335907
0.03909957
0.03909957
0.03909957
0.03909957
0.03909957
0.03909957
0.03909957
0.03909957
0.03909957
0.03909957
0.03909957
0.03909957
0.03909957
0.03909957
0.03909957
0.03909957
0.03909957
0.03909957
0.03909957
0.03909957
0.03909957
0.03909957
0.03909957
0.03909957
0.039007854
0.038976304
0.038976304
0.038976304
0.038976304
0.038976304
0.038599852
0.038599852
0.038526136
0.038526136
0.03839898
0.03839898
0.03839898
0.03839898
0.03839898
0.03839898
0.03839898
0.03839898
0.03839898
0.03839898
0.03839898
0.03839898
0.03839898
0.03839898
0.03839898
0.03839898
0.03839898
0.03839898
0.03839898
0.03839898
0.03839898
0.03839898
0.03839898
0.03839898
0.03839898
0.03839898
0.03839898
0.03839898
0.03839898
0.03839898
0.03839898
0.03839898
0.03839898
0.03839898
0.03839898
0.03839898
0.03839898
0.03839898
0.03839898
0.03839898
0.03839898
0.03839898
0.03839898
0.03839898
0.03839898
0.03839898
0.03839898
0.03839898
0.03839898
0.03839898
0.03839898
0.03839898
0.03839898
0.03839898
0.03839898
0.03839898
0.03839898
0.03839898
0.03839898
0.03839898
0.03839898
0.03839898
0.03839898
0.03839898
0.03839898
0.03839898
0.03839898
0.03839898
0.03839898
0.03839898
0.03839898
0.03839898
0.03839898
0.03839898
0.03839898
0.03839898
0.03839898
0.03839898
0.03839898
0.03839898
0.03839898
0.03839898
0.03839898
0.03839898
0.03839898
0.03839898
0.03839898
0.03839898
0.03839898
0.03839898
0.03839898
0.03839898
0.03839898
0.03839898
0.03839898
0.03839898
0.03839898
0.03839898
0.03839898
0.03839898
0.03839898
0.03839898
0.03839898
0.03839898
0.03839898
0.03839898
0.03839898
0.03839898
0.03839898
0.03839898
0.03839898
0.03839898
0.03839898
0.03839898
0.03839898
0.03839898
0.03839898
0.03839898
0.03839898
0.03839898
0.03839898
0.03839898
0.03839898
0.03839898
0.03839898
0.03839898
0.03839898
0.03839898
0.03839898
0.03839898
0.03839898
0.03839898
0.03839898
0.03839898
0.03839898
0.03839898
0.03839898
0.03839898
0.03839898
0.03839898
0.03839898
0.03839898
0.03839898
0.03839898
0.03839898
0.03839898
0.03839898
0.03839898
0.03839898
0.03839898
0.03839898
0.03839898
0.03839898
0.03839898
0.03839898
0.03839898
0.03839898
0.03839898
0.03839898
0.03839898
0.03839898
0.03839898
0.03839898
0.03839898
0.03839898
0.03839898
0.03839898
0.03839898
0.03839898
0.03839898
0.038065974
0.038007937
0.03793661
0.0379123
0.037698716
0.037698716
0.037698716
0.037698716
0.037698716
0.037698716
0.037698716
0.037698716
0.037698716
0.037698716
0.037698716
0.037698716
0.037698716
0.037698716
0.037698716
0.037698716
0.037698716
0.037698716
0.037698716
0.037698716
0.037698716
0.037698716
0.037698716
0.037698716
0.037698716
0.037698716
0.037698716
0.037698716
0.037698716
0.037698716
0.037698716
0.037698716
0.037698716
0.037698716
0.037698716
0.037698716
0.037698716
0.037698716
0.037698716
0.037698716
0.037698716
0.037698716
0.037698716
0.037698716
0.037698716
0.037698716
0.037698716
0.037698716
0.037698716
0.037698716
0.037698716
0.037698716
0.037698716
0.037698716
0.037698716
0.037698716
0.037698716
0.037698716
0.037698716
0.037698716
0.037698716
0.037698716
0.037698716
0.037698716
0.037698716
0.037698716
0.03765508
0.03765508
0.03765508
0.03765508
0.03765508
0.03765508
0.037580222
0.037580222
0.037327144
0.037051063
0.03691873
0.036606714
0.03658136
0.03658136
0.036476564
0.03614438
0.035920553
0.035920553
0.035920553
0.035920553
0.035811562
0.035811562
0.035811562
0.035811562
0.035811562
0.035811562
0.035811562
0.035811562
0.035811562
0.035811562
0.035811562
0.035811562
0.035811562
0.035811562
0.035811562
0.035811562
0.035811562
0.035811562
0.035811562
0.035811562
0.035811562
0.035811562
0.035811562
0.035811562
0.035811562
0.035811562
0.035811562
0.035811562
0.035811562
0.035811562
0.035811562
0.035811562
0.035811562
0.035811562
0.035811562
0.035811562
0.035811562
0.035811562
0.035811562
0.035811562
0.035811562
0.035811562
0.035811562
0.035811562
0.035811562
0.035811562
0.035811562
0.035811562
0.035811562
0.035811562
0.035811562
0.035811562
0.035811562
0.035811562
0.035811562
0.035811562
0.035811562
0.035811562
0.035811562
0.035811562
0.035811562
0.035811562
0.035811562
0.035811562
0.035811562
0.035811562
0.035811562
0.035811562
0.035811562
0.035811562
0.035811562
0.035811562
0.035811562
0.035811562
0.035811562
0.035811562
0.035811562
0.035811562
0.035811562
0.035811562
0.035811562
0.035811562
0.035811562
0.035811562
0.035811562
0.035811562
0.035811562
0.035811562
0.035811562
0.035811562
0.035811562
0.035811562
0.035811562
0.035811562
0.035811562
0.035811562
0.035811562
0.035811562
0.035811562
0.035811562
0.035811562
0.035811562
0.035811562
0.035811562
0.035811562
0.035811562
0.035811562
0.035811562
0.035811562
0.035811562
0.035811562
0.035811562
0.035811562
0.035811562
0.035811562
0.035811562
0.035811562
0.035811562
0.035811562
0.035811562
0.035811562
0.035811562
0.035811562
0.035811562
0.035811562
0.035811562
0.035811562
0.035811562
0.035811562
0.035811562
0.035811562
0.035811562
0.035811562
0.035811562
0.035811562
0.035811562
0.035811562
0.035811562
0.035811562
0.035811562
0.035811562
0.035811562
0.035811562
0.035811562
0.035811562
0.035811562
0.035811562
0.035811562
0.035811562
0.035811562
0.035811562
0.035811562
0.035811562
0.035811562
0.035811562
0.035811562
0.035811562
0.035811562
0.035811562
0.035811562
0.035811562
0.035811562
0.035811562
0.035811562
0.035811562
0.035811562
0.035811562
0.035811562
0.035811562
0.035811562
0.035811562
0.035811562
0.035811562
0.035811562
0.035811562
0.035811562
0.035811562
0.035811562
0.035811562
0.035811562
0.035811562
0.035811562
0.035811562
0.035811562
0.035811562
0.035811562
0.035811562
0.035811562
0.035811562
0.035811562
0.035811562
0.035811562
0.035811562
0.035811562
0.035811562
0.035811562
0.035811562
0.035811562
0.035811562
0.035811562
0.035811562
0.035811562
0.035811562
0.035811562
0.035811562
0.035811562
0.035811562
0.035811562
0.035811562
0.035811562
0.035811562
0.035811562
0.035811562
0.035811562
0.035811562
0.035811562
0.035811562
0.035811562
0.035811562
0.035811562
0.035811562
0.035811562
0.035811562
0.035811562
0.035811562
0.035811562
0.035811562
0.03580914
0.035745565
0.035721246
0.035721246
0.035721246
0.035721246
0.035693914
0.035586283
0.035562627
0.035562627
0.035541847
0.035541847
0.035541847
0.035541847
0.035541847
0.035541847
0.035541847
0.035541847
0.035541847
0.035541847
0.035541847
0.035541847
0.035541847
0.035541847
0.035541847
0.035541847
0.035541847
0.035541847
0.035541847
0.035541847
0.035541847
0.035541847
0.035541847
0.035541847
0.035541847
0.035541847
0.035541847
0.035541847
0.035541847
0.035541847
0.035541847
0.035541847
0.035541847
0.035541847
0.035541847
0.035541847
0.035541847
0.035541847
0.035541847
0.035541847
0.035541847
0.035541847
0.035541847
0.035541847
0.035541847
0.035541847
0.035541847
0.035541847
0.035541847
0.035541847
0.035541847
0.035541847
0.035541847
0.035541847
0.035541847
0.035541847
0.035541847
0.035541847
0.035541847
0.035541847
0.035541847
0.035541847
0.035541847
0.035541847
0.035541847
0.035541847
0.035541847
0.035541847
0.035541847
0.035541847
0.035541847
0.035541847
0.035541847
0.035541847
0.035541847
0.035541847
0.035541847
0.035541847
0.035541847
0.035541847
0.035541847
0.035541847
0.035541847
0.035541847
0.035541847
0.035541847
0.035541847
0.035541847
0.035541847
0.035541847
0.035541847
0.035541847
0.035541847
0.035541847
0.035541847
0.035541847
0.035541847
0.035541847
0.035541847
0.035541847
0.035541847
0.035541847
0.035541847
0.035541847
0.035541847
0.035541847
0.035541847
0.035541847
0.035541847
0.035541847
0.035541847
0.035541847
0.035541847
0.035541847
0.035541847
0.035541847
0.035541847
0.035541847
0.035541847
0.035541847
0.035541847
0.035541847
0.035541847
0.035541847
0.035541847
0.035541847
0.035541847
0.035541847
0.035541847
0.035541847
0.035541847
0.035541847
0.035541847
0.035541847
0.035541847
0.035541847
0.035541847
0.035541847
0.035541847
0.035541847
0.035541847
0.035541847
0.035541847
0.035541847
0.035541847
0.035541847
0.035541847
0.035541847
0.035541847
0.035541847
0.035541847
0.035541847
0.035541847
0.035541847
0.035541847
0.035541847
0.035541847
0.035541847
0.035541847
0.035541847
0.035541847
0.035541847
0.035541847
0.035541847
0.035541847
0.035541847
0.035541847
0.035541847
0.035541847
0.035541847
0.035541847
0.035541847
0.035541847
0.035541847
0.035541847
0.035541847
0.035541847
0.035541847
0.035541847
0.035541847
0.035541847
0.035541847
0.035541847
0.035541847
0.035541847
0.035541847
0.035541847
0.035541847
0.035541847
0.035541847
0.035541847
0.035541847
0.035541847
0.035541847
0.035541847
0.035541847
0.035541847
0.035541847
0.035541847
0.035541847
0.035541847
0.035541847
0.03548692
0.035484146
0.035460226
0.03534216
0.035301033
0.035175078
0.035175078
0.035175078
0.035175078
0.035175078
0.035175078
0.035175078
0.035175078
0.035175078
0.035175078
0.035175078
0.035175078
0.035175078
0.035175078
0.035175078
0.035175078
0.035175078
0.035175078
0.035175078
0.035175078
0.035175078
0.035175078
0.035175078
0.035175078
0.035175078
0.035175078
0.035175078
0.035175078
0.035175078
0.035175078
0.035175078
0.035175078
0.035175078
0.035175078
0.035175078
0.035175078
0.035175078
0.035175078
0.035175078
0.035175078
0.035175078
0.035175078
0.035175078
0.035175078
0.035175078
0.035175078
0.035175078
0.035175078
0.035175078
0.035175078
0.035175078
0.035175078
0.035175078
0.035175078
0.035175078
0.035175078
0.035175078
0.035175078
0.035175078
0.035175078
0.035175078
0.035175078
0.035175078
0.035175078
0.035175078
0.035175078
0.035175078
0.035175078
0.035175078
0.035175078
0.035175078
0.035175078
0.035175078
0.035175078
0.035175078
0.035175078
0.035175078
0.035175078
0.035175078
0.035175078
0.035175078
0.035175078
0.035175078
0.035175078
0.035175078
0.035175078
0.035175078
0.035175078
0.035175078
0.035175078
0.035175078
0.035175078
0.035175078
0.035175078
0.035175078
0.035175078
0.035175078
0.035175078
0.035175078
0.035175078
0.035175078
0.035175078
0.035175078
0.035175078
0.035175078
0.035175078
0.035175078
0.035175078
0.035175078
0.035175078
0.035175078
0.035175078
0.035175078
0.035175078
0.035175078
0.035175078
0.035175078
0.035175078
0.035175078
0.035175078
0.035175078
0.035175078
0.035175078
0.035175078
0.035175078
0.035175078
0.035175078
0.035175078
0.035175078
0.035175078
0.035175078
0.035175078
0.035175078
0.035175078
0.035175078
0.035175078
0.035175078
0.035175078
0.035175078
0.035175078
0.035175078
0.035175078
0.035175078
0.035175078
0.035175078
0.035175078
0.035175078
0.035175078
0.035175078
0.035175078
0.035175078
0.035175078
0.035175078
0.035175078
0.035175078
0.035175078
0.035175078
0.035175078
0.035175078
0.035175078
0.035175078
0.035175078
0.035175078
0.035175078
0.035175078
0.035175078
0.035175078
0.035175078
0.035175078
0.035175078
0.035175078
0.035175078
0.035175078
0.035175078
0.035175078
0.035175078
0.035175078
0.035175078
0.035175078
0.035175078
0.035175078
0.035175078
0.035175078
0.035175078
0.035175078
0.035175078
0.035175078
0.035175078
0.035175078
0.035175078
0.035175078
0.035175078
0.035175078
0.035175078
0.035175078
0.035175078
0.035175078
0.035175078
0.035175078
0.035175078
0.035175078
0.035175078
0.035175078
0.035175078
0.035175078
0.035175078
0.035175078
0.035175078
0.035175078
0.035175078
0.035175078
0.035175078
0.035175078
0.035175078
0.035175078
0.035175078
0.035175078
0.035175078
0.035175078
0.035175078
0.035175078
0.035175078
0.035175078
0.035175078
0.035175078
0.035175078
0.035175078
0.035175078
0.035175078
0.035175078
0.035175078
0.035175078
0.035175078
0.03513754
0.03511952
0.03511952
0.035056394
0.03502589
0.03495972
0.03479901
0.034355965
0.034355965
0.034355965
0.034355965
0.034355965
0.034355965
0.034355965
0.034355965
0.034355965
0.034355965
0.034355965
0.034355965
0.034355965
0.034355965
0.034355965
0.034355965
0.034355965
0.034355965
0.034355965
0.034355965
0.034355965
0.034355965
0.034355965
0.034355965
0.034355965
0.034355965
0.034355965
0.034355965
0.034355965
0.034355965
0.034355965
0.034355965
0.034355965
0.034355965
0.034355965
0.034355965
0.034355965
0.034355965
0.034355965
0.034355965
0.034355965
0.034355965
0.034355965
0.034355965
0.034355965
0.034355965
0.034355965
0.034355965
0.034355965
0.034355965
0.034355965
0.034355965
0.034355965
0.034355965
0.034355965
0.034355965
0.034355965
0.034355965
0.034355965
0.034355965
0.034355965
0.034355965
0.034355965
0.034355965
0.034355965
0.034355965
0.034355965
0.034355965
0.034355965
0.034355965
0.034355965
0.034355965
0.034355965
0.034355965
0.034355965
0.034355965
0.034355965
0.034355965
0.034355965
0.034355965
0.034355965
0.034355965
0.034355965
0.034355965
0.034355965
0.034355965
0.034355965
0.034355965
0.034355965
0.034355965
0.034355965
0.034355965
0.034355965
0.034355965
0.034355965
0.034355965
0.034355965
0.034355965
0.034355965
0.034355965
0.034355965
0.034355965
0.034355965
0.034355965
0.034355965
0.034355965
0.034355965
0.034355965
0.034355965
0.034355965
0.034355965
0.034355965
0.034355965
0.034355965
0.034355965
0.034355965
0.034355965
0.034355965
0.034355965
0.034355965
0.034355965
0.034355965
0.034355965
0.034355965
0.034355965
0.034355965
0.034355965
0.034355965
0.034355965
0.034355965
0.034355965
0.034355965
0.034355965
0.034355965
0.034355965
0.034355965
0.034355965
0.034355965
0.034355965
0.034355965
0.034355965
0.034355965
0.034355965
0.034355965
0.034355965
0.034355965
0.034355965
0.034355965
0.034355965
0.034355965
0.034355965
0.034355965
0.034355965
0.034355965
0.034355965
0.034355965
0.034355965
0.034355965
0.034355965
0.034355965
0.034355965
0.034355965
0.034355965
0.034355965
0.034355965
0.034355965
0.034355965
0.034355965
0.034355965
0.034355965
0.034355965
0.034355965
0.034355965
0.034355965
0.034355965
0.034355965
0.034355965
0.034355965
0.034355965
0.034355965
0.034355965
0.034355965
0.034355965
0.034355965
0.034355965
0.034355965
0.034355965
0.034355965
0.034355965
0.034355965
0.034355965
0.034355965
0.034355965
0.034355965
0.034355965
0.034355965
0.034355965
0.034355965
0.034355965
0.034355965
0.034355965
0.034355965
0.034355965
0.034355965
0.034355965
0.034355965
0.034355965
0.034355965
0.034355965
0.034355965
0.034355965
0.034355965
0.034355965
0.034355965
0.034355965
0.034355965
0.034355965
0.034355965
0.034355965
0.034355965
0.034355965
0.034355965
0.034355965
0.034355965
0.034355965
0.034355965
0.034355965
0.034355965
0.034355965
0.034355965
0.034355965
0.034355965
0.034355965
0.034355965
0.034355965
0.034355965
0.034355965
0.034355965
0.034355965
0.034355965
0.034355965
0.034355965
0.034355965
0.034355965
0.034355965
0.034355965
0.034355965
0.034355965
0.034355965
0.034355965
0.034355965
0.034355965
0.034355965
0.034355965
0.034355965
0.034355965
0.034355965
0.034355965
0.034355965
0.034355965
0.034355965
0.034355965
0.034355965
0.034355965
0.034355965
0.034355965
0.034355965
0.034355965
0.034355965
0.034355965
0.034355965
0.034355965
0.034355965
0.034355965
0.034355965
0.034355965
0.034355965
0.034355965
0.034355965
0.034355965
0.034355965
0.034355965
0.034355965
0.034355965
0.034355965
0.034355965
0.034277298
0.03419425
0.03385015
0.03378913
0.033650976
0.03364055
0.033586524
0.033187926
0.033163924
0.033143688
0.032996893
0.03288824
0.03275389
0.032551806
0.03230935
0.03225974
0.03224025
0.032151785
0.032151785
0.032138284
0.032028355
0.032028355
0.032028355
0.032028355
0.032028355
0.032028355
0.032028355
0.032028355
0.032028355
0.032028355
0.032028355
0.032028355
0.032028355
0.032028355
0.032028355
0.032028355
0.032028355
0.032028355
0.032028355
0.032028355
0.032028355
0.032028355
0.032028355
0.032028355
0.032028355
0.032028355
0.032028355
0.032028355
0.032028355
0.032028355
0.032028355
0.032028355
0.032028355
0.032028355
0.032028355
0.032028355
0.032028355
0.032028355
0.032028355
0.032028355
0.032028355
0.032028355
0.032028355
0.032028355
0.032028355
0.032028355
0.032028355
0.032028355
0.032028355
0.032028355
0.032028355
0.032028355
0.032028355
0.032028355
0.032028355
0.032028355
0.032028355
0.032028355
0.032028355
0.032028355
0.032028355
0.032028355
0.032028355
0.032028355
0.032028355
0.032028355
0.032028355
0.032028355
0.032028355
0.032028355
0.032028355
0.032028355
0.032028355
0.032028355
0.032028355
0.032028355
0.032028355
0.032028355
0.032028355
0.032028355
0.032028355
0.032028355
0.032028355
0.032028355
0.032028355
0.032028355
0.032028355
0.032028355
0.032028355
0.032028355
0.032028355
0.032028355
0.032028355
0.032028355
0.032028355
0.032028355
0.032028355
0.032028355
0.032028355
0.032028355
0.032028355
0.032028355
0.032028355
0.032028355
0.032028355
0.032028355
0.032028355
0.032028355
0.032028355
0.032028355
0.032028355
0.032028355
0.032028355
0.032028355
0.032028355
0.032028355
0.032028355
0.032028355
0.032028355
0.032028355
0.032028355
0.032028355
0.032028355
0.032028355
0.032028355
0.032028355
0.032028355
0.032028355
0.032028355
0.032028355
0.032028355
0.032028355
0.032028355
0.032028355
0.032028355
0.032028355
0.032028355
0.032028355
0.032028355
0.032028355
0.032028355
0.032028355
0.032028355
0.032028355
0.032028355
0.032028355
0.032028355
0.032028355
0.032028355
0.032028355
0.032028355
0.032028355
0.032028355
0.032028355
0.032028355
0.032028355
0.032028355
0.032028355
0.032028355
0.032028355
0.032028355
0.032028355
0.032028355
0.032028355
0.032028355
0.032028355
0.032028355
0.032028355
0.032028355
0.032028355
0.032028355
0.032028355
0.032028355
0.032028355
0.032028355
0.032028355
0.032028355
0.032028355
0.032028355
0.032028355
0.032028355
0.03178888
0.03177598
0.03177598
0.031766273
0.03171123
0.031616032
0.031616032
0.031616032
0.031616032
0.031616032
0.031616032
0.031616032
0.031616032
0.031616032
0.031616032
0.031543415
0.031543415
0.031543415
0.031543415
0.031543415
0.031543415
0.031543415
0.031543415
0.031543415
0.031498946
0.031487178
0.031431373
0.031373255
0.031039463
0.031035986
0.03051315
0.03051315
0.03022391
0.0299777
0.02996209
0.02996209
0.02996209
0.02996209
0.02996209
0.02996209
0.02996209
0.02996209
0.02996209
0.02996209
0.02996209
0.02996209
0.02996209
0.02996209
0.02996209
0.02996209
0.02996209
0.02996209
0.02996209
0.02996209
0.02996209
0.02996209
0.02996209
0.02996209
0.02996209
0.02996209
0.029928522
0.029754903
0.02966292
0.029637577
0.029571528
0.029443303
0.029319294
0.029319294
0.029319294
0.029319294
0.029319294
0.029319294
0.029319294
0.029319294
0.029319294
0.029319294
0.029319294
0.029319294
0.029319294
0.029319294
0.029319294
0.029319294
0.029319294
0.029319294
0.029319294
0.029319294
0.029319294
0.029319294
0.029319294
0.029319294
0.029319294
0.029319294
0.029319294
0.029319294
0.029319294
0.029319294
0.029319294
0.029319294
0.029319294
0.029319294
0.029319294
0.029319294
0.029319294
0.029319294
0.029319294
0.029319294
0.029319294
0.029319294
0.029319294
0.029319294
0.029319294
0.029319294
0.029319294
0.029319294
0.029319294
0.029319294
0.029319294
0.029319294
0.029319294
0.029319294
0.029319294
0.029319294
0.029319294
0.029319294
0.029319294
0.029319294
0.029319294
0.029319294
0.029319294
0.029319294
0.029319294
0.029319294
0.029319294
0.029319294
0.029319294
0.029319294
0.029319294
0.029319294
0.029319294
0.029319294
0.029319294
0.029319294
0.029319294
0.029319294
0.029319294
0.029319294
0.029319294
0.029319294
0.029319294
0.029319294
0.029319294
0.029319294
0.029319294
0.029319294
0.029319294
0.029319294
0.029319294
0.029319294
0.029319294
0.029319294
0.029319294
0.029319294
0.029319294
0.029319294
0.029319294
0.029319294
0.029319294
0.029319294
0.029319294
0.029319294
0.029319294
0.029319294
0.029319294
0.029319294
0.029319294
0.029319294
0.029319294
0.029319294
0.029319294
0.029319294
0.029319294
0.029319294
0.029319294
0.029319294
0.029319294
0.029319294
0.029319294
0.029319294
0.029319294
0.029319294
0.029319294
0.029319294
0.029319294
0.029319294
0.029319294
0.029319294
0.029319294
0.029319294
0.029319294
0.029319294
0.029319294
0.029319294
0.029319294
0.029319294
0.029319294
0.029319294
0.029319294
0.029319294
0.029319294
0.029319294
0.029319294
0.029319294
0.029319294
0.029319294
0.029319294
0.029319294
0.029319294
0.029319294
0.029319294
0.029319294
0.029319294
0.029319294
0.029319294
0.029319294
0.029319294
0.029319294
0.029319294
0.029319294
0.029319294
0.029319294
0.029319294
0.029319294
0.029319294
0.029319294
0.029319294
0.029319294
0.029319294
0.029319294
0.029319294
0.029319294
0.029319294
0.029319294
0.029319294
0.029319294
0.029319294
0.029319294
0.029319294
0.029319294
0.029319294
0.029319294
0.029319294
0.029319294
0.029319294
0.029319294
0.029319294
0.029319294
0.029319294
0.029319294
0.029319294
0.029319294
0.029319294
0.029319294
0.029319294
0.029319294
0.029319294
0.029319294
0.029319294
0.029319294
0.029319294
0.029319294
0.029319294
0.029319294
0.029319294
0.029319294
0.029319294
0.029319294
0.029319294
0.029319294
0.029319294
0.029319294
0.029319294
0.029319294
0.029319294
0.029319294
0.029319294
0.029319294
0.029319294
0.029319294
0.029319294
0.029319294
0.029319294
0.029319294
0.029319294
0.029319294
0.029319294
0.029319294
0.029319294
0.029319294
0.029319294
0.029319294
0.029319294
0.029319294
0.029319294
0.029319294
0.029319294
0.029319294
0.029319294
0.029319294
0.029319294
0.029319294
0.029319294
0.029319294
0.029319294
0.029319294
0.029319294
0.029319294
0.029319294
0.029319294
0.029319294
0.029319294
0.029319294
0.029319294
0.029319294
0.029319294
0.029319294
0.029319294
0.029319294
0.029319294
0.029319294
0.029319294
0.029319294
0.029319294
0.029319294
0.029319294
0.029319294
0.029319294
0.029319294
0.029319294
0.029319294
0.029319294
0.029319294
0.029319294
0.029319294
0.029319294
0.029319294
0.029319294
0.029319294
0.029319294
0.029319294
0.029319294
0.029319294
0.029319294
0.029319294
0.029319294
0.029319294
0.029319294
0.029319294
0.029319294
0.029319294
0.029319294
0.029319294
0.029319294
0.029319294
0.029319294
0.029319294
0.029319294
0.029319294
0.029319294
0.029319294
0.029319294
0.029319294
0.029319294
0.029319294
0.029319294
0.029319294
0.029071951
0.028971948
0.028922921
0.028739644
0.028498054
0.028285634
0.028258892
0.02818334
0.027982997
0.027929973
0.027929973
0.027850647
0.02779863
0.02779863
0.027638352
0.027638352
0.027638352
0.027554052
0.02752679
0.027524233
0.027524233
0.027524233
0.02744493
0.027434295
0.027434295
0.027434295
0.027434295
0.027434295
0.027434295
0.027434295
0.027263874
0.027226357
0.02720742
0.027205227
0.027102409
0.027040299
0.026946303
0.026946303
0.026930993
0.026930993
0.026887815
0.026887815
0.026887815
0.026887815
0.026887815
0.02675495
0.02675495
0.026719399
0.026669111
0.026657112
0.026615521
0.026466342
0.02639641
0.02625434
0.025915194
0.025695214
0.025677947
0.025561675
0.025431808
0.025413642
0.025374142
0.025255583
0.025234824
0.025075575
0.025010401
0.024839582
0.024839582
0.024839582
0.024839582
0.024655353
0.02464099
0.024580907
0.024523042
0.024523042
0.024523042
0.024523042
0.024523042
0.024523042
0.024523042
0.024523042
0.024523042
0.024523042
0.024325222
0.024325222
0.024200357
0.023955392
0.02378376
0.023621732
0.023586698
0.023425069
0.02336797
0.02331155
0.023171494
0.023171494
0.022932377
0.02291735
0.022818586
0.022758171
0.022725504
0.022714045
0.022709789
0.022528091
0.022513716
0.02249051
0.022425096
0.022384396
0.022284701
0.02219833
0.022134222
0.022102084
0.021957971
0.021957971
0.021853426
0.021853426
0.021754753
0.021754753
0.02173833
0.021733938
0.02155672
0.021520182
0.02148653
0.021461343
0.02146047
0.02126737
0.02126737
0.021103276
0.021023065
0.020751422
0.020617722
0.020484388
0.02041863
0.019998044
0.019977625
0.01997223
0.01987075
0.01970644
0.01970644
0.019585937
0.019585937
0.019585937
0.019431729
0.019429762
0.019312568
0.01900148
0.018978799
0.01892433
0.01892394
0.018581185
0.018581185
0.018581185
0.01853246
0.018463839
0.0182082
0.018059326
0.018016575
0.017663524
0.01756016
0.017554699
0.017530356
0.017516417
0.017436152
0.017403057
0.01729053
0.01725686
0.017182618
0.016980248
0.016736021
0.01672185
0.016605867
0.016603174
0.016601568
0.016588574
0.016454764
0.015720878
0.015520783
0.015520783
0.015520783
0.015265085
0.014786359
0.01438621
0.014049194
0.0139208445
0.013848443
0.013689221
0.013658557
0.01331417
0.013230229
0.013110618
0.013013666
0.012799596
0.012641627
0.012641627
0.012543752
0.012524477
0.012524477
0.012524477
0.012512556
0.012512556
0.011131777
0.010986342
0.010587383
0.010179877
0.009906699
0.009817903
0.009459119
0.009091466
