0.94090295
0.9030892
0.35222438
0.2663519
0.2663519
0.2663519
0.2663519
0.2663519
0.2663519
0.2663519
0.20707616
0.1515054
0.12274852
0.10702907
0.08589117
0.08589117
0.05424688
0.043831058
0.034352183
0.034352183
0.034352183
0.034352183
0.034352183
0.034352183
0.034352183
0.034352183
0.034352183
0.034352183
0.034352183
0.034352183
0.034352183
0.034352183
0.034352183
0.034352183
0.034352183
0.034352183
0.034352183
0.034352183
0.034352183
0.034352183
0.034352183
0.034352183
0.034352183
0.034352183
0.034352183
0.034352183
0.034352183
0.034352183
0.034352183
0.034352183
0.034352183
0.034352183
0.034352183
0.034352183
0.034352183
0.034352183
0.034352183
0.034352183
0.034352183
0.034352183
0.034352183
0.034352183
0.034352183
0.034352183
0.034352183
0.034352183
0.034352183
0.034352183
0.034352183
0.034352183
0.034352183
0.034352183
0.034352183
0.034352183
0.034352183
0.034352183
0.034352183
0.034352183
0.034352183
0.034352183
0.034352183
0.034352183
0.034352183
0.034352183
0.034352183
0.034352183
0.034352183
0.034352183
0.034352183
0.034352183
0.034352183
0.034352183
0.034352183
0.034352183
0.034352183
0.034352183
0.034352183
0.034352183
0.034352183
0.034352183
0.034352183
0.034352183
0.034352183
0.034352183
0.034290366
0.03302669
0.031744696
0.031728737
0.031728737
0.030264381
0.030264381
0.030264381
0.030264381
0.030264381
0.030264381
0.030264381
0.030264381
0.030264381
0.030264381
0.030264381
0.030264381
0.030264381
0.030264381
0.030264381
0.030264381
0.030264381
0.030264381
0.030264381
0.030264381
0.030264381
0.030264381
0.030264381
0.030264381
0.030264381
0.030264381
0.030264381
0.030264381
0.030264381
0.030264381
0.030264381
0.030264381
0.030264381
0.030264381
0.030264381
0.030264381
0.030264381
0.030264381
0.030264381
0.030264381
0.030264381
0.030264381
0.030264381
0.030264381
0.030264381
0.030264381
0.030264381
0.030264381
0.030264381
0.030264381
0.030264381
0.030264381
0.030264381
0.030264381
0.030264381
0.030264381
0.030264381
0.030264381
0.030264381
0.030264381
0.030264381
0.030264381
0.030264381
0.030264381
0.030264381
0.030264381
0.030264381
0.030264381
0.030264381
0.030264381
0.030264381
0.030264381
0.030264381
0.030264381
0.030264381
0.030264381
0.030264381
0.030264381
0.030264381
0.030264381
0.030264381
0.030264381
0.030264381
0.030264381
0.030264381
0.030264381
0.030264381
0.030264381
0.030264381
0.030264381
0.030264381
0.030264381
0.030264381
0.030264381
0.030264381
0.030264381
0.030264381
0.030264381
0.030264381
0.030264381
0.030264381
0.030264381
0.030264381
0.030264381
0.030264381
0.030264381
0.030264381
0.030264381
0.030264381
0.030264381
0.030264381
0.030264381
0.030264381
0.030264381
0.030264381
0.030264381
0.030264381
0.030264381
0.030264381
0.030264381
0.030264381
0.030264381
0.030264381
0.030264381
0.029225158
0.029225158
0.029225158
0.028780136
0.028780136
0.02874801
0.028448625
0.028448625
0.028448625
0.028448625
0.028448625
0.028448625
0.028448625
0.028448625
0.028448625
0.028448625
0.028448625
0.028448625
0.028448625
0.028448625
0.028448625
0.028448625
0.028448625
0.028448625
0.028448625
0.028448625
0.028448625
0.028448625
0.028448625
0.028448625
0.028448625
0.028448625
0.028448625
0.028448625
0.028448625
0.028448625
0.028448625
0.028448625
0.028448625
0.028448625
0.028448625
0.028448625
0.028448625
0.028448625
0.028448625
0.028448625
0.028448625
0.028448625
0.028448625
0.028448625
0.028448625
0.028448625
0.028448625
0.028448625
0.028448625
0.028448625
0.028448625
0.028448625
0.028448625
0.028448625
0.028448625
0.028448625
0.028448625
0.028448625
0.028448625
0.028448625
0.028448625
0.028448625
0.028448625
0.028448625
0.028448625
0.028448625
0.028448625
0.028448625
0.028448625
0.028448625
0.028448625
0.028448625
0.028448625
0.028448625
0.028448625
0.028448625
0.028448625
0.028448625
0.028448625
0.028448625
0.028448625
0.028448625
0.028448625
0.028448625
0.028448625
0.028448625
0.028448625
0.028448625
0.028448625
0.028448625
0.028448625
0.028448625
0.028448625
0.028448625
0.028448625
0.028448625
0.028448625
0.028448625
0.028448625
0.028448625
0.028448625
0.028448625
0.028448625
0.028448625
0.028448625
0.028448625
0.028448625
0.028448625
0.028448625
0.028448625
0.028448625
0.028448625
0.028448625
0.028448625
0.028448625
0.028448625
0.028448625
0.028448625
0.028448625
0.028448625
0.028448625
0.028448625
0.028448625
0.028448625
0.028448625
0.028448625
0.028448625
0.028448625
0.028448625
0.028448625
0.028448625
0.028448625
0.028448625
0.028448625
0.028448625
0.028448625
0.028448625
0.028448625
0.028448625
0.028448625
0.028448625
0.028448625
0.028448625
0.028448625
0.028448625
0.028448625
0.028448625
0.028448625
0.028448625
0.028448625
0.028448625
0.028448625
0.028448625
0.028448625
0.028448625
0.028448625
0.028448625
0.028448625
0.028448625
0.028448625
0.028448625
0.028448625
0.028448625
0.028448625
0.028448625
0.028448625
0.028448625
0.028448625
0.028448625
0.028448625
0.028448625
0.028448625
0.028448625
0.028448625
0.028448625
0.028448625
0.028448625
0.028448625
0.028448625
0.028448625
0.028448625
0.028448625
0.028448625
0.028448625
0.028448625
0.028448625
0.028448625
0.028448625
0.027403064
0.027403064
0.027403064
0.027403064
0.027403064
0.027403064
0.027403064
0.027403064
0.027403064
0.027403064
0.027403064
0.027403064
0.027403064
0.027403064
0.027403064
0.027403064
0.027403064
0.027403064
0.027403064
0.027403064
0.027403064
0.027403064
0.027403064
0.027403064
0.027403064
0.027403064
0.027403064
0.027403064
0.027403064
0.027403064
0.027403064
0.027403064
0.027403064
0.027403064
0.027403064
0.027403064
0.027403064
0.027403064
0.027403064
0.027403064
0.027403064
0.027403064
0.027403064
0.027403064
0.027403064
0.027403064
0.027403064
0.027403064
0.027403064
0.027403064
0.027403064
0.027403064
0.027403064
0.027403064
0.027403064
0.027403064
0.027403064
0.027403064
0.027403064
0.027403064
0.027403064
0.027403064
0.027403064
0.027403064
0.027403064
0.027403064
0.027403064
0.027403064
0.027403064
0.027403064
0.027403064
0.027403064
0.027403064
0.027403064
0.027403064
0.027403064
0.027403064
0.027403064
0.027403064
0.027403064
0.027403064
0.027403064
0.027403064
0.027403064
0.027403064
0.027403064
0.027403064
0.027403064
0.027403064
0.027403064
0.027403064
0.027403064
0.027403064
0.027403064
0.027403064
0.027403064
0.027403064
0.027403064
0.027403064
0.027403064
0.027403064
0.027403064
0.027403064
0.027403064
0.027403064
0.027403064
0.027403064
0.027403064
0.027403064
0.027403064
0.027403064
0.027403064
0.027403064
0.027403064
0.027403064
0.027403064
0.027403064
0.027403064
0.027403064
0.027403064
0.027403064
0.027403064
0.027403064
0.027403064
0.027403064
0.027403064
0.027403064
0.027403064
0.027403064
0.027403064
0.027403064
0.027403064
0.027403064
0.027403064
0.027403064
0.027403064
0.027403064
0.027403064
0.027403064
0.027403064
0.027403064
0.027403064
0.027403064
0.027403064
0.027403064
0.027403064
0.027403064
0.027403064
0.027403064
0.027403064
0.027403064
0.027403064
0.027403064
0.027403064
0.027403064
0.027403064
0.027403064
0.027403064
0.027403064
0.027403064
0.027403064
0.027403064
0.027403064
0.027403064
0.027403064
0.027403064
0.027403064
0.027403064
0.027403064
0.027403064
0.027403064
0.027403064
0.027403064
0.027403064
0.027403064
0.027403064
0.027403064
0.027403064
0.027403064
0.027403064
0.027403064
0.027403064
0.027403064
0.027403064
0.027403064
0.027403064
0.027403064
0.027403064
0.027403064
0.027403064
0.027403064
0.027403064
0.027403064
0.027403064
0.027403064
0.027403064
0.027403064
0.027403064
0.027403064
0.027403064
0.027403064
0.027403064
0.027403064
0.027403064
0.027403064
0.027403064
0.027403064
0.027006421
0.026518183
0.026518183
0.026518183
0.026518183
0.026518183
0.026518183
0.026518183
0.026518183
0.026518183
0.026518183
0.026518183
0.026518183
0.026518183
0.026518183
0.026518183
0.026518183
0.026518183
0.026518183
0.026518183
0.026518183
0.026518183
0.026518183
0.026518183
0.026518183
0.026518183
0.026518183
0.026518183
0.026518183
0.026518183
0.026518183
0.026518183
0.026518183
0.026518183
0.026518183
0.026518183
0.026518183
0.026518183
0.026518183
0.026518183
0.026518183
0.026518183
0.026518183
0.026518183
0.026518183
0.026518183
0.026518183
0.026518183
0.026518183
0.026518183
0.026518183
0.026518183
0.026518183
0.026518183
0.026518183
0.026518183
0.026518183
0.026518183
0.026518183
0.026518183
0.026518183
0.026518183
0.026518183
0.026518183
0.026518183
0.026518183
0.026518183
0.026518183
0.026518183
0.026518183
0.026518183
0.026518183
0.026518183
0.026518183
0.026518183
0.026518183
0.026518183
0.026518183
0.026518183
0.026518183
0.026518183
0.026518183
0.026518183
0.026518183
0.026518183
0.026518183
0.026518183
0.026518183
0.026518183
0.026518183
0.026518183
0.026518183
0.026518183
0.026518183
0.026518183
0.026518183
0.026518183
0.026518183
0.026518183
0.026518183
0.026518183
0.026518183
0.026518183
0.026518183
0.026518183
0.026518183
0.026518183
0.026518183
0.026518183
0.026518183
0.026518183
0.026518183
0.026518183
0.026518183
0.026518183
0.026518183
0.026518183
0.026518183
0.026518183
0.026518183
0.026518183
0.025950111
0.025233861
0.025233861
0.025233861
0.025233861
0.025233861
0.025233861
0.025233861
0.025233861
0.025233861
0.025233861
0.025233861
0.025233861
0.025233861
0.025233861
0.025233861
0.025233861
0.025233861
0.025033725
0.024765227
0.024761725
0.024757247
0.023541847
0.023541847
0.023541847
0.023541847
0.023541847
0.023541847
0.023541847
0.023541847
0.023541847
0.023541847
0.023541847
0.023541847
0.023541847
0.023541847
0.023541847
0.023541847
0.023541847
0.023541847
0.023541847
0.023541847
0.023541847
0.023541847
0.023541847
0.023541847
0.023541847
0.023541847
0.023541847
0.023541847
0.023541847
0.023541847
0.023541847
0.023541847
0.023541847
0.023541847
0.023541847
0.023541847
0.023541847
0.023541847
0.023541847
0.023541847
0.023541847
0.023541847
0.023541847
0.023541847
0.023541847
0.023541847
0.023541847
0.023541847
0.023541847
0.023541847
0.023541847
0.023541847
0.023541847
0.023541847
0.023541847
0.023541847
0.023541847
0.023541847
0.023541847
0.023541847
0.023541847
0.023541847
0.023541847
0.023541847
0.023541847
0.023541847
0.023541847
0.023541847
0.023541847
0.023541847
0.023541847
0.023541847
0.023541847
0.023541847
0.023541847
0.023541847
0.023541847
0.023541847
0.023541847
0.023541847
0.023541847
0.023541847
0.023541847
0.023541847
0.023541847
0.023541847
0.023541847
0.023541847
0.023541847
0.023541847
0.023541847
0.023541847
0.023541847
0.023541847
0.023541847
0.023541847
0.023541847
0.023541847
0.023541847
0.023541847
0.023541847
0.023541847
0.023541847
0.023541847
0.023541847
0.023541847
0.023541847
0.023541847
0.023541847
0.023541847
0.023541847
0.023541847
0.023541847
0.023541847
0.023541847
0.023541847
0.023541847
0.023541847
0.023541847
0.023541847
0.023541847
0.023541847
0.023541847
0.023541847
0.023541847
0.023541847
0.023541847
0.023541847
0.023541847
0.023541847
0.023541847
0.023541847
0.023541847
0.023541847
0.023541847
0.023541847
0.023541847
0.023541847
0.023541847
0.023541847
0.023541847
0.023541847
0.023541847
0.023541847
0.023541847
0.023541847
0.023541847
0.023541847
0.023541847
0.023541847
0.023541847
0.023541847
0.023541847
0.023541847
0.023541847
0.023541847
0.023541847
0.023541847
0.023541847
0.023541847
0.023541847
0.023541847
0.023541847
0.023541847
0.023541847
0.023541847
0.023541847
0.023541847
0.023541847
0.023541847
0.023541847
0.023541847
0.023541847
0.022539679
0.021757208
0.021757208
0.021757208
0.021757208
0.021757208
0.021757208
0.021757208
0.021757208
0.021757208
0.021757208
0.021757208
0.021757208
0.021757208
0.021757208
0.021757208
0.021757208
0.021757208
0.021757208
0.021757208
0.021757208
0.021757208
0.021757208
0.021757208
0.021757208
0.021757208
0.021757208
0.021757208
0.021757208
0.021757208
0.021757208
0.021757208
0.021757208
0.021757208
0.021757208
0.021757208
0.021757208
0.021757208
0.021757208
0.021757208
0.021757208
0.021757208
0.021757208
0.021757208
0.021757208
0.021757208
0.021757208
0.021757208
0.021757208
0.021757208
0.021757208
0.021757208
0.021757208
0.021757208
0.021757208
0.021757208
0.021757208
0.021757208
0.021757208
0.021757208
0.021757208
0.021757208
0.021757208
0.021757208
0.021757208
0.021757208
0.021757208
0.021757208
0.021757208
0.021757208
0.021757208
0.021757208
0.021757208
0.021757208
0.021757208
0.021757208
0.021757208
0.021757208
0.021757208
0.021757208
0.021757208
0.021757208
0.021757208
0.021757208
0.021757208
0.021757208
0.021757208
0.021757208
0.021757208
0.021757208
0.021757208
0.021757208
0.021757208
0.021757208
0.021757208
0.021757208
0.021757208
0.021757208
0.021757208
0.021757208
0.021757208
0.021757208
0.021757208
0.021757208
0.021757208
0.021757208
0.021757208
0.021757208
0.021757208
0.021757208
0.021757208
0.021757208
0.021757208
0.021757208
0.021757208
0.021757208
0.021757208
0.021757208
0.021757208
0.021757208
0.021757208
0.021757208
0.021757208
0.021757208
0.021757208
0.021757208
0.021757208
0.021757208
0.021757208
0.021757208
0.021757208
0.021757208
0.021757208
0.021757208
0.021757208
0.021757208
0.021757208
0.021757208
0.021757208
0.021757208
0.021757208
0.021757208
0.021757208
0.021757208
0.021757208
0.021757208
0.021757208
0.021757208
0.021757208
0.021757208
0.021757208
0.021757208
0.021757208
0.021757208
0.021757208
0.021757208
0.021757208
0.021757208
0.021757208
0.021757208
0.021757208
0.021757208
0.021757208
0.021757208
0.021757208
0.021757208
0.021757208
0.021757208
0.021757208
0.021757208
0.021757208
0.021757208
0.021757208
0.021757208
0.021757208
0.021757208
0.021757208
0.021757208
0.021757208
0.021575388
0.021575388
0.021575388
0.021575388
0.021575388
0.021575388
0.021575388
0.021575388
0.021575388
0.021575388
0.021575388
0.021575388
0.021575388
0.021575388
0.021575388
0.021575388
0.021575388
0.021575388
0.021575388
0.021575388
0.021575388
0.021575388
0.021575388
0.021575388
0.021575388
0.021575388
0.021575388
0.021575388
0.021575388
0.021575388
0.021575388
0.021575388
0.021575388
0.021575388
0.021575388
0.021575388
0.021575388
0.021575388
0.021575388
0.021575388
0.021575388
0.021575388
0.021575388
0.021575388
0.021575388
0.021575388
0.021575388
0.021575388
0.021575388
0.021575388
0.021575388
0.021575388
0.021575388
0.021575388
0.021575388
0.021575388
0.021575388
0.021575388
0.021575388
0.021575388
0.021575388
0.021575388
0.021575388
0.021575388
0.021575388
0.021575388
0.021575388
0.021575388
0.021575388
0.021575388
0.021575388
0.021575388
0.021575388
0.021575388
0.021575388
0.021575388
0.021575388
0.021575388
0.021575388
0.021575388
0.021575388
0.021575388
0.021575388
0.021575388
0.021575388
0.021575388
0.021575388
0.021575388
0.021575388
0.021575388
0.021575388
0.021575388
0.021575388
0.021575388
0.021575388
0.021575388
0.021575388
0.021575388
0.021575388
0.021575388
0.021575388
0.021575388
0.021575388
0.021575388
0.021575388
0.021575388
0.021575388
0.021575388
0.021575388
0.021575388
0.021575388
0.021575388
0.021575388
0.021575388
0.021575388
0.021575388
0.021575388
0.021575388
0.021575388
0.021575388
0.021575388
0.021575388
0.021575388
0.021575388
0.021575388
0.021575388
0.021575388
0.021575388
0.021575388
0.021575388
0.021575388
0.021575388
0.021575388
0.021575388
0.021575388
0.021575388
0.021575388
0.021575388
0.021575388
0.021575388
0.021575388
0.021575388
0.021575388
0.021575388
0.021575388
0.021575388
0.021575388
0.021575388
0.021575388
0.021575388
0.021575388
0.021575388
0.021575388
0.021575388
0.021575388
0.021575388
0.021575388
0.021575388
0.021575388
0.021575388
0.021575388
0.021575388
0.021575388
0.021575388
0.021575388
0.021575388
0.021575388
0.021575388
0.021575388
0.021575388
0.021575388
0.021575388
0.021575388
0.021575388
0.021575388
0.021575388
0.021575388
0.021575388
0.021575388
0.021575388
0.021575388
0.021575388
0.021575388
0.021575388
0.021575388
0.021575388
0.021575388
0.021575388
0.021575388
0.021575388
0.021575388
0.021575388
0.021575388
0.021575388
0.021575388
0.021575388
0.021575388
0.021575388
0.021575388
0.021575388
0.021575388
0.021575388
0.021575388
0.021575388
0.021575388
0.021575388
0.021575388
0.021575388
0.021575388
0.021575388
0.021575388
0.021575388
0.021575388
0.021575388
0.021575388
0.021575388
0.021575388
0.021575388
0.021575388
0.021575388
0.021575388
0.021575388
0.021575388
0.021575388
0.021575388
0.021575388
0.021575388
0.021575388
0.021575388
0.021575388
0.021575388
0.021575388
0.021575388
0.021575388
0.021575388
0.021575388
0.021575388
0.021575388
0.021380458
0.021183042
0.0211505
0.0211505
0.021128183
0.021128183
0.021128183
0.021128183
0.021128183
0.021128183
0.021128183
0.021128183
0.021128183
0.021128183
0.021128183
0.021128183
0.021128183
0.021128183
0.021128183
0.021128183
0.021128183
0.021128183
0.021128183
0.021128183
0.021128183
0.021128183
0.021128183
0.021128183
0.021128183
0.021128183
0.021128183
0.021128183
0.021128183
0.021128183
0.021128183
0.021128183
0.021128183
0.021128183
0.021128183
0.021128183
0.021128183
0.021128183
0.021128183
0.021128183
0.021128183
0.021128183
0.021128183
0.021128183
0.021128183
0.021128183
0.021128183
0.021128183
0.021128183
0.021128183
0.021128183
0.021128183
0.021128183
0.021128183
0.021128183
0.021128183
0.021128183
0.021128183
0.021128183
0.021128183
0.021128183
0.021128183
0.021128183
0.021128183
0.021128183
0.021128183
0.021128183
0.021128183
0.021128183
0.021128183
0.021128183
0.021128183
0.021128183
0.021128183
0.021128183
0.021128183
0.021128183
0.021128183
0.021128183
0.021128183
0.021128183
0.021128183
0.021128183
0.021128183
0.021128183
0.021128183
0.021128183
0.021128183
0.021128183
0.021128183
0.021128183
0.021128183
0.021128183
0.021128183
0.021128183
0.021128183
0.021128183
0.021128183
0.021128183
0.021128183
0.021128183
0.021128183
0.021128183
0.021128183
0.021128183
0.021128183
0.021128183
0.021128183
0.021128183
0.021128183
0.021128183
0.021128183
0.021128183
0.021128183
0.021128183
0.021128183
0.021128183
0.021128183
0.021128183
0.021128183
0.021128183
0.021128183
0.021128183
0.021128183
0.021128183
0.021128183
0.021128183
0.021128183
0.021128183
0.021128183
0.021128183
0.021128183
0.021128183
0.021128183
0.021128183
0.021128183
0.021128183
0.021128183
0.021128183
0.021128183
0.021128183
0.021128183
0.021128183
0.021128183
0.021128183
0.021128183
0.021128183
0.021128183
0.021128183
0.021128183
0.021128183
0.021128183
0.021128183
0.021128183
0.021128183
0.021128183
0.021128183
0.021128183
0.021128183
0.021128183
0.021128183
0.021128183
0.021128183
0.021128183
0.021128183
0.021128183
0.021128183
0.021128183
0.021128183
0.021128183
0.021128183
0.021128183
0.021128183
0.021128183
0.021128183
0.021128183
0.021128183
0.021128183
0.021128183
0.021128183
0.021128183
0.021128183
0.021128183
0.021128183
0.021128183
0.021128183
0.021128183
0.021128183
0.021128183
0.021128183
0.021128183
0.021128183
0.021128183
0.021128183
0.021128183
0.021128183
0.021128183
0.021128183
0.021128183
0.021128183
0.021128183
0.021128183
0.021128183
0.021128183
0.021128183
0.021128183
0.021128183
0.021128183
0.021128183
0.021128183
0.021128183
0.021128183
0.021128183
0.021128183
0.021128183
0.021128183
0.021128183
0.021128183
0.021128183
0.020641893
0.020641893
0.020641893
0.020641893
0.020641893
0.020641893
0.020641893
0.020641893
0.020641893
0.020641893
0.020641893
0.020641893
0.020641893
0.020641893
0.020641893
0.020641893
0.020641893
0.020641893
0.020641893
0.020641893
0.020641893
0.020641893
0.020641893
0.020641893
0.020641893
0.020641893
0.020641893
0.020641893
0.020641893
0.020641893
0.020641893
0.020641893
0.020641893
0.020641893
0.020641893
0.020641893
0.020641893
0.020641893
0.020641893
0.020641893
0.020641893
0.020641893
0.020641893
0.020641893
0.020641893
0.020641893
0.020641893
0.020641893
0.020641893
0.020641893
0.020641893
0.020641893
0.020641893
0.020641893
0.020641893
0.020641893
0.020641893
0.020641893
0.020641893
0.020641893
0.020641893
0.020641893
0.020641893
0.020641893
0.020641893
0.020641893
0.020641893
0.020641893
0.020641893
0.020641893
0.020641893
0.020641893
0.020641893
0.020641893
0.020641893
0.020641893
0.020641893
0.020641893
0.020641893
0.020641893
0.020641893
0.020641893
0.020641893
0.020641893
0.020641893
0.020641893
0.020641893
0.020641893
0.020641893
0.020641893
0.020641893
0.020641893
0.020641893
0.020641893
0.020641893
0.020641893
0.020641893
0.020641893
0.020641893
0.020641893
0.020641893
0.020641893
0.020641893
0.020641893
0.020641893
0.020641893
0.020641893
0.020641893
0.020641893
0.020641893
0.020641893
0.020641893
0.020641893
0.020641893
0.020641893
0.020641893
0.020641893
0.020641893
0.020641893
0.020641893
0.020641893
0.020136079
0.0199148
0.0199148
0.0199148
0.0199148
0.0199148
0.0199148
0.0199148
0.0199148
0.0199148
0.0199148
0.0199148
0.0199148
0.0199148
0.0199148
0.0199148
0.0199148
0.0199148
0.0199148
0.0199148
0.0199148
0.0199148
0.0199148
0.0199148
0.0199148
0.0199148
0.0199148
0.0199148
0.0199148
0.0199148
0.0199148
0.0199148
0.0199148
0.0199148
0.0199148
0.0199148
0.0199148
0.0199148
0.0199148
0.0199148
0.0199148
0.0199148
0.0199148
0.0199148
0.0199148
0.0199148
0.0199148
0.0199148
0.0199148
0.0199148
0.0199148
0.0199148
0.0199148
0.0199148
0.0199148
0.0199148
0.0199148
0.0199148
0.0199148
0.0199148
0.0199148
0.0199148
0.0199148
0.0199148
0.0199148
0.0199148
0.0199148
0.0199148
0.0199148
0.0199148
0.0199148
0.0199148
0.0199148
0.0199148
0.0199148
0.0199148
0.0199148
0.0199148
0.0199148
0.0199148
0.0199148
0.0199148
0.0199148
0.0199148
0.0199148
0.0199148
0.0199148
0.0199148
0.0199148
0.0199148
0.0199148
0.0199148
0.0199148
0.0199148
0.0199148
0.0199148
0.0199148
0.0199148
0.0199148
0.0199148
0.0199148
0.0199148
0.0199148
0.0199148
0.0199148
0.0199148
0.0199148
0.0199148
0.0199148
0.0199148
0.0199148
0.0199148
0.0199148
0.0199148
0.0199148
0.0199148
0.0199148
0.0199148
0.0199148
0.0199148
0.0199148
0.0199148
0.0199148
0.0199148
0.0199148
0.0199148
0.0199148
0.0199148
0.0199148
0.0199148
0.0199148
0.0199148
0.0199148
0.0199148
0.0199148
0.0199148
0.0199148
0.0199148
0.0199148
0.0199148
0.0199148
0.0199148
0.0199148
0.0199148
0.0199148
0.0199148
0.0199148
0.0199148
0.0199148
0.0199148
0.0199148
0.0199148
0.0199148
0.0199148
0.0199148
0.0199148
0.0199148
0.0199148
0.0199148
0.0199148
0.0199148
0.0199148
0.0199148
0.0199148
0.0199148
0.0199148
0.0199148
0.0199148
0.0199148
0.0199148
0.0199148
0.0199148
0.0199148
0.0199148
0.0199148
0.0199148
0.0199148
0.0199148
0.0199148
0.0199148
0.0199148
0.0199148
0.0199148
0.0199148
0.0199148
0.0199148
0.0199148
0.0199148
0.0199148
0.0199148
0.0199148
0.0199148
0.0199148
0.0199148
0.0199148
0.0199148
0.0199148
0.0199148
0.0199148
0.0199148
0.0199148
0.0199148
0.0199148
0.0199148
0.0199148
0.0199148
0.0199148
0.0199148
0.0199148
0.01969253
0.01969253
0.01969253
0.01969253
0.01969253
0.01969253
0.019502286
0.019478835
0.019478835
0.019478835
0.019478835
0.019478835
0.019478835
0.019478835
0.019478835
0.019478835
0.019478835
0.019478835
0.019478835
0.019478835
0.019478835
0.019478835
0.019478835
0.019478835
0.019478835
0.019478835
0.019478835
0.019478835
0.019478835
0.019478835
0.019478835
0.019478835
0.019478835
0.019478835
0.019478835
0.019478835
0.019478835
0.019478835
0.019478835
0.019478835
0.019478835
0.019478835
0.019478835
0.019478835
0.019478835
0.019478835
0.019478835
0.019478835
0.019478835
0.019478835
0.019478835
0.019478835
0.019478835
0.019478835
0.019478835
0.019478835
0.019478835
0.019478835
0.019478835
0.019478835
0.019478835
0.019478835
0.019478835
0.019478835
0.019478835
0.019478835
0.019478835
0.019478835
0.019478835
0.019478835
0.019478835
0.019478835
0.019478835
0.019478835
0.019478835
0.019478835
0.019478835
0.019478835
0.019478835
0.019478835
0.019478835
0.019478835
0.019478835
0.019478835
0.019478835
0.019478835
0.019478835
0.019478835
0.019478835
0.019478835
0.019478835
0.019478835
0.019478835
0.019478835
0.019478835
0.019478835
0.019478835
0.019478835
0.019478835
0.019478835
0.019478835
0.019478835
0.019478835
0.019478835
0.019478835
0.019478835
0.019478835
0.019478835
0.019478835
0.019478835
0.019478835
0.019478835
0.019478835
0.019478835
0.019478835
0.019478835
0.019478835
0.019478835
0.019478835
0.019478835
0.019478835
0.019478835
0.019478835
0.019478835
0.019478835
0.019478835
0.019478835
0.019478835
0.019478835
0.019478835
0.019478835
0.019478835
0.019478835
0.019478835
0.019478835
0.019478835
0.019478835
0.019478835
0.019478835
0.019478835
0.019478835
0.019478835
0.019478835
0.019478835
0.019478835
0.019478835
0.019478835
0.019478835
0.019478835
0.019478835
0.019478835
0.019478835
0.019478835
0.019478835
0.019478835
0.019478835
0.019478835
0.019478835
0.019478835
0.019478835
0.019478835
0.019478835
0.019478835
0.019478835
0.019478835
0.019478835
0.019478835
0.019478835
0.019478835
0.019478835
0.019478835
0.019478835
0.019478835
0.019478835
0.019478835
0.019478835
0.01898624
0.01860482
0.01860482
0.01860482
0.01860482
0.01860482
0.01860482
0.01860482
0.01860482
0.01860482
0.01860482
0.01860482
0.01860482
0.01860482
0.01860482
0.01860482
0.01860482
0.01860482
0.01860482
0.01860482
0.01860482
0.01860482
0.01860482
0.01860482
0.01860482
0.01860482
0.01860482
0.01860482
0.01860482
0.01860482
0.01860482
0.01860482
0.01860482
0.01860482
0.01860482
0.01860482
0.01860482
0.01860482
0.01860482
0.01860482
0.01860482
0.01860482
0.01860482
0.01860482
0.01860482
0.01860482
0.01860482
0.01860482
0.01860482
0.01860482
0.01860482
0.01860482
0.01860482
0.01860482
0.01860482
0.01860482
0.01860482
0.01860482
0.01860482
0.01860482
0.01860482
0.01860482
0.01860482
0.01860482
0.01860482
0.01860482
0.01860482
0.01860482
0.01860482
0.01860482
0.01860482
0.01860482
0.01860482
0.01860482
0.01860482
0.01860482
0.01860482
0.01860482
0.01860482
0.01860482
0.01860482
0.01860482
0.01860482
0.01860482
0.01860482
0.01860482
0.01860482
0.01860482
0.01860482
0.01860482
0.01860482
0.01860482
0.01860482
0.01860482
0.01860482
0.01860482
0.01860482
0.01860482
0.01860482
0.01860482
0.01860482
0.01860482
0.01860482
0.01860482
0.01860482
0.01860482
0.01860482
0.01860482
0.01860482
0.01860482
0.01860482
0.01860482
0.01860482
0.01860482
0.01860482
0.01860482
0.01860482
0.01860482
0.01860482
0.01860482
0.01860482
0.01860482
0.01860482
0.01860482
0.01860482
0.01860482
0.01860482
0.01860482
0.01860482
0.01860482
0.01860482
0.01860482
0.01860482
0.01860482
0.01860482
0.01860482
0.01860482
0.01860482
0.01860482
0.01860482
0.018379873
0.018266765
0.018266765
0.018266765
0.018266765
0.018266765
0.018266765
0.018266765
0.018266765
0.018266765
0.018266765
0.018266765
0.018266765
0.018266765
0.018266765
0.018266765
0.018116377
0.018090975
0.018004091
0.018004091
0.017958984
0.017958984
0.017958984
0.017958984
0.017958984
0.017958984
0.017958984
0.017958984
0.017958984
0.017958984
0.017958984
0.017958984
0.017958984
0.017958984
0.017958984
0.017958984
0.017958984
0.017958984
0.017958984
0.017958984
0.017958984
0.017958984
0.017958984
0.017958984
0.017958984
0.017958984
0.017958984
0.017958984
0.017958984
0.017958984
0.017958984
0.017958984
0.017958984
0.017958984
0.017958984
0.017958984
0.017958984
0.017958984
0.017958984
0.017958984
0.017958984
0.017958984
0.017958984
0.017958984
0.017958984
0.017958984
0.017958984
0.017958984
0.017958984
0.017958984
0.017958984
0.017958984
0.017958984
0.017958984
0.017958984
0.017958984
0.017958984
0.017958984
0.017958984
0.017958984
0.017958984
0.017958984
0.017958984
0.017958984
0.017958984
0.017958984
0.017958984
0.017958984
0.017958984
0.017958984
0.017958984
0.017958984
0.017958984
0.017958984
0.017958984
0.017958984
0.017958984
0.017958984
0.017958984
0.017958984
0.017958984
0.017958984
0.017958984
0.017958984
0.017958984
0.017958984
0.017958984
0.017958984
0.017958984
0.017958984
0.017958984
0.017958984
0.017958984
0.017958984
0.017958984
0.017958984
0.017958984
0.017958984
0.017958984
0.017958984
0.017958984
0.017958984
0.017958984
0.017958984
0.017958984
0.017958984
0.017958984
0.017958984
0.017958984
0.017958984
0.017958984
0.017958984
0.017958984
0.017958984
0.017958984
0.017958984
0.017958984
0.017958984
0.017958984
0.017958984
0.017958984
0.017958984
0.017958984
0.017958984
0.017958984
0.017958984
0.017958984
0.017958984
0.017958984
0.017958984
0.017958984
0.017958984
0.017958984
0.017958984
0.017958984
0.017958984
0.017958984
0.017958984
0.017958984
0.017958984
0.017958984
0.017958984
0.017958984
0.017958984
0.017958984
0.017958984
0.017958984
0.017958984
0.017958984
0.017958984
0.017958984
0.017958984
0.017958984
0.017958984
0.017958984
0.017954694
0.017954694
0.017954694
0.017954694
0.017856672
0.017856672
0.017856672
0.017856672
0.017856672
0.017856672
0.017856672
0.017856672
0.017856672
0.017856672
0.017856672
0.017856672
0.017856672
0.017856672
0.017856672
0.017856672
0.017856672
0.017856672
0.017856672
0.017856672
0.017856672
0.017856672
0.017856672
0.017856672
0.017856672
0.017856672
0.017856672
0.017856672
0.017856672
0.017856672
0.017856672
0.017856672
0.017856672
0.017856672
0.017856672
0.017856672
0.017856672
0.017856672
0.017856672
0.017856672
0.017856672
0.017856672
0.017856672
0.017856672
0.017856672
0.017856672
0.017856672
0.017856672
0.017856672
0.017856672
0.017856672
0.017856672
0.017856672
0.017856672
0.017856672
0.017856672
0.017856672
0.017856672
0.017856672
0.017856672
0.017856672
0.017856672
0.017856672
0.017856672
0.017856672
0.017856672
0.017856672
0.017856672
0.017856672
0.017856672
0.017856672
0.017856672
0.017856672
0.017856672
0.017856672
0.017856672
0.017856672
0.017856672
0.017856672
0.017856672
0.017856672
0.017856672
0.017856672
0.017856672
0.017856672
0.017856672
0.017856672
0.017801857
0.017558055
0.017330425
0.017330425
0.017330425
0.017330425
0.017330425
0.017330425
0.017330425
0.017330425
0.017330425
0.017330425
0.017330425
0.017330425
0.017330425
0.017330425
0.017330425
0.017330425
0.017330425
0.017330425
0.017330425
0.017330425
0.017330425
0.017330425
0.017330425
0.017330425
0.017330425
0.017330425
0.017330425
0.017330425
0.017330425
0.017330425
0.017330425
0.017330425
0.017330425
0.017330425
0.017330425
0.017330425
0.017330425
0.017330425
0.017330425
0.017330425
0.017330425
0.017330425
0.017330425
0.017330425
0.017330425
0.017330425
0.017330425
0.017330425
0.017330425
0.017330425
0.017330425
0.017330425
0.017330425
0.017330425
0.017330425
0.017330425
0.017330425
0.017330425
0.017330425
0.017330425
0.017330425
0.017330425
0.017330425
0.017330425
0.017330425
0.017330425
0.017330425
0.017330425
0.017330425
0.017330425
0.017330425
0.017330425
0.017330425
0.017330425
0.017330425
0.017330425
0.017330425
0.017330425
0.017330425
0.017330425
0.017330425
0.017330425
0.017330425
0.017330425
0.017330425
0.017330425
0.017330425
0.017330425
0.017330425
0.017330425
0.017330425
0.017330425
0.017330425
0.017330425
0.017330425
0.017330425
0.017330425
0.017330425
0.017330425
0.017330425
0.017330425
0.017330425
0.017330425
0.017330425
0.017330425
0.017330425
0.017330425
0.017330425
0.017330425
0.017330425
0.017330425
0.017330425
0.017330425
0.017330425
0.017330425
0.017330425
0.017330425
0.017330425
0.017330425
0.017330425
0.017330425
0.017330425
0.017330425
0.017330425
0.017330425
0.017330425
0.017330425
0.017330425
0.017330425
0.017330425
0.017330425
0.017330425
0.017330425
0.017330425
0.017330425
0.017330425
0.017330425
0.017330425
0.017330425
0.017330425
0.017330425
0.017330425
0.017330425
0.017330425
0.017330425
0.017330425
0.017330425
0.017330425
0.017330425
0.017330425
0.017330425
0.017330425
0.017330425
0.017330425
0.017330425
0.017330425
0.017330425
0.017330425
0.017330425
0.017330425
0.017330425
0.017330425
0.017330425
0.017330425
0.017330425
0.017330425
0.017330425
0.017330425
0.017330425
0.017330425
0.017330425
0.017330425
0.017330425
0.017330425
0.017330425
0.017330425
0.017330425
0.017330425
0.017330425
0.017330425
0.017330425
0.017330425
0.017330425
0.017330425
0.017330425
0.017330425
0.017330425
0.017330425
0.017330425
0.017330425
0.017330425
0.017330425
0.017330425
0.017330425
0.017330425
0.017330425
0.017330425
0.017330425
0.017330425
0.017330425
0.017330425
0.017330425
0.017330425
0.017330425
0.017330425
0.017330425
0.017330425
0.017330425
0.017330425
0.017330425
0.017330425
0.017330425
0.017330425
0.017330425
0.017330425
0.017330425
0.017330425
0.017330425
0.017330425
0.017330425
0.017330425
0.017330425
0.017330425
0.017330425
0.017330425
0.017330425
0.017330425
0.017330425
0.017330425
0.017330425
0.017330425
0.017330425
0.017330425
0.017330425
0.017330425
0.017330425
0.017330425
0.017330425
0.017330425
0.017330425
0.017330425
0.017330425
0.017330425
0.017330425
0.017330425
0.017330425
0.017330425
0.017330425
0.017330425
0.017330425
0.017330425
0.017330425
0.017330425
0.017330425
0.017330425
0.017330425
0.017330425
0.017330425
0.017330425
0.017330425
0.017330425
0.017330425
0.017330425
0.017330425
0.017330425
0.017330425
0.017330425
0.017330425
0.017330425
0.017330425
0.017330425
0.017330425
0.017330425
0.017330425
0.017330425
0.017330425
0.017330425
0.017330425
0.017330425
0.017330425
0.017330425
0.017330425
0.017330425
0.017330425
0.017330425
0.017330425
0.017330425
0.017330425
0.017330425
0.017330425
0.017330425
0.017330425
0.017330425
0.017330425
0.017330425
0.017330425
0.017330425
0.017330425
0.017330425
0.017330425
0.017330425
0.017330425
0.017330425
0.017330425
0.017330425
0.017330425
0.017330425
0.017330425
0.017330425
0.017330425
0.017330425
0.017330425
0.017330425
0.017330425
0.017330425
0.017330425
0.017330425
0.017330425
0.017330425
0.017330425
0.017330425
0.017330425
0.017330425
0.017330425
0.017330425
0.017330425
0.017330425
0.017330425
0.017330425
0.017330425
0.017330425
0.017330425
0.017330425
0.017330425
0.017330425
0.017330425
0.017330425
0.017330425
0.017330425
0.017330425
0.017330425
0.017330425
0.017330425
0.017330425
0.017330425
0.017330425
0.017330425
0.017330425
0.017330425
0.017330425
0.017330425
0.017330425
0.017330425
0.017330425
0.017330425
0.017330425
0.017330425
0.017330425
0.017330425
0.017288351
0.01728172
0.017180145
0.017180145
0.017180145
0.017180145
0.017180145
0.017180145
0.017180145
0.017180145
0.017180145
0.017180145
0.017180145
0.017180145
0.017180145
0.017180145
0.017180145
0.017180145
0.017180145
0.017180145
0.017180145
0.017180145
0.017180145
0.017180145
0.017180145
0.017180145
0.017180145
0.017180145
0.017180145
0.017180145
0.017180145
0.017180145
0.017180145
0.017180145
0.017180145
0.017180145
0.017180145
0.017180145
0.017180145
0.017180145
0.017180145
0.017180145
0.017180145
0.017180145
0.017180145
0.017180145
0.017180145
0.017180145
0.017180145
0.017180145
0.017180145
0.017180145
0.017180145
0.017180145
0.017180145
0.017180145
0.017180145
0.017180145
0.017180145
0.017180145
0.017180145
0.017180145
0.017180145
0.017180145
0.017180145
0.017180145
0.017180145
0.017180145
0.017180145
0.017180145
0.017180145
0.017180145
0.017180145
0.017180145
0.017180145
0.017180145
0.017180145
0.017180145
0.017180145
0.017180145
0.017180145
0.017180145
0.017180145
0.017180145
0.017180145
0.017180145
0.017180145
0.017180145
0.017180145
0.017180145
0.017180145
0.017180145
0.017180145
0.017180145
0.017180145
0.017180145
0.017180145
0.017180145
0.017180145
0.017180145
0.017180145
0.017180145
0.017180145
0.017180145
0.017180145
0.017180145
0.017180145
0.017180145
0.017180145
0.017180145
0.017180145
0.017180145
0.017180145
0.017180145
0.017180145
0.017180145
0.017180145
0.017180145
0.017180145
0.017180145
0.017180145
0.017180145
0.017180145
0.017180145
0.017180145
0.017180145
0.017180145
0.017180145
0.017180145
0.017180145
0.017180145
0.017180145
0.017180145
0.017180145
0.017180145
0.017180145
0.017180145
0.017180145
0.017180145
0.017180145
0.017180145
0.017180145
0.017180145
0.017180145
0.017180145
0.017180145
0.017180145
0.017180145
0.017180145
0.017180145
0.017180145
0.017180145
0.017180145
0.017180145
0.017180145
0.017180145
0.017180145
0.017180145
0.017180145
0.017180145
0.017180145
0.017180145
0.017180145
0.017180145
0.017180145
0.017180145
0.017180145
0.017180145
0.017180145
0.017180145
0.017180145
0.017180145
0.017180145
0.017180145
0.017180145
0.017180145
0.017180145
0.017180145
0.017180145
0.017180145
0.017180145
0.017180145
0.017180145
0.017180145
0.017180145
0.017180145
0.017180145
0.017180145
0.017180145
0.017180145
0.017180145
0.017180145
0.017180145
0.017180145
0.017180145
0.017180145
0.017180145
0.017180145
0.017180145
0.017180145
0.017180145
0.017180145
0.017180145
0.017180145
0.017180145
0.017180145
0.017180145
0.017180145
0.017180145
0.017180145
0.017180145
0.017180145
0.017180145
0.017180145
0.017180145
0.017180145
0.017180145
0.017180145
0.017180145
0.017180145
0.017180145
0.017180145
0.017180145
0.017180145
0.017180145
0.017180145
0.017180145
0.017180145
0.017180145
0.017180145
0.017180145
0.017180145
0.017180145
0.017180145
0.017180145
0.017180145
0.017180145
0.017180145
0.017180145
0.017180145
0.017180145
0.017180145
0.017180145
0.017180145
0.017180145
0.017027773
0.016990803
0.016927922
0.016745863
0.016745863
0.016745863
0.016745863
0.016745863
0.016745863
0.016745863
0.016745863
0.016745863
0.016745863
0.016745863
0.016745863
0.016745863
0.016745863
0.016745863
0.016745863
0.016745863
0.016745863
0.016745863
0.016745863
0.016745863
0.016745863
0.016745863
0.016745863
0.016745863
0.016745863
0.016745863
0.016745863
0.016745863
0.016745863
0.016745863
0.016745863
0.016745863
0.016745863
0.016745863
0.016745863
0.016745863
0.016745863
0.016745863
0.016745863
0.016745863
0.016745863
0.016745863
0.016745863
0.016745863
0.016745863
0.016745863
0.016745863
0.016745863
0.016745863
0.016745863
0.016745863
0.016745863
0.016745863
0.016745863
0.016745863
0.016745863
0.016745863
0.016745863
0.016745863
0.016745863
0.016745863
0.016745863
0.016745863
0.016745863
0.016745863
0.016745863
0.016745863
0.016745863
0.016745863
0.016745863
0.016745863
0.016745863
0.016745863
0.016745863
0.016745863
0.016745863
0.016745863
0.016745863
0.016745863
0.016745863
0.016745863
0.016745863
0.016745863
0.016745863
0.016745863
0.016745863
0.016745863
0.016745863
0.016745863
0.016745863
0.016745863
0.016745863
0.016745863
0.016745863
0.016745863
0.016745863
0.016745863
0.016745863
0.016745863
0.016745863
0.016745863
0.016745863
0.016745863
0.016745863
0.016745863
0.016745863
0.016745863
0.016745863
0.016745863
0.016745863
0.016745863
0.016745863
0.016745863
0.016745863
0.016745863
0.016745863
0.016745863
0.016745863
0.016745863
0.016745863
0.016745863
0.016745863
0.016745863
0.016745863
0.016745863
0.016745863
0.016745863
0.016745863
0.016745863
0.016745863
0.016745863
0.016745863
0.016745863
0.016745863
0.016745863
0.016745863
0.016745863
0.016741745
0.016739469
0.016690144
0.016690144
0.016547985
0.016395833
0.016083675
0.01594145
0.01585777
0.01585777
0.01585777
0.01585777
0.01585777
0.01585777
0.01585777
0.01585777
0.01585777
0.01585777
0.01585777
0.01585777
0.01585777
0.01585777
0.01585777
0.01585777
0.01585777
0.01585777
0.01585777
0.01585777
0.01585777
0.01585777
0.01585777
0.01585777
0.01585777
0.01585777
0.01585777
0.01585777
0.01585777
0.01585777
0.01585777
0.01585777
0.01585777
0.01585777
0.01585777
0.01585777
0.01585777
0.01585777
0.01585777
0.01585777
0.01585777
0.01585777
0.01585777
0.01585777
0.01585777
0.01585777
0.01585777
0.01585777
0.01585777
0.01585777
0.01585777
0.01585777
0.01585777
0.01585777
0.01585777
0.01585777
0.01585777
0.01585777
0.01585777
0.01585777
0.01585777
0.01585777
0.01585777
0.01585777
0.01585777
0.01585777
0.01585777
0.01585777
0.01585777
0.01585777
0.01585777
0.01585777
0.01585777
0.01585777
0.01585777
0.01585777
0.01585777
0.01585777
0.01585777
0.01585777
0.01585777
0.01585777
0.01585777
0.01585777
0.01585777
0.01585777
0.01585777
0.01585777
0.01585777
0.01585777
0.01585777
0.01585777
0.01585777
0.01585777
0.01585777
0.01585777
0.01585777
0.01585777
0.01585777
0.01585777
0.01585777
0.01585777
0.01585777
0.01585777
0.01585777
0.01585777
0.01585777
0.01585777
0.01585777
0.01585777
0.01585777
0.01585777
0.01585777
0.01585777
0.01585777
0.01585777
0.01585777
0.01585777
0.01585777
0.01585777
0.01585777
0.01585777
0.01585777
0.01585777
0.01585777
0.01585777
0.01585777
0.01585777
0.01585777
0.01585777
0.01585777
0.01585777
0.01585777
0.01585777
0.01585777
0.01585777
0.01585777
0.01585777
0.01585777
0.01585777
0.01585777
0.01585777
0.01585777
0.01585777
0.01585777
0.01585777
0.01585777
0.01585777
0.01585777
0.01585777
0.01585777
0.01585777
0.01585777
0.01585777
0.015538614
0.015486794
0.015486794
0.015486794
0.015486794
0.015486794
0.015486794
0.015486794
0.015486794
0.015486794
0.015486794
0.015486794
0.015486794
0.015486794
0.015486794
0.015486794
0.015486794
0.015486794
0.015486794
0.015486794
0.015486794
0.015486794
0.015486794
0.015486794
0.015486794
0.015486794
0.015486794
0.015486794
0.015486794
0.015486794
0.015486794
0.015486794
0.015486794
0.015486794
0.015486794
0.015486794
0.015486794
0.015486794
0.015486794
0.015486794
0.015486794
0.015486794
0.015486794
0.015486794
0.015486794
0.015486794
0.015486794
0.015486794
0.015486794
0.015486794
0.015486794
0.015486794
0.015486794
0.015486794
0.015486794
0.015486794
0.015486794
0.015486794
0.015486794
0.015486794
0.015486794
0.015486794
0.015486794
0.015486794
0.015486794
0.015486794
0.015486794
0.015486794
0.015486794
0.015486794
0.015486794
0.015486794
0.015486794
0.015486794
0.015486794
0.015486794
0.015486794
0.015486794
0.015486794
0.015486794
0.015486794
0.015486794
0.015486794
0.015486794
0.015486794
0.015486794
0.015486794
0.015486794
0.015486794
0.015486794
0.015486794
0.015486794
0.015486794
0.015486794
0.015486794
0.015486794
0.015486794
0.015486794
0.015486794
0.015486794
0.015486794
0.015486794
0.015486794
0.015486794
0.015486794
0.015486794
0.015486794
0.015486794
0.015486794
0.015486794
0.015486794
0.015486794
0.015486794
0.015486794
0.015486794
0.015486794
0.015486794
0.015486794
0.015486794
0.015486794
0.015486794
0.015486794
0.015486794
0.015486794
0.015486794
0.015486794
0.015486794
0.015486794
0.015486794
0.015486794
0.015486794
0.015486794
0.015486794
0.015486794
0.015486794
0.015486794
0.015486794
0.015486794
0.015486794
0.015486794
0.015486794
0.015486794
0.015486794
0.015486794
0.015486794
0.015486794
0.015486794
0.015486794
0.015486794
0.015486794
0.015486794
0.015486794
0.015486794
0.015486794
0.015486794
0.015486794
0.015486794
0.015486794
0.015486794
0.015486794
0.015486794
0.015486794
0.015486794
0.015471897
0.015381425
0.015381425
0.015381425
0.015381425
0.015381425
0.015381425
0.015381425
0.015381425
0.015381425
0.015381425
0.015381425
0.015381425
0.015381425
0.015381425
0.015381425
0.015381425
0.015381425
0.015381425
0.015381425
0.015381425
0.015381425
0.015381425
0.015381425
0.015381425
0.015381425
0.015381425
0.015381425
0.015381425
0.015381425
0.015381425
0.015381425
0.015381425
0.015381425
0.015381425
0.015381425
0.015381425
0.015381425
0.015381425
0.015381425
0.015381425
0.015381425
0.015381425
0.015381425
0.015381425
0.015381425
0.015381425
0.015381425
0.015381425
0.015381425
0.015381425
0.015381425
0.015381425
0.015381425
0.015381425
0.015381425
0.015381425
0.015381425
0.015381425
0.015381425
0.015381425
0.015381425
0.015381425
0.015381425
0.015381425
0.015381425
0.015381425
0.015381425
0.015381425
0.015381425
0.015381425
0.015381425
0.015381425
0.015381425
0.015381425
0.015381425
0.015381425
0.015381425
0.015381425
0.015381425
0.015381425
0.015381425
0.015381425
0.015381425
0.015381425
0.015381425
0.015381425
0.015381425
0.015381425
0.015381425
0.015381425
0.015381425
0.015381425
0.015381425
0.015381425
0.015381425
0.015381425
0.015381425
0.015381425
0.015381425
0.015381425
0.015381425
0.015381425
0.015381425
0.015381425
0.015381425
0.015381425
0.015381425
0.015381425
0.015381425
0.015381425
0.015381425
0.015381425
0.015381425
0.015381425
0.015381425
0.015381425
0.015381425
0.015381425
0.015381425
0.015381425
0.015381425
0.015381425
0.015381425
0.015381425
0.015381425
0.015381425
0.015381425
0.015381425
0.015381425
0.015381425
0.015381425
0.015381425
0.015381425
0.015381425
0.015381425
0.015381425
0.015381425
0.015381425
0.015381425
0.015381425
0.015381425
0.015381425
0.015381425
0.015381425
0.015381425
0.015381425
0.015381425
0.015381425
0.015381425
0.015381425
0.015381425
0.015381425
0.015381425
0.015381425
0.015381425
0.015381425
0.015381425
0.015381425
0.015381425
0.015381425
0.015381425
0.015381425
0.015381425
0.015381425
0.015381425
0.015381425
0.015381425
0.015381425
0.015381425
0.015381425
0.015381425
0.015381425
0.015381425
0.015381425
0.015381425
0.015381425
0.015381425
0.015381425
0.015381425
0.015381425
0.015381425
0.015381425
0.015381425
0.015381425
0.015381425
0.015381425
0.015381425
0.015381425
0.015381425
0.015381425
0.015381425
0.015381425
0.015381425
0.015381425
0.015381425
0.015381425
0.015381425
0.015381425
0.015381425
0.015381425
0.015381425
0.015381425
0.015381425
0.015381425
0.015381425
0.015381425
0.015381425
0.015381425
0.015381425
0.015381425
0.015381425
0.015381425
0.015381425
0.015381425
0.015381425
0.015381425
0.015381425
0.015381425
0.015381425
0.015381425
0.015381425
0.015381425
0.015381425
0.015381425
0.015381425
0.015381425
0.015381425
0.015381425
0.015381425
0.015381425
0.015381425
0.015381425
0.015381425
0.015381425
0.015381425
0.015381425
0.015381425
0.015381425
0.015381425
0.015381425
0.015381425
0.015381425
0.015381425
0.015381425
0.015381425
0.015381425
0.015381425
0.015381425
0.015381425
0.015381425
0.015381425
0.015381425
0.015381425
0.015381425
0.015381425
0.015381425
0.015381425
0.015381425
0.015381425
0.015381425
0.015381425
0.015381425
0.015381425
0.015381425
0.015381425
0.015381425
0.015381425
0.015381425
0.015381425
0.015381425
0.015381425
0.015381425
0.015381425
0.015381425
0.015381425
0.015381425
0.015381425
0.015381425
0.015381425
0.015381425
0.015381425
0.015381425
0.015381425
0.015381425
0.015381425
0.015381425
0.015381425
0.015381425
0.015381425
0.015381425
0.015381425
0.015381425
0.015381425
0.015381425
0.015381425
0.015381425
0.015381425
0.015381425
0.015381425
0.015381425
0.015381425
0.015381425
0.015381425
0.015381425
0.015381425
0.015381425
0.015381425
0.015381425
0.015381425
0.015381425
0.015381425
0.015381425
0.015381425
0.015381425
0.015381425
0.015381425
0.015381425
0.015381425
0.015381425
0.01521149
0.014959208
0.014959208
0.014959208
0.014914307
0.014888786
0.014854716
0.014803047
0.014725998
0.01452222
0.01429186
0.014095134
0.014036545
0.01403128
0.01403128
0.01403128
0.01403128
0.01403128
0.01403128
0.01403128
0.01403128
0.01403128
0.01403128
0.01403128
0.01403128
0.01403128
0.01403128
0.01403128
0.01403128
0.01403128
0.01403128
0.01403128
0.01403128
0.01403128
0.01403128
0.01403128
0.01403128
0.01403128
0.01403128
0.01403128
0.01403128
0.01403128
0.01403128
0.01403128
0.01403128
0.01403128
0.01403128
0.01403128
0.01403128
0.01403128
0.01403128
0.01403128
0.01403128
0.01403128
0.01403128
0.01403128
0.01403128
0.01403128
0.01403128
0.013927714
0.013898465
0.013819792
0.013819792
0.013819792
0.013819792
0.013819792
0.013819792
0.013819792
0.013819792
0.013819792
0.013819792
0.013819792
0.013819792
0.013819792
0.013819792
0.013819792
0.013819792
0.013819792
0.013819792
0.013819792
0.013819792
0.013819792
0.013819792
0.013819792
0.013819792
0.013819792
0.013819792
0.013819792
0.013819792
0.013819792
0.013819792
0.013819792
0.013819792
0.013819792
0.013819792
0.013819792
0.013819792
0.013819792
0.013819792
0.013819792
0.013819792
0.013819792
0.013819792
0.013819792
0.013819792
0.013819792
0.013819792
0.013819792
0.013819792
0.013819792
0.013819792
0.013819792
0.013819792
0.013819792
0.013819792
0.013819792
0.013819792
0.013819792
0.013819792
0.013819792
0.013819792
0.013819792
0.013819792
0.013819792
0.013819792
0.013819792
0.013819792
0.013819792
0.013819792
0.013819792
0.013819792
0.013819792
0.013819792
0.013819792
0.013819792
0.013819792
0.013819792
0.013819792
0.013819792
0.013819792
0.013819792
0.013819792
0.013819792
0.013819792
0.013819792
0.013819792
0.013819792
0.013819792
0.013819792
0.013819792
0.013819792
0.013819792
0.013819792
0.013819792
0.013819792
0.013819792
0.013819792
0.013819792
0.013819792
0.013819792
0.013819792
0.013819792
0.013819792
0.013819792
0.013819792
0.013819792
0.013819792
0.013819792
0.013819792
0.013819792
0.013819792
0.013819792
0.013819792
0.013819792
0.013819792
0.013819792
0.013819792
0.013819792
0.013819792
0.013819792
0.013819792
0.013819792
0.013819792
0.013819792
0.013819792
0.013819792
0.013819792
0.013819792
0.013819792
0.013819792
0.013819792
0.013819792
0.013819792
0.013819792
0.013819792
0.013819792
0.013819792
0.013819792
0.013819792
0.013819792
0.013819792
0.013819792
0.013819792
0.013819792
0.013819792
0.013819792
0.013819792
0.013819792
0.013819792
0.013819792
0.013819792
0.013819792
0.013819792
0.013819792
0.013819792
0.013819792
0.013819792
0.013819792
0.013819792
0.013819792
0.013819792
0.013819792
0.013819792
0.013819792
0.013819792
0.013819792
0.013819792
0.013819792
0.013819792
0.013819792
0.013819792
0.013819792
0.013819792
0.013819792
0.013819792
0.013819792
0.013819792
0.013819792
0.013819792
0.013819792
0.013819792
0.013819792
0.013819792
0.013819792
0.013819792
0.013819792
0.013819792
0.013819792
0.013819792
0.013819792
0.013819792
0.013819792
0.013819792
0.013819792
0.013819792
0.013819792
0.013819792
0.013819792
0.013819792
0.013819792
0.013819792
0.013819792
0.013819792
0.013819792
0.013819792
0.013819792
0.013819792
0.013819792
0.013819792
0.013819792
0.013819792
0.0137781
0.01364958
0.01362259
0.01362259
0.01362259
0.01362259
0.01362259
0.01362259
0.01362259
0.01362259
0.01362259
0.01362259
0.01362259
0.01362259
0.01362259
0.01362259
0.01362259
0.01362259
0.01362259
0.01362259
0.01362259
0.01362259
0.01362259
0.01362259
0.01362259
0.01362259
0.01362259
0.01362259
0.01362259
0.01362259
0.01362259
0.01362259
0.01362259
0.01362259
0.01362259
0.01362259
0.01362259
0.01362259
0.01362259
0.01362259
0.01362259
0.01362259
0.01362259
0.01362259
0.01362259
0.01362259
0.01362259
0.01362259
0.01362259
0.01362259
0.01362259
0.01362259
0.01362259
0.01362259
0.01362259
0.01362259
0.01362259
0.01362259
0.01362259
0.01362259
0.01362259
0.01362259
0.01362259
0.01362259
0.01362259
0.01362259
0.01362259
0.01362259
0.01362259
0.01362259
0.01362259
0.01362259
0.01362259
0.01362259
0.01362259
0.01362259
0.01362259
0.01362259
0.01362259
0.01362259
0.01362259
0.01362259
0.01362259
0.01362259
0.01362259
0.01362259
0.01362259
0.01362259
0.01362259
0.01362259
0.01362259
0.01362259
0.01362259
0.01362259
0.01362259
0.01362259
0.01362259
0.01362259
0.01362259
0.01362259
0.01362259
0.01362259
0.01362259
0.01362259
0.01362259
0.01362259
0.01362259
0.01362259
0.01362259
0.01362259
0.01362259
0.01362259
0.01362259
0.01362259
0.01362259
0.01362259
0.01362259
0.01362259
0.01362259
0.01362259
0.01362259
0.01362259
0.01362259
0.01362259
0.01362259
0.01362259
0.01362259
0.01362259
0.01362259
0.01362259
0.01362259
0.01362259
0.01362259
0.01362259
0.01362259
0.01362259
0.01362259
0.01362259
0.01362259
0.01362259
0.01362259
0.01362259
0.01362259
0.01362259
0.01362259
0.01362259
0.01362259
0.01362259
0.01362259
0.01362259
0.01362259
0.01362259
0.01362259
0.01362259
0.01362259
0.01362259
0.01362259
0.01362259
0.01362259
0.01362259
0.01362259
0.01362259
0.01362259
0.01362259
0.01362259
0.01362259
0.01362259
0.01362259
0.01362259
0.01362259
0.01362259
0.01362259
0.01362259
0.01362259
0.01362259
0.01362259
0.01362259
0.01362259
0.01362259
0.013597996
0.013432779
0.013419301
0.013419301
0.013370412
0.0133390725
0.0133390725
0.0133390725
0.0133390725
0.0133390725
0.0133390725
0.0133390725
0.0133390725
0.0133390725
0.0133390725
0.0133390725
0.0133390725
0.0133390725
0.0133390725
0.0133390725
0.0133390725
0.0133390725
0.0133390725
0.0133390725
0.0133390725
0.0133390725
0.0133390725
0.0133390725
0.0133390725
0.0133390725
0.0133390725
0.0133390725
0.0133390725
0.0133390725
0.0133390725
0.0133390725
0.0133390725
0.0133390725
0.0133390725
0.0133390725
0.0133390725
0.0133390725
0.0133390725
0.0133390725
0.0133390725
0.0133390725
0.0133390725
0.0133390725
0.0133390725
0.0133390725
0.0133390725
0.0133390725
0.0133390725
0.0133390725
0.0133390725
0.0133390725
0.0133390725
0.0133390725
0.0133390725
0.0133390725
0.0133390725
0.0133390725
0.0133390725
0.0133390725
0.0133390725
0.0133390725
0.0133390725
0.0133390725
0.0133390725
0.0133390725
0.0133390725
0.0133390725
0.0133390725
0.0133390725
0.0133390725
0.0133390725
0.0133390725
0.0133390725
0.0133390725
0.0133390725
0.0133390725
0.0133390725
0.0133390725
0.0133390725
0.0133390725
0.0133390725
0.0133390725
0.0133390725
0.0133390725
0.0133390725
0.0133390725
0.0133390725
0.0133390725
0.0133390725
0.0133390725
0.0133390725
0.0133390725
0.0133390725
0.0133390725
0.0133390725
0.0133390725
0.0133390725
0.0133390725
0.0133390725
0.0133390725
0.0133390725
0.0133390725
0.0133390725
0.0133390725
0.0133390725
0.0133390725
0.0133390725
0.0133390725
0.0133390725
0.0133390725
0.0133390725
0.0133390725
0.0133390725
0.0133390725
0.0133390725
0.0133390725
0.0133390725
0.0133390725
0.0133390725
0.0133390725
0.0133390725
0.0133390725
0.0133390725
0.0133390725
0.0133390725
0.0133390725
0.0133390725
0.0133390725
0.0133390725
0.0133390725
0.0133390725
0.0133390725
0.0133390725
0.0133390725
0.0133390725
0.0133390725
0.0133390725
0.0133390725
0.0133390725
0.0133390725
0.0133390725
0.0133390725
0.0133390725
0.0133390725
0.0133390725
0.0133390725
0.0133390725
0.0133390725
0.0133390725
0.0133390725
0.0133390725
0.0133390725
0.0133390725
0.0133390725
0.0133390725
0.0133390725
0.0133390725
0.0133390725
0.0133390725
0.0133390725
0.0133390725
0.0133390725
0.0133390725
0.0133390725
0.0133390725
0.0133390725
0.0133390725
0.0133390725
0.0133390725
0.0133390725
0.0133390725
0.0133390725
0.0133390725
0.0133390725
0.0133390725
0.0133390725
0.0133390725
0.0133390725
0.0133390725
0.0133390725
0.0133390725
0.0133390725
0.0133390725
0.0133390725
0.0133390725
0.0133390725
0.0133390725
0.0133390725
0.0133390725
0.0133390725
0.0133390725
0.0133390725
0.0133390725
0.0133390725
0.0133390725
0.0133390725
0.0133390725
0.0133390725
0.0133390725
0.0133390725
0.0133390725
0.0133390725
0.0133390725
0.0133390725
0.0133390725
0.0133390725
0.0133390725
0.0133390725
0.0133390725
0.0133390725
0.0133390725
0.0133390725
0.0133390725
0.0133390725
0.0133390725
0.0133390725
0.0133390725
0.0133390725
0.0133390725
0.0133390725
0.0133390725
0.0133390725
0.0133390725
0.0133390725
0.0133390725
0.0133390725
0.0133390725
0.0133390725
0.0133390725
0.0133390725
0.0133390725
0.0133390725
0.0133390725
0.0133390725
0.0133390725
0.0133390725
0.0133390725
0.013311174
0.013201771
0.013201771
0.013201771
0.013106905
0.013106905
0.013106905
0.013106905
0.013106905
0.013106905
0.013106905
0.013106905
0.013106905
0.013106905
0.013106905
0.013106905
0.013106905
0.013106905
0.013106905
0.013106905
0.013106905
0.013106905
0.013106905
0.013106905
0.013106905
0.013106905
0.013106905
0.013106905
0.013106905
0.013106905
0.013106905
0.013106905
0.013106905
0.013106905
0.013106905
0.013106905
0.013106905
0.013106905
0.013106905
0.013106905
0.013106905
0.013106905
0.013106905
0.013106905
0.013106905
0.013106905
0.013106905
0.013106905
0.013106905
0.013106905
0.013106905
0.013106905
0.013106905
0.013106905
0.013106905
0.013106905
0.013106905
0.013106905
0.013106905
0.013106905
0.013106905
0.013106905
0.013106905
0.013106905
0.013106905
0.013106905
0.013106905
0.013106905
0.013106905
0.013106905
0.013106905
0.013106905
0.013106905
0.013106905
0.013106905
0.013106905
0.013106905
0.013106905
0.013106905
0.013106905
0.013106905
0.013106905
0.013106905
0.013106905
0.013106905
0.013106905
0.013106905
0.013106905
0.013106905
0.013106905
0.013106905
0.013106905
0.013106905
0.013106905
0.013106905
0.013106905
0.013106905
0.013106905
0.013106905
0.013106905
0.013106905
0.013106905
0.013106905
0.013106905
0.013106905
0.013106905
0.013106905
0.013106905
0.013106905
0.013106905
0.013106905
0.013106905
0.013106905
0.013106905
0.013106905
0.013106905
0.013106905
0.013106905
0.013106905
0.013106905
0.013106905
0.013106905
0.013106905
0.013106905
0.013106905
0.013106905
0.013106905
0.013106905
0.013106905
0.013106905
0.013106905
0.013106905
0.013106905
0.013106905
0.013106905
0.013106905
0.013106905
0.013106905
0.013106905
0.013106905
0.013106905
0.013106905
0.013106905
0.013106905
0.013106905
0.013106905
0.013106905
0.013106905
0.013106905
0.013106905
0.013106905
0.013106905
0.013106905
0.013106905
0.013106905
0.013106905
0.013106905
0.013106905
0.013106905
0.013106905
0.013106905
0.013106905
0.013106905
0.013106905
0.013106905
0.013106905
0.013106905
0.013106905
0.013106905
0.013106905
0.013106905
0.013106905
0.013106905
0.013106905
0.013106905
0.013106905
0.013106905
0.013106905
0.013106905
0.013106905
0.013106905
0.013106905
0.013106905
0.013106905
0.013106905
0.013106905
0.013106905
0.013106905
0.013106905
0.013106905
0.013106905
0.013106905
0.013106905
0.013106905
0.013106905
0.013106905
0.013106905
0.013106905
0.013106905
0.013106905
0.013106905
0.013106905
0.013106905
0.013106905
0.013106905
0.013106905
0.013106905
0.013106905
0.013106905
0.013106905
0.013106905
0.013106905
0.013106905
0.013106905
0.013106905
0.013106905
0.013106905
0.013106905
0.013106905
0.013106905
0.013106905
0.013106905
0.013106905
0.013106905
0.013106905
0.013106905
0.013106905
0.013106905
0.013106905
0.013106905
0.013106905
0.013106905
0.013106905
0.013106905
0.013106905
0.013106905
0.013106905
0.013106905
0.013106905
0.013106905
0.013106905
0.013106905
0.013106905
0.013106905
0.013106905
0.013106905
0.013106905
0.013106905
0.013106905
0.013045995
0.013045995
0.013045995
0.013045995
0.013045995
0.013045995
0.013045995
0.013045995
0.013045995
0.013045995
0.013045995
0.013045995
0.013045995
0.013045995
0.013045995
0.013045995
0.013045995
0.013045995
0.013045995
0.013045995
0.013045995
0.013045995
0.013045995
0.013045995
0.013045995
0.013045995
0.013045995
0.013045995
0.013045995
0.013045995
0.013045995
0.013045995
0.013045995
0.013045995
0.013045995
0.013045995
0.013045995
0.013045995
0.013045995
0.013045995
0.013045995
0.013045995
0.013045995
0.013045995
0.013045995
0.013045995
0.013045995
0.013045995
0.013045995
0.013045995
0.013045995
0.013045995
0.013045995
0.013045995
0.013045995
0.013045995
0.013045995
0.013045995
0.013045995
0.013045995
0.013045995
0.013045995
0.013045995
0.013045995
0.013045995
0.013045995
0.013045995
0.013045995
0.013045995
0.013045995
0.013045995
0.013045995
0.013045995
0.013045995
0.013045995
0.013045995
0.013045995
0.013045995
0.013045995
0.013045995
0.013045995
0.013045995
0.013045995
0.013045995
0.013045995
0.013045995
0.013045995
0.013045995
0.013045995
0.013045995
0.013045995
0.013045995
0.013045995
0.013045995
0.013045995
0.013045995
0.013045995
0.013045995
0.013045995
0.013045995
0.013045995
0.013045995
0.013045995
0.013045995
0.013045995
0.013045995
0.013045995
0.013045995
0.013045995
0.013045995
0.013045995
0.013045995
0.013045995
0.013045995
0.013045995
0.013045995
0.013045995
0.013045995
0.013045995
0.013045995
0.013045995
0.013045995
0.013045995
0.013045995
0.013045995
0.013045995
0.013045995
0.013045995
0.013045995
0.013045995
0.013045995
0.013045995
0.013045995
0.013045995
0.013045995
0.013045995
0.013045995
0.013045995
0.013045995
0.013045995
0.013045995
0.013045995
0.013045995
0.013045995
0.013045995
0.013045995
0.013045995
0.013045995
0.013045995
0.013045995
0.013045995
0.013045995
0.013045995
0.013045995
0.013045995
0.013045995
0.013045995
0.013045995
0.013045995
0.013045995
0.013045995
0.013045995
0.013045995
0.013045995
0.013045995
0.013045995
0.013045995
0.013045995
0.013045995
0.013045995
0.013045995
0.013045995
0.0127998
0.0127998
0.012721331
0.012628969
0.012628969
0.012628969
0.012468951
0.01242752
0.01241768
0.0122159505
0.0122159505
0.0122159505
0.0122159505
0.0122159505
0.0122159505
0.0122159505
0.0122159505
0.0122159505
0.012166297
0.012154783
0.012148373
0.012148373
0.012148373
0.012148373
0.012148373
0.012148373
0.012148373
0.012148373
0.012148373
0.012148373
0.012148373
0.012148373
0.012148373
0.012148373
0.012148373
0.012148373
0.012148373
0.012148373
0.012148373
0.012148373
0.012148373
0.012148373
0.012148373
0.012148373
0.012148373
0.012148373
0.012148373
0.012148373
0.012148373
0.012148373
0.012148373
0.012148373
0.012148373
0.012148373
0.012148373
0.012148373
0.012148373
0.012148373
0.012148373
0.012148373
0.012148373
0.012148373
0.012148373
0.012148373
0.012148373
0.012148373
0.012148373
0.012148373
0.012148373
0.012148373
0.012148373
0.012148373
0.012148373
0.012148373
0.012148373
0.012148373
0.012148373
0.012148373
0.012148373
0.012148373
0.012148373
0.012148373
0.012148373
0.012148373
0.012148373
0.012148373
0.012148373
0.012148373
0.012148373
0.012148373
0.012148373
0.012148373
0.012148373
0.012148373
0.012148373
0.012148373
0.012148373
0.012148373
0.012148373
0.012148373
0.012148373
0.012148373
0.012148373
0.012148373
0.012148373
0.012148373
0.012148373
0.012148373
0.012148373
0.012148373
0.012148373
0.012148373
0.012148373
0.012148373
0.012148373
0.012148373
0.012148373
0.012148373
0.012148373
0.012148373
0.012148373
0.012148373
0.012148373
0.012148373
0.012148373
0.012148373
0.012148373
0.012148373
0.012148373
0.012148373
0.012148373
0.012148373
0.012148373
0.012148373
0.012148373
0.012148373
0.012148373
0.012148373
0.012148373
0.012148373
0.012148373
0.012148373
0.012148373
0.012148373
0.012148373
0.012148373
0.012148373
0.012148373
0.012148373
0.012148373
0.012148373
0.012148373
0.012148373
0.012148373
0.012148373
0.012148373
0.012148373
0.012148373
0.012148373
0.012148373
0.012148373
0.012148373
0.012148373
0.012148373
0.012148373
0.012148373
0.012148373
0.012148373
0.012148373
0.012148373
0.012148373
0.012148373
0.012148373
0.012148373
0.012148373
0.012148373
0.012148373
0.012148373
0.012148373
0.012148373
0.012148373
0.012148373
0.012148373
0.012148373
0.012148373
0.012148373
0.012148373
0.012148373
0.012148373
0.012148373
0.012148373
0.012148373
0.012148373
0.012148373
0.012148373
0.012148373
0.012148373
0.012148373
0.012148373
0.012148373
0.012148373
0.012148373
0.012148373
0.012148373
0.012148373
0.012148373
0.012148373
0.012148373
0.012148373
0.012148373
0.012148373
0.012148373
0.012148373
0.012148373
0.012148373
0.012148373
0.012148373
0.012148373
0.012148373
0.012148373
0.012148373
0.012148373
0.012148373
0.012148373
0.012148373
0.012148373
0.012148373
0.012148373
0.012148373
0.012148373
0.012148373
0.012148373
0.012148373
0.012148373
0.012148373
0.012148373
0.012148373
0.012148373
0.012148373
0.012148373
0.012148373
0.012148373
0.012148373
0.012148373
0.012148373
0.012148373
0.012148373
0.012148373
0.012148373
0.012148373
0.012148373
0.012148373
0.012148373
0.012148373
0.012148373
0.012148373
0.012148373
0.012148373
0.012148373
0.012148373
0.012148373
0.012148373
0.012148373
0.012148373
0.012148373
0.012148373
0.012148373
0.012148373
0.012148373
0.012148373
0.012148373
0.012148373
0.012148373
0.012148373
0.012148373
0.012148373
0.012148373
0.012148373
0.012148373
0.012148373
0.012148373
0.012148373
0.012148373
0.012148373
0.012148373
0.012148373
0.012148373
0.012148373
0.012148373
0.012148373
0.012148373
0.012148373
0.012148373
0.012148373
0.012148373
0.012148373
0.012148373
0.012148373
0.012148373
0.012148373
0.012148373
0.012148373
0.012148373
0.012148373
0.012148373
0.012148373
0.012148373
0.012148373
0.012148373
0.012148373
0.012148373
0.012148373
0.012148373
0.012148373
0.012148373
0.012148373
0.012148373
0.012148373
0.012148373
0.012148373
0.012148373
0.012148373
0.012148373
0.012148373
0.012148373
0.012148373
0.012148373
0.012148373
0.012148373
0.012148373
0.012148373
0.012148373
0.012148373
0.012148373
0.012148373
0.012148373
0.012148373
0.012148373
0.012148373
0.012148373
0.012148373
0.012148373
0.012148373
0.012148373
0.012148373
0.012148373
0.012148373
0.012148373
0.012148373
0.012148373
0.012148373
0.012148373
0.012148373
0.012148373
0.012148373
0.012148373
0.012148373
0.012148373
0.012148373
0.012148373
0.012148373
0.012148373
0.012148373
0.012148373
0.012148373
0.012148373
0.012148373
0.012148373
0.012148373
0.012148373
0.012148373
0.012148373
0.012148373
0.012148373
0.012148373
0.012148373
0.012148373
0.012148373
0.012148373
0.012148373
0.012143132
0.012111192
0.012111192
0.012092784
0.012092784
0.012092784
0.012092784
0.012092784
0.012092784
0.012092784
0.012092784
0.012092784
0.012092784
0.012092784
0.012092784
0.012092784
0.012092784
0.012092784
0.012092784
0.012092784
0.012092784
0.012092784
0.012092784
0.012092784
0.012092784
0.012092784
0.012092784
0.012092784
0.012092784
0.012092784
0.012092784
0.012092784
0.012092784
0.012092784
0.012092784
0.012092784
0.012092784
0.012092784
0.012092784
0.012092784
0.012092784
0.012092784
0.012092784
0.012092784
0.012092784
0.012092784
0.012092784
0.012092784
0.012092784
0.012092784
0.012092784
0.012092784
0.012092784
0.012092784
0.012092784
0.012092784
0.012092784
0.012092784
0.012092784
0.012092784
0.012092784
0.012092784
0.012092784
0.012092784
0.012092784
0.012092784
0.012092784
0.012092784
0.012092784
0.012092784
0.012092784
0.012092784
0.012092784
0.012092784
0.012092784
0.012092784
0.012092784
0.012092784
0.012092784
0.012092784
0.012092784
0.012092784
0.012092784
0.012092784
0.012092784
0.012092784
0.012092784
0.012092784
0.012092784
0.012092784
0.012092784
0.012092784
0.012092784
0.012092784
0.012092784
0.012092784
0.012092784
0.012092784
0.012092784
0.012092784
0.012092784
0.012092784
0.012092784
0.012092784
0.012092784
0.012092784
0.012092784
0.012092784
0.012092784
0.012092784
0.012092784
0.012092784
0.012092784
0.012092784
0.012092784
0.012092784
0.012092784
0.012092784
0.012092784
0.012092784
0.012092784
0.012092784
0.012092784
0.012092784
0.012092784
0.012092784
0.012092784
0.012092784
0.012092784
0.012092784
0.012092784
0.012092784
0.012092784
0.012092784
0.012092784
0.012092784
0.012092784
0.012092784
0.012092784
0.012092784
0.012092784
0.012092784
0.012092784
0.012092784
0.012092784
0.012092784
0.012092784
0.012092784
0.012092784
0.012092784
0.012092784
0.012092784
0.012092784
0.012092784
0.012092784
0.012092784
0.012092784
0.012092784
0.012092784
0.012092784
0.012092784
0.012092784
0.012092784
0.012092784
0.012092784
0.012092784
0.012092784
0.012092784
0.012092784
0.012092784
0.012092784
0.012092784
0.012092784
0.012092784
0.012092784
0.012092784
0.012092784
0.012092784
0.012092784
0.012092784
0.012092784
0.012092784
0.012092784
0.012092784
0.012092784
0.012092784
0.012092784
0.012092784
0.012092784
0.012092784
0.012092784
0.012092784
0.012092784
0.012092784
0.012092784
0.012092784
0.012092784
0.012092784
0.012092784
0.012092784
0.012092784
0.012092784
0.012092784
0.012092784
0.012092784
0.012092784
0.012092784
0.012092784
0.012092784
0.012092784
0.012092784
0.012092784
0.012092784
0.012092784
0.012092784
0.012092784
0.012092784
0.012092784
0.012092784
0.012092784
0.012092784
0.012092784
0.012092784
0.012092784
0.012092784
0.012092784
0.012092784
0.012092784
0.012092784
0.012092784
0.012092784
0.012092784
0.012092784
0.012092784
0.012092784
0.012092784
0.012092784
0.012092784
0.012092784
0.012092784
0.012092784
0.012092784
0.012074376
0.012074376
0.012074376
0.012032328
0.012026351
0.011935676
0.01191299
0.011656926
0.01162572
0.01149878
0.011435242
0.011417128
0.011411865
0.011323039
0.011244148
0.011067651
0.0110650305
0.011062069
0.010982903
0.0108774435
0.0108621605
0.010780163
0.010767173
0.010767173
0.010767173
0.010767173
0.010767173
0.010767173
0.010767173
0.010767173
0.010767173
0.010767173
0.01069832
0.01069832
0.01069049
0.010637045
0.010484261
0.010333637
0.010306234
0.010291127
0.010289885
0.010281107
0.010259297
0.010186702
0.010067079
0.010067079
0.010067079
0.010067079
0.010067079
0.010067079
0.010067079
0.010067079
0.010067079
0.010067079
0.010067079
0.010067079
0.010067079
0.010067079
0.010067079
0.010067079
0.010067079
0.010067079
0.010067079
0.010067079
0.010067079
0.010067079
0.010067079
0.010067079
0.010050736
0.010050736
0.010050736
0.010050736
0.010050736
0.009982839
0.009982839
0.009951034
0.009951034
0.009898148
0.009898148
0.009898148
0.009898148
0.009898148
0.009898148
0.009898148
0.009898148
0.009898148
0.009898148
0.009898148
0.009898148
0.009898148
0.009898148
0.009898148
0.009898148
0.009898148
0.009898148
0.009898148
0.009898148
0.009898148
0.009898148
0.009898148
0.009898148
0.009898148
0.009898148
0.009898148
0.009898148
0.009898148
0.009898148
0.009898148
0.009898148
0.009898148
0.009898148
0.009898148
0.009898148
0.009898148
0.009898148
0.009898148
0.009898148
0.009898148
0.009898148
0.009898148
0.009898148
0.009898148
0.009898148
0.009898148
0.009898148
0.009898148
0.009898148
0.009898148
0.009898148
0.009898148
0.009898148
0.009898148
0.009898148
0.009898148
0.009898148
0.009898148
0.009898148
0.009898148
0.009898148
0.009898148
0.009898148
0.009898148
0.009898148
0.009898148
0.009898148
0.009898148
0.009898148
0.009898148
0.009898148
0.009898148
0.009898148
0.009898148
0.009898148
0.009898148
0.009898148
0.009898148
0.009898148
0.009898148
0.009898148
0.009898148
0.009898148
0.009898148
0.009898148
0.009898148
0.009898148
0.009898148
0.009898148
0.009898148
0.009898148
0.009898148
0.009898148
0.009898148
0.009898148
0.009898148
0.009898148
0.009898148
0.009898148
0.009898148
0.009898148
0.009898148
0.009898148
0.009898148
0.009898148
0.009898148
0.009898148
0.009898148
0.009898148
0.009898148
0.009898148
0.009898148
0.009898148
0.009898148
0.009898148
0.009898148
0.009898148
0.009898148
0.009898148
0.009898148
0.009898148
0.009898148
0.009898148
0.009898148
0.009898148
0.009898148
0.009898148
0.009898148
0.009898148
0.009898148
0.009898148
0.009898148
0.009898148
0.009898148
0.009898148
0.009898148
0.009898148
0.009898148
0.009898148
0.009898148
0.009898148
0.009898148
0.009898148
0.009898148
0.009898148
0.009898148
0.009898148
0.009898148
0.009898148
0.009898148
0.009898148
0.009898148
0.009898148
0.009898148
0.009898148
0.009898148
0.009898148
0.009898148
0.009898148
0.009898148
0.009898148
0.009898148
0.009898148
0.009898148
0.009898148
0.009898148
0.009898148
0.009898148
0.009898148
0.009898148
0.009898148
0.009898148
0.009898148
0.009898148
0.009898148
0.009898148
0.009898148
0.009898148
0.009898148
0.009898148
0.009898148
0.009898148
0.009898148
0.009898148
0.009898148
0.009898148
0.009898148
0.009898148
0.009898148
0.009898148
0.009898148
0.009898148
0.009898148
0.009898148
0.009898148
0.009898148
0.009898148
0.009898148
0.009898148
0.009898148
0.009898148
0.009898148
0.009898148
0.009898148
0.009898148
0.009898148
0.009898148
0.009898148
0.009898148
0.009898148
0.009898148
0.009898148
0.009898148
0.009898148
0.009898148
0.009898148
0.009898148
0.009898148
0.009898148
0.009898148
0.009898148
0.009898148
0.009898148
0.009898148
0.009898148
0.009898148
0.009898148
0.009898148
0.009898148
0.009898148
0.009898148
0.009898148
0.009898148
0.009783058
0.009695016
0.009695016
0.009561575
0.009544985
0.0095149325
0.0095149325
0.0095149325
0.009491486
0.009475437
0.009434365
0.009370029
0.009370029
0.009370029
0.009357853
0.00935695
0.009246548
0.00901681
0.00901681
0.009012893
0.009009296
0.009000353
0.008975867
0.008975867
0.008902924
0.008880437
0.008862278
0.008862278
0.008764693
0.008736745
0.008736745
0.008735953
0.008735953
0.008734871
0.008700085
0.008688363
0.008641865
0.008624231
0.008605144
0.008523521
0.008520683
0.008520683
0.008520683
0.0084816255
0.0084816255
0.0084816255
0.0084816255
0.0084816255
0.0084816255
0.0084816255
0.0084816255
0.0084816255
0.008464431
0.008446097
0.008432357
0.00842684
0.008335447
0.0082894415
0.00827481
0.0082612345
0.0082612345
0.0082612345
0.0082612345
0.0082612345
0.0082612345
0.0082612345
0.0082612345
0.0082612345
0.0082612345
0.0082612345
0.0082612345
0.0082612345
0.0082612345
0.0082612345
0.0082612345
0.0082612345
0.0082612345
0.0082612345
0.0082612345
0.0082612345
0.0082612345
0.0082612345
0.0082612345
0.0082612345
0.0082612345
0.008236869
0.0081551885
0.008154247
0.008114763
0.0080959005
0.008070797
0.008038168
0.008038168
0.008038168
0.008038168
0.0079769995
0.007865529
0.0077887285
0.007748935
0.0077338736
0.0077177235
0.0077177235
0.007691716
0.0076575615
0.0076575615
0.007656362
0.0076512843
0.007643548
0.007643548
0.007643548
0.007628177
0.0076198606
0.0076049515
0.007468062
0.0073903822
0.0073903822
0.007335868
0.0072905687
0.0072905687
0.0072897123
0.0072887465
0.0072881673
0.0072881673
0.0072881673
0.0072881673
0.0072881673
0.0072881673
0.0072881673
0.0072881673
0.0072881673
0.0072881673
0.0072881673
0.0072881673
0.0072881673
0.0072881673
0.0072881673
0.0072881673
0.0072881673
0.0072881673
0.0072881673
0.0072881673
0.0072881673
0.0072881673
0.0072881673
0.0072881673
0.0072881673
0.0072881673
0.0072881673
0.0072881673
0.0072881673
0.0072881673
0.0072881673
0.007283663
0.007282511
0.0072714635
0.0071344916
0.007133158
0.0071328273
0.007122177
0.007116845
0.007114841
0.0071121287
0.007063598
0.007048187
0.0070117894
0.0070052375
0.0069809863
0.0069809863
0.006978421
0.0069072326
0.0069072326
0.0069072326
0.0069009843
0.0068935533
0.0068586147
0.0068521025
0.0068270643
0.0068147825
0.00679117
0.006769408
0.0067019803
0.006699175
0.0066725174
0.0066551003
0.0066477656
0.0066451905
0.0066119814
0.0066012
0.006594887
0.006564155
0.0065617617
0.006534775
0.006534775
0.006534775
0.0065197865
0.006510395
0.00646712
0.006442466
0.006442466
0.006442466
0.0064356164
0.006388636
0.006388636
0.0063836677
0.0062951827
0.006278289
0.0062037786
0.006188689
0.0061567985
0.0061567985
0.0061494824
0.00610563
0.006064146
0.005999363
0.0059821643
0.005980381
0.005977983
0.0058960523
0.0058960523
0.0058960523
0.0058960523
0.0058960523
0.0058960523
0.0058960523
0.0058960523
0.0058960523
0.0058960523
0.0058960523
0.0058960523
0.0058960523
0.0058960523
0.0058960523
0.0058960523
0.0058960523
0.0058960523
0.0058960523
0.0058960523
0.0058960523
0.0058960523
0.0058960523
0.0058960523
0.0058960523
0.0058960523
0.0058960523
0.0058960523
0.0058960523
0.0058960523
0.0058960523
0.0058960523
0.0058960523
0.0058960523
0.0058960523
0.0058960523
0.0058960523
0.0058960523
0.0058901696
0.0058740806
0.0058740806
0.0058740806
0.0058740806
0.0058740806
0.0058740806
0.0058740806
0.0058740806
0.0058740806
0.0058735013
0.0058565647
0.005797
0.0057959063
0.005781855
0.005781855
0.005781855
0.005781855
0.005781855
0.005781855
0.005781855
0.005781855
0.005781855
0.005781855
0.005781855
0.005781855
0.005781855
0.0057789837
0.0057507018
0.0057459874
0.0057331463
0.0057331463
0.005715002
0.005715002
0.005715002
0.005681485
0.0056402073
0.005636502
0.005627407
0.0056135426
0.005595393
0.0055310847
0.005526633
0.0055238972
0.0055159293
0.0054798154
0.0054798154
0.0054798154
0.0054798154
0.0054798154
0.0054614213
0.0054581715
0.0054462417
0.0054312944
0.0054293685
0.00541914
0.0054115383
0.0054012076
0.0053973105
0.005365395
0.005353291
0.005353291
0.0053283647
0.0053090593
0.0053090593
0.0053090593
0.0053041587
0.0053007733
0.005291986
0.0052782637
0.0052763764
0.0052710883
0.005262233
0.005224261
0.00519252
0.005163107
0.005147336
0.00514066
0.00514066
0.00514066
0.00514066
0.00514066
0.0051273815
0.0051212087
0.0051077064
0.005073799
0.0050337655
0.005032727
0.0050149546
0.0050149546
0.0050136563
0.005005979
0.0050045135
0.004986905
0.0049761888
0.0049102334
0.004901771
0.0048801857
0.0048629385
0.004850756
0.0048216153
0.0048174625
0.0048107
0.0047821347
0.0047671483
0.004765823
0.004764896
0.0046954723
0.004670251
0.00464756
0.0046059745
0.004563737
0.004556886
0.0045401687
0.004536248
0.004523235
0.004521466
0.0045118826
0.0044946615
0.004492162
0.0044710743
0.0044338703
0.004419757
0.0044057127
0.0043686638
0.004352775
0.0043483027
0.0043396964
0.004277995
0.0042632255
0.0041994257
0.0041969256
0.0041661453
0.00414661
0.00414661
0.00414661
0.004133407
0.004105829
0.004021882
0.0040138415
0.0040130713
0.004003308
0.0039514247
0.003934874
0.0039293915
0.0038539208
0.0038442456
0.0038429291
0.0038408323
0.0038063852
0.003658228
0.003658228
0.003658228
0.00363927
0.0036317862
0.0035853344
0.003501157
0.003501157
0.003501157
0.003501157
0.0034689081
0.003463147
0.0033985127
0.003379184
0.0033646435
0.0033459153
0.0032807025
0.003247522
0.0032278374
0.0031714372
0.0031416991
0.0031378577
0.0031039154
0.003102862
0.0030779673
0.003065856
0.0030082776
0.0030037176
0.0029829324
0.0029829324
0.0029518057
0.002946964
0.00282775
0.0028201283
0.0028111541
0.0027755296
0.002769331
0.002733594
0.0027143422
0.002641825
0.002641825
0.002641825
0.0024687627
0.0024499216
0.0024186443
0.0022173887
0.0022116841
0.002202351
0.002202104
0.002118121
0.0021063995
0.0020912427
0.0019568468
0.0018870224
0.0018695954
