0.98953396
0.9762723
0.9228058
0.7181958
0.46297914
0.4013651
0.3262234
0.27194998
0.2323138
0.23114367
0.23114367
0.23114367
0.23114367
0.23114367
0.23114367
0.23114367
0.23114367
0.23114367
0.23114367
0.23114367
0.23114367
0.23114367
0.23114367
0.23114367
0.23114367
0.23114367
0.23114367
0.23114367
0.23114367
0.23114367
0.23114367
0.23114367
0.23114367
0.23114367
0.23114367
0.23114367
0.23114367
0.23114367
0.23114367
0.23114367
0.23114367
0.23114367
0.23114367
0.23114367
0.23114367
0.23114367
0.23114367
0.23114367
0.23114367
0.21438491
0.21438491
0.21438491
0.21438491
0.21438491
0.21438491
0.21438491
0.21438491
0.21438491
0.21438491
0.21438491
0.21438491
0.21438491
0.21438491
0.21438491
0.21438491
0.21438491
0.21438491
0.21438491
0.21438491
0.21438491
0.21438491
0.21438491
0.21438491
0.21438491
0.21438491
0.21438491
0.21438491
0.21438491
0.21438491
0.21438491
0.21438491
0.21438491
0.21438491
0.21438491
0.21438491
0.21438491
0.21438491
0.21438491
0.21438491
0.21438491
0.21438491
0.21438491
0.21438491
0.19952106
0.19788869
0.18092996
0.16680232
0.15176246
0.14807288
0.14807288
0.14807288
0.14807288
0.14807288
0.14807288
0.14807288
0.14807288
0.14807288
0.14807288
0.14807288
0.13457331
0.13457331
0.13457331
0.13457331
0.13457331
0.13457331
0.13457331
0.13457331
0.13457331
0.13457331
0.13457331
0.13457331
0.13457331
0.13457331
0.13457331
0.13457331
0.13457331
0.13457331
0.13457331
0.13457331
0.13457331
0.13457331
0.13457331
0.13457331
0.13457331
0.13457331
0.13457331
0.13457331
0.13457331
0.13457331
0.13457331
0.13457331
0.13196167
0.12878506
0.12710546
0.12710546
0.12710546
0.12710546
0.12710546
0.12710546
0.12710546
0.12710546
0.12710546
0.12710546
0.12710546
0.12710546
0.12710546
0.12710546
0.12710546
0.12710546
0.12710546
0.12710546
0.12710546
0.12710546
0.12710546
0.12710546
0.12710546
0.12710546
0.12710546
0.12710546
0.12710546
0.12710546
0.12710546
0.12710546
0.12710546
0.12710546
0.12710546
0.12710546
0.12710546
0.12710546
0.12710546
0.12710546
0.12710546
0.12710546
0.12710546
0.12710546
0.12710546
0.12710546
0.12710546
0.12710546
0.12710546
0.12710546
0.12630242
0.12630242
0.12630242
0.12630242
0.12630242
0.12630242
0.12630242
0.12630242
0.12630242
0.12630242
0.12630242
0.12630242
0.12630242
0.12630242
0.12630242
0.12630242
0.12630242
0.12630242
0.12630242
0.12630242
0.12630242
0.12630242
0.12630242
0.12630242
0.12630242
0.12630242
0.12630242
0.12630242
0.12630242
0.12630242
0.12630242
0.12630242
0.12630242
0.12630242
0.12630242
0.12630242
0.12630242
0.12630242
0.12630242
0.12630242
0.12630242
0.12630242
0.12630242
0.12630242
0.12630242
0.12630242
0.12630242
0.12630242
0.12630242
0.12630242
0.12630242
0.12630242
0.12630242
0.12630242
0.12630242
0.12630242
0.12630242
0.12630242
0.12630242
0.12630242
0.12630242
0.12630242
0.12630242
0.12630242
0.12630242
0.12630242
0.12630242
0.12630242
0.12630242
0.12630242
0.12630242
0.12630242
0.12630242
0.12630242
0.12630242
0.12630242
0.12630242
0.12630242
0.12630242
0.12630242
0.12630242
0.12630242
0.12630242
0.12630242
0.12630242
0.12630242
0.12630242
0.12630242
0.12630242
0.12630242
0.12630242
0.12630242
0.12630242
0.12630242
0.12378272
0.12378272
0.12378272
0.12378272
0.116531394
0.116531394
0.116531394
0.116531394
0.116531394
0.116531394
0.116531394
0.116531394
0.116531394
0.116531394
0.116531394
0.116531394
0.116531394
0.116531394
0.116531394
0.116531394
0.116531394
0.116531394
0.116531394
0.116531394
0.116531394
0.116531394
0.116531394
0.116531394
0.116531394
0.116531394
0.116531394
0.116531394
0.116531394
0.116531394
0.116531394
0.116531394
0.116531394
0.116531394
0.116531394
0.116531394
0.116531394
0.116531394
0.116531394
0.116531394
0.116531394
0.116531394
0.116531394
0.116531394
0.116531394
0.116531394
0.116531394
0.116531394
0.116531394
0.116531394
0.116531394
0.116531394
0.116531394
0.116531394
0.116531394
0.116531394
0.116531394
0.116531394
0.116531394
0.116531394
0.116531394
0.116531394
0.116531394
0.116531394
0.116531394
0.116531394
0.116531394
0.116531394
0.116531394
0.116531394
0.116531394
0.116531394
0.116531394
0.116531394
0.116531394
0.116531394
0.116531394
0.116531394
0.116531394
0.116531394
0.116531394
0.116531394
0.116531394
0.116531394
0.116531394
0.116531394
0.116531394
0.116531394
0.116531394
0.116531394
0.116531394
0.116531394
0.116531394
0.116531394
0.116531394
0.116531394
0.116531394
0.116531394
0.116531394
0.116531394
0.116531394
0.116531394
0.116531394
0.11178452
0.11178452
0.11178452
0.11178452
0.11178452
0.11178452
0.11178452
0.11178452
0.11178452
0.11178452
0.11178452
0.11178452
0.11178452
0.11178452
0.11178452
0.11178452
0.11178452
0.11178452
0.11178452
0.11178452
0.11178452
0.11178452
0.11178452
0.11178452
0.11178452
0.11178452
0.11178452
0.11178452
0.11178452
0.11178452
0.11178452
0.11178452
0.11178452
0.11178452
0.11178452
0.11178452
0.11178452
0.11178452
0.11178452
0.11178452
0.11178452
0.11178452
0.11178452
0.11178452
0.11178452
0.11178452
0.11178452
0.11178452
0.11178452
0.11178452
0.11178452
0.11178452
0.11178452
0.11178452
0.11178452
0.11178452
0.11178452
0.11178452
0.11178452
0.11178452
0.11178452
0.11178452
0.11178452
0.11178452
0.11178452
0.11178452
0.11178452
0.11178452
0.1107424
0.10960382
0.10960382
0.10960382
0.10960382
0.10960382
0.10960382
0.10960382
0.10960382
0.10960382
0.10960382
0.10960382
0.10960382
0.10960382
0.10960382
0.10960382
0.10960382
0.10960382
0.10960382
0.10960382
0.10960382
0.10960382
0.10960382
0.10960382
0.10960382
0.10960382
0.10960382
0.10960382
0.10960382
0.10960382
0.10960382
0.10960382
0.10960382
0.10960382
0.10960382
0.10960382
0.10960382
0.10960382
0.10960382
0.10960382
0.10960382
0.10960382
0.10960382
0.10960382
0.10960382
0.10960382
0.10960382
0.10960382
0.10960382
0.10960382
0.10960382
0.10960382
0.10960382
0.10960382
0.10960382
0.10960382
0.10960382
0.10960382
0.10960382
0.10960382
0.10960382
0.10960382
0.10960382
0.10960382
0.10960382
0.10960382
0.109175414
0.10447795
0.10447795
0.10447795
0.10447795
0.10447795
0.10447795
0.10447795
0.10447795
0.10447795
0.10447795
0.10447795
0.10447795
0.10447795
0.10447795
0.10447795
0.10447795
0.10447795
0.10447795
0.10447795
0.10447795
0.10447795
0.10447795
0.10447795
0.10447795
0.10447795
0.10447795
0.10447795
0.10447795
0.10447795
0.10447795
0.10447795
0.10447795
0.10447795
0.10447795
0.10447795
0.10447795
0.10447795
0.10447795
0.10447795
0.10447795
0.10447795
0.10447795
0.10447795
0.10447795
0.10447795
0.10447795
0.10447795
0.10447795
0.10447795
0.10447795
0.10447795
0.10447795
0.10447795
0.10447795
0.10447795
0.10447795
0.10447795
0.10447795
0.10447795
0.10447795
0.10447795
0.10447795
0.10447795
0.10447795
0.10447795
0.10447795
0.10447795
0.10447795
0.10447795
0.10447795
0.10447795
0.10447795
0.10447795
0.10447795
0.10447795
0.10447795
0.10447795
0.10447795
0.10447795
0.10447795
0.10425181
0.10425181
0.10425181
0.10425181
0.10425181
0.10425181
0.10425181
0.10425181
0.10425181
0.10425181
0.10425181
0.10425181
0.10425181
0.10425181
0.10425181
0.10425181
0.10425181
0.10425181
0.10425181
0.10425181
0.10425181
0.10425181
0.10425181
0.10425181
0.10425181
0.10425181
0.10425181
0.10425181
0.10425181
0.10425181
0.10425181
0.10425181
0.10425181
0.10425181
0.10425181
0.10425181
0.10425181
0.10425181
0.10425181
0.10425181
0.10425181
0.10425181
0.10425181
0.10425181
0.10298817
0.09987821
0.09987821
0.09987821
0.09987821
0.09987821
0.09987821
0.09987821
0.09987821
0.09987821
0.09987821
0.09987821
0.09987821
0.09987821
0.09987821
0.09987821
0.09987821
0.09987821
0.09987821
0.09987821
0.09987821
0.09987821
0.09987821
0.09987821
0.09987821
0.09987821
0.09987821
0.09987821
0.09987821
0.09987821
0.09987821
0.09987821
0.09987821
0.09987821
0.09987821
0.09987821
0.09987821
0.09987821
0.09987821
0.09987821
0.09987821
0.09987821
0.09987821
0.09987821
0.09987821
0.09987821
0.09987821
0.09987821
0.09987821
0.09987821
0.09987821
0.09987821
0.09987821
0.09987821
0.09987821
0.09987821
0.09987821
0.09987821
0.09987821
0.09987821
0.09987821
0.09987821
0.09987821
0.09987821
0.098509096
0.09842889
0.09842504
0.09842504
0.09842504
0.09842504
0.09842504
0.09842504
0.09842504
0.09842504
0.09842504
0.09842504
0.09842504
0.09842504
0.09842504
0.09842504
0.09842504
0.09842504
0.09842504
0.09842504
0.09842504
0.09842504
0.09842504
0.09842504
0.09842504
0.09842504
0.09842504
0.09842504
0.09842504
0.09842504
0.09842504
0.09842504
0.09842504
0.09842504
0.09842504
0.09842504
0.09842504
0.09842504
0.09842504
0.09842504
0.09842504
0.09842504
0.09842504
0.09842504
0.09842504
0.09842504
0.09842504
0.09842504
0.09842504
0.09842504
0.09842504
0.09842504
0.09842504
0.09842504
0.09842504
0.09842504
0.09842504
0.09842504
0.09842504
0.09842504
0.09842504
0.09842504
0.09842504
0.09842504
0.09842504
0.09842504
0.09842504
0.09842504
0.09842504
0.09842504
0.09842504
0.09842504
0.09842504
0.09842504
0.09842504
0.09842504
0.09842504
0.09842504
0.09842504
0.09842504
0.09842504
0.09842504
0.09842504
0.09842504
0.09842504
0.09842504
0.09842504
0.09842504
0.09842504
0.09842504
0.09842504
0.09842504
0.09842504
0.09842504
0.09842504
0.09842504
0.09842504
0.09842504
0.09842504
0.09842504
0.09842504
0.09842504
0.09842504
0.09842504
0.09842504
0.09842504
0.09842504
0.09842504
0.09842504
0.09842504
0.09842504
0.09842504
0.09842504
0.09842504
0.09842504
0.09842504
0.09842504
0.09842504
0.09842504
0.097420655
0.095506206
0.095506206
0.095506206
0.095506206
0.095506206
0.095506206
0.095506206
0.095506206
0.095506206
0.095506206
0.095506206
0.095506206
0.095506206
0.095506206
0.095506206
0.095506206
0.095506206
0.095506206
0.095506206
0.095506206
0.095506206
0.095506206
0.095506206
0.095506206
0.095506206
0.095506206
0.095506206
0.095506206
0.095506206
0.095506206
0.095506206
0.095506206
0.095506206
0.095506206
0.095506206
0.095506206
0.095506206
0.095506206
0.095506206
0.095506206
0.095506206
0.095506206
0.095506206
0.095506206
0.095506206
0.095506206
0.095506206
0.095506206
0.095506206
0.095506206
0.095506206
0.095506206
0.095506206
0.095506206
0.095506206
0.095506206
0.095506206
0.095506206
0.095506206
0.095506206
0.095506206
0.095506206
0.095506206
0.095506206
0.095506206
0.095506206
0.095506206
0.095506206
0.095506206
0.095506206
0.095506206
0.095506206
0.095506206
0.095506206
0.095506206
0.095506206
0.095506206
0.095506206
0.095506206
0.095506206
0.095506206
0.095506206
0.095506206
0.095506206
0.095506206
0.095506206
0.095506206
0.095506206
0.095506206
0.095506206
0.095506206
0.095506206
0.095506206
0.095506206
0.095506206
0.094495535
0.094495535
0.094495535
0.094495535
0.094495535
0.094495535
0.094495535
0.094495535
0.094495535
0.094495535
0.094495535
0.094495535
0.094495535
0.094495535
0.094495535
0.094495535
0.094495535
0.094495535
0.094495535
0.094495535
0.094495535
0.094495535
0.094495535
0.094495535
0.094495535
0.094495535
0.094495535
0.094495535
0.094495535
0.094495535
0.094495535
0.094495535
0.094495535
0.094495535
0.094495535
0.094495535
0.094495535
0.094495535
0.094495535
0.094495535
0.094495535
0.094495535
0.094495535
0.094495535
0.094495535
0.094495535
0.094495535
0.094495535
0.094495535
0.094495535
0.094495535
0.094495535
0.094495535
0.094495535
0.094495535
0.094495535
0.094495535
0.094495535
0.094495535
0.094495535
0.094495535
0.094495535
0.094495535
0.094495535
0.094495535
0.094495535
0.094495535
0.094495535
0.094495535
0.094495535
0.094495535
0.094495535
0.094495535
0.094495535
0.094495535
0.094495535
0.094495535
0.094495535
0.094495535
0.094495535
0.094495535
0.094495535
0.094495535
0.094495535
0.094495535
0.094495535
0.094495535
0.094495535
0.094495535
0.094495535
0.094495535
0.094495535
0.094495535
0.094495535
0.094495535
0.094495535
0.094495535
0.094495535
0.094495535
0.094495535
0.094495535
0.094495535
0.094147086
0.094147086
0.094147086
0.09018482
0.09018482
0.09018482
0.09018482
0.09018482
0.09018482
0.09018482
0.09018482
0.09018482
0.09018482
0.09018482
0.09018482
0.09018482
0.09018482
0.09018482
0.09018482
0.09018482
0.09018482
0.09018482
0.09018482
0.09018482
0.09018482
0.09018482
0.09018482
0.09018482
0.09018482
0.09018482
0.09018482
0.09018482
0.09018482
0.09018482
0.09018482
0.09018482
0.09018482
0.09018482
0.09018482
0.09018482
0.09018482
0.09018482
0.09018482
0.09018482
0.09018482
0.09018482
0.09018482
0.09018482
0.09018482
0.09018482
0.09018482
0.09018482
0.09018482
0.09018482
0.09018482
0.09018482
0.09018482
0.09018482
0.09018482
0.09018482
0.09018482
0.09018482
0.09018482
0.09018482
0.09018482
0.09018482
0.09018482
0.09018482
0.09018482
0.09018482
0.09018482
0.09018482
0.09018482
0.09018482
0.09018482
0.09018482
0.09018482
0.09018482
0.09018482
0.09018482
0.09018482
0.09018482
0.09018482
0.09018482
0.08985866
0.08985866
0.08985866
0.08985866
0.08985866
0.08985866
0.08985866
0.08985866
0.08985866
0.08985866
0.08985866
0.08985866
0.08985866
0.08985866
0.08985866
0.08985866
0.08985866
0.08985866
0.08985866
0.08985866
0.08985866
0.08985866
0.08985866
0.08985866
0.08985866
0.08985866
0.08985866
0.08985866
0.08985866
0.08985866
0.08985866
0.08985866
0.08985866
0.08985866
0.08985866
0.08985866
0.08985866
0.08985866
0.08985866
0.08985866
0.08985866
0.08985866
0.08985866
0.08985866
0.08985866
0.08985866
0.08985866
0.08985866
0.08985866
0.08985866
0.08985866
0.08985866
0.08985866
0.08985866
0.08985866
0.08985866
0.08985866
0.08985866
0.08985866
0.08985866
0.08985866
0.08985866
0.08985866
0.08985866
0.08985866
0.08985866
0.08985866
0.08985866
0.08985866
0.08985866
0.08985866
0.08985866
0.08985866
0.08985866
0.08985866
0.08985866
0.08985866
0.08985866
0.08985866
0.08985866
0.08985866
0.08985866
0.08985866
0.08985866
0.08924339
0.08924339
0.08924339
0.08924339
0.08924339
0.08924339
0.08924339
0.08924339
0.08924339
0.08924339
0.08924339
0.08924339
0.08924339
0.08924339
0.08924339
0.08924339
0.08924339
0.08924339
0.08924339
0.08924339
0.08924339
0.08924339
0.08924339
0.08924339
0.08924339
0.08924339
0.08924339
0.08924339
0.08924339
0.08924339
0.08924339
0.08924339
0.08924339
0.08924339
0.08924339
0.08924339
0.08924339
0.08924339
0.08924339
0.08924339
0.08924339
0.08924339
0.08924339
0.08924339
0.08924339
0.08924339
0.08924339
0.08924339
0.08924339
0.08924339
0.08924339
0.08924339
0.08924339
0.08924339
0.08682904
0.08595277
0.08491112
0.08491112
0.08491112
0.08491112
0.08491112
0.08491112
0.08491112
0.08491112
0.08491112
0.08491112
0.08491112
0.08491112
0.08491112
0.08491112
0.08491112
0.08491112
0.08491112
0.08491112
0.08491112
0.08491112
0.08491112
0.08491112
0.08491112
0.08491112
0.08491112
0.08491112
0.08491112
0.08491112
0.08491112
0.08491112
0.08491112
0.08491112
0.08491112
0.08491112
0.08491112
0.08491112
0.08491112
0.08491112
0.08491112
0.08491112
0.08491112
0.08491112
0.08491112
0.08491112
0.08491112
0.08491112
0.08491112
0.08491112
0.08491112
0.08491112
0.08491112
0.08491112
0.08491112
0.08491112
0.08491112
0.08491112
0.08491112
0.08491112
0.08491112
0.08491112
0.08491112
0.08491112
0.08491112
0.08491112
0.08491112
0.08491112
0.08491112
0.08491112
0.08491112
0.08491112
0.08491112
0.08491112
0.08491112
0.08491112
0.08491112
0.08491112
0.08491112
0.08491112
0.08491112
0.08491112
0.08491112
0.08491112
0.08491112
0.08491112
0.08491112
0.08491112
0.08491112
0.08491112
0.08491112
0.08491112
0.08491112
0.08491112
0.08491112
0.08491112
0.08491112
0.08491112
0.08491112
0.08491112
0.08491112
0.08491112
0.08491112
0.08491112
0.08491112
0.08491112
0.08491112
0.08491112
0.08491112
0.08491112
0.08491112
0.08491112
0.08491112
0.08491112
0.08491112
0.08491112
0.08491112
0.08491112
0.08491112
0.08491112
0.08491112
0.08460673
0.08460673
0.08460673
0.08460673
0.08460673
0.08460673
0.08460673
0.08460673
0.08460673
0.08460673
0.08460673
0.08460673
0.08460673
0.08460673
0.08460673
0.08460673
0.08460673
0.08460673
0.08460673
0.08460673
0.08460673
0.08460673
0.08460673
0.08460673
0.08460673
0.08460673
0.08460673
0.08460673
0.08460673
0.08460673
0.08460673
0.08460673
0.08460673
0.08460673
0.08460673
0.08460673
0.08460673
0.08460673
0.08460673
0.08460673
0.08460673
0.08460673
0.08460673
0.08460673
0.08460673
0.08460673
0.08460673
0.08460673
0.08460673
0.08460673
0.08460673
0.08460673
0.08460673
0.08460673
0.08460673
0.08460673
0.08460673
0.08460673
0.08460673
0.08460673
0.08460673
0.08460673
0.08460673
0.08460673
0.08460673
0.08460673
0.08460673
0.08460673
0.08460673
0.08460673
0.08460673
0.08460673
0.08460673
0.08460673
0.08460673
0.08460673
0.08460673
0.08460673
0.08460673
0.08460673
0.08460673
0.08460673
0.08460673
0.08460673
0.08460673
0.08460673
0.08460673
0.08460673
0.08460673
0.08460673
0.08460673
0.08460673
0.08460673
0.08439974
0.08439974
0.08439974
0.08439974
0.08439974
0.08439974
0.08439974
0.08439974
0.08439974
0.08335104
0.08281321
0.08281321
0.08281321
0.08281321
0.08281321
0.08281321
0.08281321
0.08281321
0.08281321
0.08281321
0.08281321
0.08281321
0.08281321
0.08281321
0.08281321
0.08281321
0.08281321
0.08281321
0.08281321
0.08281321
0.08281321
0.08281321
0.08281321
0.08281321
0.08281321
0.08281321
0.08281321
0.08281321
0.08281321
0.08281321
0.08281321
0.08281321
0.08281321
0.08281321
0.08281321
0.08281321
0.08281321
0.08281321
0.08281321
0.08281321
0.08281321
0.08281321
0.08281321
0.08281321
0.08281321
0.08281321
0.08281321
0.08281321
0.08281321
0.08281321
0.08281321
0.08281321
0.08281321
0.08281321
0.08281321
0.08281321
0.08281321
0.08281321
0.08281321
0.08281321
0.08281321
0.08281321
0.08281321
0.08281321
0.08281321
0.08281321
0.08281321
0.08281321
0.08281321
0.08281321
0.08281321
0.08281321
0.08281321
0.08281321
0.08281321
0.08281321
0.08281321
0.08281321
0.08281321
0.08281321
0.08281321
0.08281321
0.08281321
0.08281321
0.08281321
0.08281321
0.08281321
0.08281321
0.08281321
0.08281321
0.08281321
0.08281321
0.08281321
0.08281321
0.08281321
0.08281321
0.08281321
0.08281321
0.08281321
0.08281321
0.08281321
0.08281321
0.08281321
0.08281321
0.08281321
0.08281321
0.08281321
0.08281321
0.08281321
0.081612386
0.081612386
0.081612386
0.081612386
0.081612386
0.081612386
0.081612386
0.081612386
0.081612386
0.081612386
0.081612386
0.081612386
0.081612386
0.081612386
0.081612386
0.081612386
0.081612386
0.081612386
0.081612386
0.081612386
0.081612386
0.081612386
0.081612386
0.081612386
0.081612386
0.081612386
0.081612386
0.081612386
0.081612386
0.081612386
0.081612386
0.081612386
0.081612386
0.081612386
0.081612386
0.081612386
0.081612386
0.081612386
0.081612386
0.081612386
0.081612386
0.081612386
0.081612386
0.081612386
0.081612386
0.081612386
0.081612386
0.081612386
0.081612386
0.081612386
0.081612386
0.081612386
0.081612386
0.081612386
0.081612386
0.081612386
0.081612386
0.081612386
0.081612386
0.081612386
0.081612386
0.081612386
0.081612386
0.081612386
0.081612386
0.081612386
0.081612386
0.081612386
0.081612386
0.081612386
0.081612386
0.081612386
0.081612386
0.081612386
0.081612386
0.081612386
0.081612386
0.081612386
0.081612386
0.081612386
0.081612386
0.081612386
0.081612386
0.081612386
0.081612386
0.081612386
0.081612386
0.081612386
0.081612386
0.081612386
0.081612386
0.081612386
0.081612386
0.081612386
0.081581116
0.081581116
0.081581116
0.081581116
0.081581116
0.081581116
0.081581116
0.081581116
0.081581116
0.081581116
0.081581116
0.081581116
0.081581116
0.081581116
0.081581116
0.081581116
0.081581116
0.081581116
0.081581116
0.081581116
0.081581116
0.081581116
0.081581116
0.081581116
0.081581116
0.081581116
0.081581116
0.081581116
0.081581116
0.081581116
0.081581116
0.081581116
0.081581116
0.081581116
0.081581116
0.081581116
0.081581116
0.081581116
0.081581116
0.081581116
0.081581116
0.081581116
0.081581116
0.081581116
0.081581116
0.081581116
0.081581116
0.081581116
0.081581116
0.081581116
0.081581116
0.081581116
0.081581116
0.081581116
0.081581116
0.081581116
0.081581116
0.081581116
0.081581116
0.081581116
0.081581116
0.081581116
0.081581116
0.081581116
0.081581116
0.081581116
0.081581116
0.081581116
0.081581116
0.081581116
0.081581116
0.081581116
0.081581116
0.081581116
0.081581116
0.081581116
0.081581116
0.081581116
0.081581116
0.081581116
0.081581116
0.081581116
0.081581116
0.081581116
0.081581116
0.081581116
0.081581116
0.081581116
0.081581116
0.081581116
0.081581116
0.07964481
0.07964481
0.07963186
0.07963186
0.07963186
0.07963186
0.07963186
0.07963186
0.07963186
0.07963186
0.07963186
0.07963186
0.07963186
0.07963186
0.07963186
0.07963186
0.07963186
0.07963186
0.07963186
0.07963186
0.07963186
0.07963186
0.07963186
0.07963186
0.07963186
0.07963186
0.07963186
0.07963186
0.07963186
0.07963186
0.07963186
0.07963186
0.07963186
0.07963186
0.07963186
0.07963186
0.07963186
0.07963186
0.07963186
0.07963186
0.07963186
0.07963186
0.07963186
0.07963186
0.07963186
0.07963186
0.07963186
0.07963186
0.07963186
0.07963186
0.07963186
0.07963186
0.07963186
0.07963186
0.07963186
0.07963186
0.07963186
0.07963186
0.07963186
0.07963186
0.07963186
0.07963186
0.07963186
0.07963186
0.07963186
0.07963186
0.07963186
0.07963186
0.07963186
0.07963186
0.07963186
0.07963186
0.07963186
0.07963186
0.07963186
0.07963186
0.07963186
0.07963186
0.07963186
0.07963186
0.07963186
0.07963186
0.07963186
0.07963186
0.07963186
0.07963186
0.07963186
0.07963186
0.07963186
0.07963186
0.07963186
0.07963186
0.07963186
0.07963186
0.07963186
0.07963186
0.07963186
0.07963186
0.07963186
0.07963186
0.07963186
0.07963186
0.07963186
0.07963186
0.07963186
0.07963186
0.07963186
0.07963186
0.07963186
0.07963186
0.07963186
0.07963186
0.07963186
0.07963186
0.07963186
0.07963186
0.07963186
0.07963186
0.07963186
0.07963186
0.07963186
0.07963186
0.07963186
0.07963186
0.07963186
0.07963186
0.07963186
0.07963186
0.07963186
0.07963186
0.07963186
0.07963186
0.07963186
0.07963186
0.07963186
0.07889538
0.077194996
0.077194996
0.077194996
0.077194996
0.077194996
0.077194996
0.077194996
0.077194996
0.077194996
0.077194996
0.077194996
0.077194996
0.077194996
0.077194996
0.077194996
0.077194996
0.077194996
0.077194996
0.077194996
0.077194996
0.077194996
0.077194996
0.077194996
0.077194996
0.077194996
0.077194996
0.077194996
0.077194996
0.077194996
0.077194996
0.077194996
0.077194996
0.077194996
0.077194996
0.077194996
0.077194996
0.077194996
0.077194996
0.077194996
0.077194996
0.077194996
0.077194996
0.077194996
0.077194996
0.077194996
0.077194996
0.077194996
0.077194996
0.077194996
0.077194996
0.077194996
0.077194996
0.077194996
0.077194996
0.077194996
0.077194996
0.077194996
0.077194996
0.077194996
0.077194996
0.077194996
0.077194996
0.077194996
0.077194996
0.077194996
0.077194996
0.077194996
0.077194996
0.077194996
0.077194996
0.077194996
0.077194996
0.077194996
0.077194996
0.077194996
0.077194996
0.077194996
0.077194996
0.077194996
0.077194996
0.077194996
0.077194996
0.077194996
0.077194996
0.077194996
0.077194996
0.077194996
0.077194996
0.077194996
0.077194996
0.077194996
0.077194996
0.077194996
0.077194996
0.077194996
0.077194996
0.077194996
0.077194996
0.077194996
0.077194996
0.077194996
0.077194996
0.077194996
0.077194996
0.077194996
0.077194996
0.077194996
0.077194996
0.077194996
0.077194996
0.077194996
0.077194996
0.077194996
0.077194996
0.077194996
0.077194996
0.077194996
0.077194996
0.077194996
0.077194996
0.077194996
0.077194996
0.077194996
0.077194996
0.077194996
0.077194996
0.077194996
0.077194996
0.077194996
0.077194996
0.077194996
0.077194996
0.077194996
0.077194996
0.077194996
0.077194996
0.077194996
0.077194996
0.077194996
0.077194996
0.077194996
0.077194996
0.077194996
0.077194996
0.07652818
0.076202355
0.076202355
0.07560785
0.07560785
0.07560785
0.07560785
0.07560785
0.07560785
0.07560785
0.07560785
0.07560785
0.07560785
0.07560785
0.07560785
0.07560785
0.07560785
0.07560785
0.07560785
0.07560785
0.07560785
0.07560785
0.07560785
0.07560785
0.07560785
0.07560785
0.07560785
0.07560785
0.07560785
0.07560785
0.07560785
0.07560785
0.07560785
0.07560785
0.07560785
0.07560785
0.07560785
0.07560785
0.07560785
0.07560785
0.07560785
0.07560785
0.07560785
0.07560785
0.07560785
0.07560785
0.07560785
0.07560785
0.07560785
0.07560785
0.07560785
0.07560785
0.07560785
0.07560785
0.07560785
0.07560785
0.07560785
0.07560785
0.07560785
0.07560785
0.07560785
0.07560785
0.07560785
0.07560785
0.07560785
0.07560785
0.07560785
0.07560785
0.07560785
0.07560785
0.07560785
0.07560785
0.07560785
0.07560785
0.07560785
0.07560785
0.07560785
0.07560785
0.07560785
0.07560785
0.07560785
0.07560785
0.07560785
0.07560785
0.07560785
0.07560785
0.07560785
0.07560785
0.07560785
0.07560785
0.07560785
0.07560785
0.07560785
0.07560785
0.07560785
0.07560785
0.07560785
0.07560785
0.07560785
0.07560785
0.07560785
0.07560785
0.07560785
0.07560785
0.07560785
0.07560785
0.07560785
0.07560785
0.07560785
0.07560785
0.07560785
0.07560785
0.07560785
0.07560785
0.07560785
0.07560785
0.07560785
0.07560785
0.07560785
0.07560785
0.07560785
0.07560785
0.07560785
0.07560785
0.07560785
0.07560785
0.07560785
0.07560785
0.07560785
0.07560785
0.07560785
0.07560785
0.07560785
0.07560785
0.07560785
0.07560785
0.07560785
0.07560785
0.07560785
0.07560785
0.07560785
0.07560785
0.07560785
0.07560785
0.07560785
0.07560785
0.075242735
0.075242735
0.075242735
0.075242735
0.075242735
0.075242735
0.075242735
0.075242735
0.075242735
0.075242735
0.075242735
0.075242735
0.075242735
0.075242735
0.075242735
0.075242735
0.075242735
0.075242735
0.075242735
0.075242735
0.075242735
0.075242735
0.075242735
0.075242735
0.075242735
0.075242735
0.075242735
0.075242735
0.075242735
0.075242735
0.075242735
0.075242735
0.075242735
0.075242735
0.075242735
0.075242735
0.075242735
0.075242735
0.075242735
0.075242735
0.075242735
0.075242735
0.075242735
0.075242735
0.075242735
0.075242735
0.075242735
0.075242735
0.075242735
0.075242735
0.075242735
0.075242735
0.075242735
0.075242735
0.075242735
0.075242735
0.075242735
0.075242735
0.075242735
0.075242735
0.075242735
0.075242735
0.075242735
0.075242735
0.075242735
0.075242735
0.075242735
0.075242735
0.075242735
0.075242735
0.075242735
0.075242735
0.075242735
0.075242735
0.075242735
0.075242735
0.075242735
0.075242735
0.075242735
0.075242735
0.075242735
0.075242735
0.075242735
0.075242735
0.075242735
0.075242735
0.075242735
0.075242735
0.075242735
0.075242735
0.075242735
0.075242735
0.075242735
0.075242735
0.075242735
0.075242735
0.075242735
0.075242735
0.075242735
0.075242735
0.075242735
0.075242735
0.075242735
0.075242735
0.075242735
0.075242735
0.075242735
0.075242735
0.075242735
0.075242735
0.075242735
0.075242735
0.075242735
0.075242735
0.075242735
0.075242735
0.075242735
0.075242735
0.075242735
0.075242735
0.07439081
0.07371434
0.073527895
0.07228641
0.07228641
0.07228641
0.07228641
0.07228641
0.07228641
0.07228641
0.07228641
0.07228641
0.07228641
0.07228641
0.07228641
0.07228641
0.07228641
0.07228641
0.07228641
0.07228641
0.07228641
0.07228641
0.07228641
0.07228641
0.07228641
0.07228641
0.07228641
0.07228641
0.07228641
0.07228641
0.07228641
0.07228641
0.07228641
0.07228641
0.07228641
0.07228641
0.07228641
0.07228641
0.07228641
0.07228641
0.07228641
0.07228641
0.07228641
0.07228641
0.07228641
0.07228641
0.07228641
0.07228641
0.07228641
0.07228641
0.07228641
0.07228641
0.07228641
0.07228641
0.07228641
0.07228641
0.07228641
0.07228641
0.07228641
0.07228641
0.07228641
0.07228641
0.07228641
0.07228641
0.07228641
0.07228641
0.07228641
0.07228641
0.07228641
0.07228641
0.07228641
0.07228641
0.07228641
0.07228641
0.07228641
0.07228641
0.07228641
0.07228641
0.07228641
0.07228641
0.07228641
0.07228641
0.07228641
0.07228641
0.07228641
0.07228641
0.07228641
0.07228641
0.07228641
0.07228641
0.07228641
0.07228641
0.07228641
0.07228641
0.07228641
0.07228641
0.07228641
0.07228641
0.07228641
0.07228641
0.07228641
0.07228641
0.07228641
0.07137299
0.07137299
0.07137299
0.07137299
0.07137299
0.07137299
0.07137299
0.07137299
0.07137299
0.07137299
0.07137299
0.07137299
0.07137299
0.07137299
0.07137299
0.07137299
0.07137299
0.07137299
0.07137299
0.07137299
0.07137299
0.07137299
0.07137299
0.07137299
0.07137299
0.07137299
0.07137299
0.07137299
0.07137299
0.07137299
0.07137299
0.07137299
0.07137299
0.07137299
0.07137299
0.07137299
0.07137299
0.07137299
0.07137299
0.07137299
0.07137299
0.07137299
0.07137299
0.07137299
0.07137299
0.07137299
0.07137299
0.07137299
0.07137299
0.07137299
0.07137299
0.07137299
0.07137299
0.07137299
0.07137299
0.07137299
0.07137299
0.07137299
0.07137299
0.07137299
0.07137299
0.07137299
0.07137299
0.07137299
0.07137299
0.07137299
0.07137299
0.07137299
0.07137299
0.07137299
0.07104468
0.07104468
0.07104468
0.07104468
0.07104468
0.07104468
0.07104468
0.07104468
0.07104468
0.07104468
0.07104468
0.07104468
0.07104468
0.07104468
0.07104468
0.07104468
0.07104468
0.07104468
0.07104468
0.07104468
0.07104468
0.07104468
0.07104468
0.07104468
0.07104468
0.07104468
0.07104468
0.07104468
0.07104468
0.07104468
0.07104468
0.07104468
0.07104468
0.07104468
0.07104468
0.07104468
0.07104468
0.07104468
0.07104468
0.07104468
0.07104468
0.07104468
0.07104468
0.07104468
0.07104468
0.07104468
0.07104468
0.07104468
0.07104468
0.07104468
0.07104468
0.07104468
0.07104468
0.07104468
0.07104468
0.07104468
0.07104468
0.07104468
0.07104468
0.07104468
0.07104468
0.07104468
0.07104468
0.07104468
0.07104468
0.07104468
0.07104468
0.07104468
0.07104468
0.07104468
0.07104468
0.07104468
0.07104468
0.07104468
0.07104468
0.07104468
0.07104468
0.07104468
0.07104468
0.07104468
0.07104468
0.07104468
0.07104468
0.07104468
0.07104468
0.07104468
0.07104468
0.07104468
0.07104468
0.07104468
0.07104468
0.07104468
0.07104468
0.07104468
0.07104468
0.07104468
0.07104468
0.07104468
0.07104468
0.07104468
0.07104468
0.07104468
0.07104468
0.07104468
0.07104468
0.07104468
0.07104468
0.07104468
0.07104468
0.07104468
0.07104468
0.07104468
0.07104468
0.07104468
0.07104468
0.07104468
0.07104468
0.07104468
0.07104468
0.07104468
0.07104468
0.07104468
0.07104468
0.07104468
0.07104468
0.07104468
0.07104468
0.07104468
0.07104468
0.07104468
0.07104468
0.07104468
0.07104468
0.07104468
0.07104468
0.07104468
0.07104468
0.07104468
0.07104468
0.07104468
0.07104468
0.07104468
0.07104468
0.07104468
0.07104468
0.07104468
0.07104468
0.07104468
0.07104468
0.07104468
0.07104468
0.07104468
0.07104468
0.07104468
0.07104468
0.07104468
0.07104468
0.07104468
0.07104468
0.07104468
0.07104468
0.07104468
0.07104468
0.07104468
0.07104468
0.07104468
0.07104468
0.07104468
0.07104468
0.07104468
0.07104468
0.07104468
0.07104468
0.07104468
0.07104468
0.07104468
0.07104468
0.07104468
0.07104468
0.07104468
0.07104468
0.07104468
0.07104468
0.07104468
0.07104468
0.07104468
0.07104468
0.07104468
0.07094561
0.07094561
0.07094561
0.07094561
0.07094561
0.07094561
0.07094561
0.07094561
0.07094561
0.07094561
0.07094561
0.07094561
0.07094561
0.07094561
0.07094561
0.07094561
0.07094561
0.07094561
0.07094561
0.07094561
0.07094561
0.07094561
0.07094561
0.07094561
0.07094561
0.07094561
0.07094561
0.07094561
0.07094561
0.07094561
0.07094561
0.07094561
0.07094561
0.07094561
0.07094561
0.07094561
0.07094561
0.07094561
0.07094561
0.07094561
0.07094561
0.07094561
0.07094561
0.07094561
0.07094561
0.07094561
0.07094561
0.07094561
0.07094561
0.07094561
0.07094561
0.07094561
0.07094561
0.07094561
0.07094561
0.07094561
0.07094561
0.07094561
0.07094561
0.07094561
0.07094561
0.07094561
0.07094561
0.07094561
0.07094561
0.07094561
0.07094561
0.07094561
0.07094561
0.07094561
0.07094561
0.07094561
0.07094561
0.07094561
0.07094561
0.07094561
0.07094561
0.07094561
0.07094561
0.07094561
0.07094561
0.07094561
0.07094561
0.07094561
0.07094561
0.07094561
0.07094561
0.07094561
0.07094561
0.07094561
0.07094561
0.07094561
0.07094561
0.07094561
0.07094561
0.07094561
0.07094561
0.07094561
0.07094561
0.07094561
0.07094561
0.07094561
0.07094561
0.07094561
0.07067971
0.07067971
0.07067971
0.07067971
0.07067971
0.07067971
0.07067971
0.07067971
0.07067971
0.07067971
0.07067971
0.07067971
0.07067971
0.07067971
0.07067971
0.07067971
0.07067971
0.07067971
0.07067971
0.07067971
0.07067971
0.07067971
0.07067971
0.07067971
0.07067971
0.07067971
0.07067971
0.07067971
0.07067971
0.07067971
0.07067971
0.07067971
0.07067971
0.07067971
0.07067971
0.07067971
0.07067971
0.07067971
0.07067971
0.07067971
0.07067971
0.07067971
0.07067971
0.07067971
0.07067971
0.07067971
0.07067971
0.07067971
0.07067971
0.07067971
0.07067971
0.07067971
0.07067971
0.07067971
0.07067971
0.07067971
0.07067971
0.07067971
0.07067971
0.07067971
0.07067971
0.07067971
0.07067971
0.07067971
0.07067971
0.07067971
0.07067971
0.07067971
0.07067971
0.07067971
0.07067971
0.07067971
0.07067971
0.07067971
0.07067971
0.07067971
0.07067971
0.07067971
0.07067971
0.07067971
0.07067971
0.07067971
0.07067971
0.07067971
0.07067971
0.07067971
0.07067971
0.07067971
0.07067971
0.07067971
0.07067971
0.07067971
0.07067971
0.07067971
0.07067971
0.07067971
0.07067971
0.07067971
0.07067971
0.07067971
0.07067971
0.07067971
0.07067971
0.07067971
0.07067971
0.07067971
0.07067971
0.07067971
0.07067971
0.07067971
0.07067971
0.07067971
0.07067971
0.07067971
0.07067971
0.07067971
0.07067971
0.07067971
0.07067971
0.07067971
0.07067971
0.07067971
0.07067971
0.07067971
0.07067971
0.07067971
0.07067971
0.07067971
0.07067971
0.07067971
0.07067971
0.07067971
0.07067971
0.07067971
0.07067971
0.07067971
0.07067971
0.07067971
0.07067971
0.07067971
0.07067971
0.07067971
0.07067971
0.07067971
0.07067971
0.07067971
0.07067971
0.07067971
0.07067971
0.07067971
0.07067971
0.07067971
0.07067971
0.07067971
0.07067971
0.07067971
0.07067971
0.07067971
0.07067971
0.07067971
0.07067971
0.07067971
0.07067971
0.07067971
0.07067971
0.07067971
0.07067971
0.07067971
0.0698996
0.06940593
0.069149144
0.069149144
0.06751564
0.06751564
0.06751564
0.06751564
0.06751564
0.06751564
0.06751564
0.06751564
0.06751564
0.06751564
0.06751564
0.06751564
0.06751564
0.06751564
0.06751564
0.06751564
0.06751564
0.06751564
0.06751564
0.06751564
0.06751564
0.06751564
0.06751564
0.06751564
0.06751564
0.06751564
0.06751564
0.06751564
0.06751564
0.06751564
0.06751564
0.06751564
0.06751564
0.06751564
0.06751564
0.06751564
0.06751564
0.06751564
0.06751564
0.06751564
0.06751564
0.06751564
0.06751564
0.06751564
0.06751564
0.06751564
0.06751564
0.06751564
0.06751564
0.06751564
0.06751564
0.06751564
0.06751564
0.06751564
0.06751564
0.06751564
0.06751564
0.06751564
0.06751564
0.06751564
0.06751564
0.06751564
0.06751564
0.06751564
0.06751564
0.06751564
0.06751564
0.06751564
0.06751564
0.06751564
0.06751564
0.06751564
0.06751564
0.06751564
0.06751564
0.06751564
0.06751564
0.06742164
0.06701604
0.06701604
0.06701604
0.06701604
0.06701604
0.06701604
0.06701604
0.06701604
0.06701604
0.06701604
0.06701604
0.06701604
0.06701604
0.06701604
0.06701604
0.06701604
0.06701604
0.06701604
0.06701604
0.06701604
0.06701604
0.06701604
0.06701604
0.06701604
0.06701604
0.06701604
0.06701604
0.06701604
0.06701604
0.06701604
0.06701604
0.06701604
0.06701604
0.06701604
0.06701604
0.06701604
0.06701604
0.06701604
0.06701604
0.06701604
0.06701604
0.06701604
0.06701604
0.06701604
0.06701604
0.06701604
0.06701604
0.06701604
0.06701604
0.06701604
0.06701604
0.06701604
0.06701604
0.06701604
0.06701604
0.06701604
0.06701604
0.06701604
0.06689328
0.06669854
0.0664188
0.06631857
0.06551078
0.06551078
0.06551078
0.06551078
0.06551078
0.06551078
0.06551078
0.06551078
0.06551078
0.06551078
0.06551078
0.06551078
0.06551078
0.06551078
0.06551078
0.06551078
0.06551078
0.06551078
0.06551078
0.06551078
0.06551078
0.06551078
0.06551078
0.06551078
0.06551078
0.06551078
0.06551078
0.06551078
0.06551078
0.06551078
0.06551078
0.06551078
0.06551078
0.06551078
0.06551078
0.06551078
0.06551078
0.06551078
0.06551078
0.06551078
0.06551078
0.06551078
0.06551078
0.06551078
0.06551078
0.06551078
0.06551078
0.06551078
0.06551078
0.06551078
0.06551078
0.06551078
0.06551078
0.06551078
0.06551078
0.06551078
0.06551078
0.06551078
0.06551078
0.06551078
0.06551078
0.06551078
0.06551078
0.06551078
0.06551078
0.06551078
0.06551078
0.06551078
0.06551078
0.06551078
0.06551078
0.06551078
0.06551078
0.06551078
0.06551078
0.06551078
0.06551078
0.06551078
0.06551078
0.06551078
0.06551078
0.06551078
0.06551078
0.06551078
0.06551078
0.06551078
0.06551078
0.06551078
0.06551078
0.06551078
0.06551078
0.06551078
0.06551078
0.06551078
0.06551078
0.06551078
0.06551078
0.06551078
0.06551078
0.06551078
0.06551078
0.06551078
0.06551078
0.06551078
0.06551078
0.06551078
0.06551078
0.06551078
0.06551078
0.06551078
0.06551078
0.06551078
0.06551078
0.06551078
0.06551078
0.06551078
0.06551078
0.06551078
0.06551078
0.06551078
0.06551078
0.06551078
0.06551078
0.06551078
0.06551078
0.06551078
0.06551078
0.06551078
0.06551078
0.06551078
0.06551078
0.06551078
0.06551078
0.06551078
0.06551078
0.06501093
0.06501093
0.06501093
0.06501093
0.06501093
0.06501093
0.06501093
0.06501093
0.06501093
0.06501093
0.06501093
0.06501093
0.06501093
0.06501093
0.06501093
0.06501093
0.06501093
0.06501093
0.06501093
0.06501093
0.06501093
0.06501093
0.06501093
0.06501093
0.06501093
0.06501093
0.06501093
0.06501093
0.06501093
0.06501093
0.06501093
0.06501093
0.06501093
0.06501093
0.06501093
0.06501093
0.06501093
0.06501093
0.06501093
0.06501093
0.06501093
0.06501093
0.06501093
0.06501093
0.06501093
0.06501093
0.06501093
0.06501093
0.06501093
0.06501093
0.06501093
0.06501093
0.06501093
0.06501093
0.06501093
0.06501093
0.06501093
0.06501093
0.06501093
0.06501093
0.06501093
0.06501093
0.06501093
0.06501093
0.06501093
0.06501093
0.06501093
0.06501093
0.06501093
0.06501093
0.06501093
0.06501093
0.06501093
0.06501093
0.06501093
0.06501093
0.06501093
0.06501093
0.06501093
0.06501093
0.06501093
0.06501093
0.06501093
0.06501093
0.06501093
0.06501093
0.06501093
0.06501093
0.06501093
0.06501093
0.06501093
0.06501093
0.06501093
0.06501093
0.06501093
0.06501093
0.06501093
0.06501093
0.06501093
0.06501093
0.06501093
0.06501093
0.06501093
0.06501093
0.06501093
0.06501093
0.06501093
0.06501093
0.06501093
0.06501093
0.06501093
0.06501093
0.06501093
0.06501093
0.06501093
0.06501093
0.06501093
0.06501093
0.06501093
0.06501093
0.06501093
0.06501093
0.06501093
0.06501093
0.06501093
0.06501093
0.06501093
0.06501093
0.06501093
0.06501093
0.06501093
0.06501093
0.06501093
0.06501093
0.06501093
0.06501093
0.06501093
0.06501093
0.06501093
0.06501093
0.06501093
0.06501093
0.06501093
0.06501093
0.06501093
0.06501093
0.06501093
0.06501093
0.06501093
0.06501093
0.06501093
0.06501093
0.06501093
0.06501093
0.06501093
0.06501093
0.06501093
0.06501093
0.06501093
0.06501093
0.06501093
0.06501093
0.06501093
0.06501093
0.06501093
0.06501093
0.06501093
0.06501093
0.06501093
0.06501093
0.06501093
0.06501093
0.06501093
0.06494479
0.06494479
0.06494479
0.06494479
0.06494479
0.06494479
0.06494479
0.06494479
0.06494479
0.06494479
0.06494479
0.06494479
0.06494479
0.06494479
0.06494479
0.06494479
0.06494479
0.06494479
0.06494479
0.06494479
0.06494479
0.06494479
0.06494479
0.06494479
0.06494479
0.06494479
0.06494479
0.06494479
0.06494479
0.06494479
0.06494479
0.06494479
0.06494479
0.06494479
0.06494479
0.06494479
0.06494479
0.06494479
0.06494479
0.06494479
0.06494479
0.06494479
0.06494479
0.06494479
0.06494479
0.06494479
0.06494479
0.06494479
0.06494479
0.06494479
0.06494479
0.06494479
0.06494479
0.06494479
0.06494479
0.06494479
0.06494479
0.06494479
0.06494479
0.06494479
0.06494479
0.06494479
0.06494479
0.06494479
0.06494479
0.06494479
0.06494479
0.06494479
0.06494479
0.06494479
0.06494479
0.06494479
0.06494479
0.06494479
0.06494479
0.06494479
0.06494479
0.06494479
0.06494479
0.06494479
0.06494479
0.06494479
0.06494479
0.06494479
0.06494479
0.06494479
0.06494479
0.06494479
0.06494479
0.06494479
0.06494479
0.06494479
0.06494479
0.06494479
0.06494479
0.06494479
0.06494479
0.06494479
0.06494479
0.06494479
0.06494479
0.06494479
0.06494479
0.06494479
0.06494479
0.06494479
0.06494479
0.06494479
0.06494479
0.06477302
0.06477302
0.06477302
0.06477302
0.06439932
0.06439932
0.06428906
0.06428906
0.06428906
0.06428906
0.06428906
0.06428906
0.06428906
0.06428906
0.06428906
0.06428906
0.06428906
0.06428906
0.06428906
0.06428906
0.06428906
0.06428906
0.06428906
0.06428906
0.06428906
0.06428906
0.06428906
0.06428906
0.06428906
0.06428906
0.06428906
0.06428906
0.06428906
0.06428906
0.06428906
0.06428906
0.06428906
0.06428906
0.06428906
0.06428906
0.06428906
0.06428906
0.06428906
0.06428906
0.06428906
0.06428906
0.06428906
0.06428906
0.06428906
0.06428906
0.06428906
0.06428906
0.06428906
0.06428906
0.06428906
0.06428906
0.06428906
0.06428906
0.06428906
0.06428906
0.06428906
0.06428906
0.06428906
0.06428906
0.06428906
0.06428906
0.06428906
0.06428906
0.06428906
0.06428906
0.06428906
0.06428906
0.06428906
0.06428906
0.06428906
0.06428906
0.06428906
0.06428906
0.06428906
0.06428906
0.06428906
0.06428906
0.06428906
0.06428906
0.06428906
0.06428906
0.06428906
0.06428906
0.06428906
0.06428906
0.06428906
0.06428906
0.06428906
0.06428906
0.06428906
0.06428906
0.06428906
0.06428906
0.06428906
0.06428906
0.06428906
0.06428906
0.06428906
0.06428906
0.06428906
0.06428906
0.06428906
0.06428906
0.06428906
0.06428906
0.06428906
0.06428906
0.06428906
0.06428906
0.06428906
0.06428906
0.06428906
0.06428906
0.06428906
0.06428906
0.06428906
0.06428906
0.06428906
0.06428906
0.06428906
0.06428906
0.06428906
0.06428906
0.06428906
0.06428906
0.06428906
0.06428906
0.06428906
0.06428906
0.06428906
0.06428906
0.06428906
0.06428906
0.06428906
0.06428906
0.06428906
0.06428906
0.06428906
0.06428906
0.06428906
0.06428906
0.06428906
0.06428906
0.06428906
0.06428906
0.06428906
0.06428906
0.06428906
0.06428906
0.06428906
0.06428906
0.06428906
0.06428906
0.06428906
0.06428906
0.06428906
0.06428906
0.06330751
0.06324979
0.06324979
0.06324979
0.06324979
0.06324979
0.06324979
0.06324979
0.06281896
0.06242017
0.061318852
0.061318852
0.061318852
0.061318852
0.060296476
0.060289267
0.060171675
0.05966981
0.05966981
0.05966981
0.05966981
0.05966981
0.05966981
0.05966981
0.05966981
0.05966981
0.05966981
0.05966981
0.05966981
0.05966981
0.05966981
0.05966981
0.05966981
0.05966981
0.05966981
0.05966981
0.05966981
0.05966981
0.05966981
0.05966981
0.05966981
0.05966981
0.05966981
0.05966981
0.05966981
0.05966981
0.05966981
0.05966981
0.05966981
0.05966981
0.05966981
0.05966981
0.05966981
0.05966981
0.05966981
0.05966981
0.05966981
0.05966981
0.05966981
0.05966981
0.05966981
0.05966981
0.05966981
0.05966981
0.05966981
0.05966981
0.05966981
0.05966981
0.05966981
0.05966981
0.05966981
0.05966981
0.05966981
0.05966981
0.05966981
0.05966981
0.05966981
0.05966981
0.05966981
0.05966981
0.05966981
0.05966981
0.05966981
0.05966981
0.05966981
0.05966981
0.05966981
0.05966981
0.05966981
0.05966981
0.05966981
0.05966981
0.05966981
0.05966981
0.05966981
0.05966981
0.05966981
0.05966981
0.05966981
0.05966981
0.05966981
0.05966981
0.05966981
0.05966981
0.05966981
0.05966981
0.05966981
0.05966981
0.05966981
0.05966981
0.05966981
0.05966981
0.05966981
0.05966981
0.05966981
0.05966981
0.05966981
0.05966981
0.05966981
0.05966981
0.05966981
0.05966981
0.05966981
0.05966981
0.05966981
0.05966981
0.05966981
0.05966981
0.05966981
0.05966981
0.05966981
0.05966981
0.05966981
0.05966981
0.05966981
0.05966981
0.05966981
0.05966981
0.05966981
0.05966981
0.05966981
0.05966981
0.05966981
0.05966981
0.05966981
0.05966981
0.05966981
0.05966981
0.05966981
0.05966981
0.05966981
0.05966981
0.05966981
0.05966981
0.05966981
0.05966981
0.05966981
0.05966981
0.05966981
0.05966981
0.05966981
0.05966981
0.05966981
0.05966981
0.05966981
0.05966981
0.05966981
0.05966981
0.05966981
0.05966981
0.05966981
0.05966981
0.05966981
0.05966981
0.05966981
0.05966981
0.05966981
0.05966981
0.05966981
0.05966981
0.05966981
0.05966981
0.05966981
0.05966981
0.05966981
0.05966981
0.05966981
0.05966981
0.05966981
0.05966981
0.059444923
0.059423454
0.05913501
0.05815491
0.057379227
0.057379227
0.057213623
0.05679962
0.05679962
0.05679962
0.05679962
0.05679962
0.05679962
0.05679962
0.05679962
0.05679962
0.05679962
0.05679962
0.05679962
0.05679962
0.05679962
0.05679962
0.05679962
0.05679962
0.05679962
0.05679962
0.05679962
0.05679962
0.05679962
0.05679962
0.05679962
0.05679962
0.05679962
0.05679962
0.05679962
0.05679962
0.05679962
0.05679962
0.05679962
0.05679962
0.05679962
0.05679962
0.05679962
0.05679962
0.05679962
0.05679962
0.05679962
0.05679962
0.05679962
0.05679962
0.05679962
0.05679962
0.05679962
0.056786247
0.056786247
0.056786247
0.056786247
0.056786247
0.056786247
0.056786247
0.056786247
0.056786247
0.056786247
0.056786247
0.056786247
0.056786247
0.056786247
0.056786247
0.056786247
0.056786247
0.056786247
0.056786247
0.056786247
0.056786247
0.056786247
0.056786247
0.056786247
0.056786247
0.056786247
0.056786247
0.056786247
0.056786247
0.056786247
0.056786247
0.056786247
0.056786247
0.056786247
0.056786247
0.056786247
0.056786247
0.056786247
0.056786247
0.056786247
0.056786247
0.056786247
0.056786247
0.056786247
0.056786247
0.056786247
0.056786247
0.056786247
0.056786247
0.056786247
0.056786247
0.056786247
0.056786247
0.056786247
0.056786247
0.056786247
0.056786247
0.056786247
0.056786247
0.056786247
0.056786247
0.056786247
0.056786247
0.056786247
0.056786247
0.056786247
0.056786247
0.056786247
0.056786247
0.056786247
0.056786247
0.056786247
0.056786247
0.056786247
0.056786247
0.056786247
0.056786247
0.056786247
0.056786247
0.056786247
0.056786247
0.056786247
0.056786247
0.056786247
0.056786247
0.056786247
0.056786247
0.056786247
0.056786247
0.056786247
0.056786247
0.056786247
0.056786247
0.056786247
0.056786247
0.056786247
0.056786247
0.056786247
0.056786247
0.056786247
0.056786247
0.056786247
0.056786247
0.056786247
0.056786247
0.056786247
0.056786247
0.056786247
0.056786247
0.056786247
0.056786247
0.056786247
0.056786247
0.056786247
0.056786247
0.056786247
0.056786247
0.056786247
0.056786247
0.056786247
0.056786247
0.056786247
0.056786247
0.056786247
0.056786247
0.056786247
0.056786247
0.056786247
0.056786247
0.056786247
0.056786247
0.056786247
0.056786247
0.056786247
0.056786247
0.056786247
0.056786247
0.056786247
0.056786247
0.056786247
0.056786247
0.056786247
0.056786247
0.056786247
0.056786247
0.056609247
0.05654689
0.056418877
0.055831686
0.055750668
0.055745747
0.055745747
0.055745747
0.055745747
0.055745747
0.055745747
0.055745747
0.055745747
0.055745747
0.055745747
0.055745747
0.055745747
0.055745747
0.055745747
0.055745747
0.055745747
0.055745747
0.055745747
0.055745747
0.055745747
0.055745747
0.055745747
0.055745747
0.055745747
0.055745747
0.055745747
0.055745747
0.055745747
0.055745747
0.055745747
0.055745747
0.055745747
0.055745747
0.055745747
0.055745747
0.055745747
0.055745747
0.055745747
0.055745747
0.055745747
0.055745747
0.055745747
0.055745747
0.055745747
0.055745747
0.055745747
0.055745747
0.055745747
0.055745747
0.055745747
0.055745747
0.055745747
0.055745747
0.055745747
0.055745747
0.055745747
0.055745747
0.055745747
0.055745747
0.055745747
0.055745747
0.055745747
0.055745747
0.055745747
0.055745747
0.055745747
0.055745747
0.055745747
0.055745747
0.055745747
0.055745747
0.055745747
0.055745747
0.055745747
0.055745747
0.055745747
0.055745747
0.055745747
0.055745747
0.055745747
0.055745747
0.055745747
0.055745747
0.055745747
0.055745747
0.055745747
0.055745747
0.055745747
0.055745747
0.055745747
0.055745747
0.055745747
0.055745747
0.055745747
0.055745747
0.055745747
0.055745747
0.055745747
0.055745747
0.055745747
0.055745747
0.055745747
0.055745747
0.055745747
0.055745747
0.055745747
0.055745747
0.055745747
0.055745747
0.055745747
0.055745747
0.055745747
0.055745747
0.055745747
0.055745747
0.055745747
0.055745747
0.055745747
0.055745747
0.055745747
0.055745747
0.055745747
0.055745747
0.055745747
0.055745747
0.055745747
0.055745747
0.055745747
0.055745747
0.055745747
0.055745747
0.055745747
0.055745747
0.055745747
0.055745747
0.055745747
0.055745747
0.055745747
0.055745747
0.055745747
0.055745747
0.055745747
0.055745747
0.055745747
0.055745747
0.055745747
0.055745747
0.055745747
0.055745747
0.055086274
0.054569356
0.05450394
0.05450394
0.05442503
0.05442503
0.05442503
0.05442503
0.05442503
0.05442503
0.05442503
0.05442503
0.05442503
0.05442503
0.05442503
0.05442503
0.05442503
0.05442503
0.05442503
0.05442503
0.05442503
0.05442503
0.05442503
0.05442503
0.05442503
0.05442503
0.05442503
0.05442503
0.05442503
0.05442503
0.05442503
0.05442503
0.05442503
0.05442503
0.05442503
0.05442503
0.05442503
0.05442503
0.05442503
0.05442503
0.05442503
0.05442503
0.05442503
0.05442503
0.05442503
0.05442503
0.05442503
0.05442503
0.05442503
0.05442503
0.05442503
0.05442503
0.05442503
0.05442503
0.05442503
0.05442503
0.05442503
0.05442503
0.05442503
0.05442503
0.05442503
0.05442503
0.05442503
0.05442503
0.05442503
0.05442503
0.05442503
0.05442503
0.05442503
0.05442503
0.05442503
0.05442503
0.05442503
0.05442503
0.05442503
0.05442503
0.05442503
0.05442503
0.05442503
0.05442503
0.05442503
0.05442503
0.05442503
0.05442503
0.05442503
0.05442503
0.05442503
0.05442503
0.05442503
0.05442503
0.05442503
0.05442503
0.05442503
0.05442503
0.05442503
0.05442503
0.05442503
0.05442503
0.05442503
0.05442503
0.05442503
0.05442503
0.05442503
0.05442503
0.05442503
0.05442503
0.05442503
0.05442503
0.05442503
0.05442503
0.05442503
0.05442503
0.05442503
0.05442503
0.05442503
0.05442503
0.05442503
0.05442503
0.05442503
0.05442503
0.05442503
0.05442503
0.05442503
0.05442503
0.05442503
0.05442503
0.05442503
0.05442503
0.05442503
0.05442503
0.05442503
0.05442503
0.05442503
0.05442503
0.05442503
0.05442503
0.05442503
0.05442503
0.05442503
0.05442503
0.05442503
0.05442503
0.05442503
0.05442503
0.05442503
0.05442503
0.05442503
0.05442503
0.05442503
0.05442503
0.05442503
0.05442503
0.05442503
0.05442503
0.05442503
0.05442503
0.05442503
0.05442503
0.05442503
0.05442503
0.05442503
0.05442503
0.05442503
0.05442503
0.05442503
0.05442503
0.05442503
0.05442503
0.05442503
0.05442503
0.05442503
0.05442503
0.05442503
0.05442503
0.05442503
0.05442503
0.05442503
0.05442503
0.05442503
0.05442503
0.05442503
0.05442503
0.05442503
0.05442503
0.05442503
0.05442503
0.05442503
0.05442503
0.05442503
0.05442503
0.05442503
0.05442503
0.05442503
0.05442503
0.05442503
0.05442503
0.05442503
0.05442503
0.05442503
0.05442503
0.05442503
0.05442503
0.05442503
0.05442503
0.05442503
0.05442503
0.05442503
0.05442503
0.05442503
0.05442503
0.05442503
0.05442503
0.05442503
0.05442503
0.05442503
0.05442503
0.05442503
0.05442503
0.05442503
0.05442503
0.05442503
0.05442503
0.05442503
0.05442503
0.05442503
0.05442503
0.05442503
0.05442503
0.05442503
0.05442503
0.05442503
0.05442503
0.05442503
0.05442503
0.05442503
0.05442503
0.05442503
0.05442503
0.05442503
0.05442503
0.05442503
0.05442503
0.05442503
0.05442503
0.05442503
0.05442503
0.05442503
0.05442503
0.05442503
0.05442503
0.05442503
0.053914886
0.05364747
0.05364747
0.05364747
0.05364747
0.05364747
0.05364747
0.05364747
0.05364747
0.05364747
0.05364747
0.05364747
0.05364747
0.05364747
0.05364747
0.05364747
0.05364747
0.05364747
0.05364747
0.05364747
0.05364747
0.05364747
0.05364747
0.05364747
0.05364747
0.05364747
0.05364747
0.05364747
0.05364747
0.05364747
0.05364747
0.05364747
0.05364747
0.05364747
0.05364747
0.05364747
0.05364747
0.05364747
0.05364747
0.05364747
0.05364747
0.05364747
0.05364747
0.05364747
0.05364747
0.05364747
0.05364747
0.05364747
0.05364747
0.05364747
0.05364747
0.05364747
0.05364747
0.05364747
0.05364747
0.05364747
0.05364747
0.05364747
0.05364747
0.05364747
0.05364747
0.05364747
0.05364747
0.05364747
0.05364747
0.05364747
0.05364747
0.05364747
0.05364747
0.05364747
0.05364747
0.05364747
0.05364747
0.05364747
0.05364747
0.05364747
0.05364747
0.05364747
0.05364747
0.05364747
0.05364747
0.05364747
0.05364747
0.05364747
0.05364747
0.05364747
0.05364747
0.05364747
0.05364747
0.05364747
0.05364747
0.05364747
0.05364747
0.05364747
0.05364747
0.05364747
0.05364747
0.05364747
0.05364747
0.05364747
0.05364747
0.05364747
0.05364747
0.05343641
0.05336017
0.05336017
0.05336017
0.05336017
0.05336017
0.05336017
0.05336017
0.05336017
0.05336017
0.05336017
0.05336017
0.05336017
0.05336017
0.05336017
0.05336017
0.05336017
0.053305786
0.052899435
0.052671142
0.05204687
0.051083155
0.05107506
0.05107506
0.05107506
0.05107506
0.05107506
0.05107506
0.05107506
0.05107506
0.05107506
0.05107506
0.05107506
0.05107506
0.05107506
0.05107506
0.05107506
0.05107506
0.05107506
0.05107506
0.05107506
0.05107506
0.05107506
0.05107506
0.05107506
0.05107506
0.05107506
0.05107506
0.05107506
0.05107506
0.05107506
0.05107506
0.05107506
0.05107506
0.05107506
0.05107506
0.05107506
0.05107506
0.05107506
0.05107506
0.05107506
0.05107506
0.05107506
0.05107506
0.05107506
0.05107506
0.05107506
0.05107506
0.05107506
0.05107506
0.05107506
0.05107506
0.05107506
0.05107506
0.05107506
0.05107506
0.05107506
0.05107506
0.05107506
0.05107506
0.05107506
0.05107506
0.05107506
0.05107506
0.05107506
0.05107506
0.05107506
0.05107506
0.05107506
0.05107506
0.05107506
0.05107506
0.05107506
0.05107506
0.05107506
0.05107506
0.05107506
0.05107506
0.05107506
0.05107506
0.05107506
0.05107506
0.05107506
0.05107506
0.05107506
0.05107506
0.05107506
0.05107506
0.05107506
0.05107506
0.05107506
0.05107506
0.05107506
0.05107506
0.05107506
0.05107506
0.05107506
0.05107506
0.05107506
0.05107506
0.05107506
0.05107506
0.05107506
0.05107506
0.05107506
0.05107506
0.05107506
0.05107506
0.05107506
0.05107506
0.05107506
0.05107506
0.05107506
0.05107506
0.05107506
0.05107506
0.05107506
0.05107506
0.05107506
0.05107506
0.05107506
0.05107506
0.05107506
0.05107506
0.05107506
0.05107506
0.05107506
0.05107506
0.05107506
0.05107506
0.05107506
0.05107506
0.05107506
0.05107506
0.05107506
0.05107506
0.05107506
0.05107506
0.05107506
0.05107506
0.05107506
0.05107506
0.05107506
0.05107506
0.05107506
0.05107506
0.05107506
0.05107506
0.05107506
0.05107506
0.05107506
0.05107506
0.05107506
0.05107506
0.05107506
0.05107506
0.05107506
0.05107506
0.05107506
0.05107506
0.05107506
0.05107506
0.05107506
0.05107506
0.05107506
0.05107506
0.05107506
0.05107506
0.05107506
0.05107506
0.05107506
0.05107506
0.05107506
0.05107506
0.05107506
0.05107506
0.05107506
0.05107506
0.05107506
0.05107506
0.05107506
0.05107506
0.05107506
0.05107506
0.05107506
0.05107506
0.05107506
0.05107506
0.05107506
0.05107506
0.05107506
0.05107506
0.05107506
0.05107506
0.05107506
0.05107506
0.05107506
0.05107506
0.05107506
0.05107506
0.05107506
0.05107506
0.05107506
0.05107506
0.05107506
0.05107506
0.05107506
0.05107506
0.05093568
0.0505292
0.050332163
0.050332163
0.050332163
0.050332163
0.05017769
0.05017769
0.05017769
0.05017769
0.05017769
0.05017769
0.05017769
0.05017769
0.05017769
0.05017769
0.05017769
0.05017769
0.05017769
0.05017769
0.05017769
0.049996015
0.049908508
0.049557522
0.049410306
0.049410306
0.049410306
0.049410306
0.049410306
0.049410306
0.049410306
0.049410306
0.049410306
0.049410306
0.049410306
0.049410306
0.049410306
0.049410306
0.049410306
0.049410306
0.049410306
0.049410306
0.049410306
0.049410306
0.049410306
0.049410306
0.049410306
0.049410306
0.049410306
0.049410306
0.049410306
0.049410306
0.049410306
0.049410306
0.049410306
0.049410306
0.049410306
0.049410306
0.049410306
0.049410306
0.049410306
0.049410306
0.049410306
0.049410306
0.049410306
0.049410306
0.049410306
0.049410306
0.049410306
0.049410306
0.049410306
0.049410306
0.049410306
0.049410306
0.049410306
0.049410306
0.049410306
0.049410306
0.049410306
0.049410306
0.049410306
0.049410306
0.049410306
0.049410306
0.049410306
0.049410306
0.049410306
0.049410306
0.049410306
0.049410306
0.049410306
0.049410306
0.049410306
0.049410306
0.049410306
0.049410306
0.049410306
0.049410306
0.049410306
0.049410306
0.049410306
0.049410306
0.049410306
0.049410306
0.049410306
0.049410306
0.049410306
0.049410306
0.049410306
0.049410306
0.049410306
0.049410306
0.049410306
0.049410306
0.049410306
0.049410306
0.049410306
0.049410306
0.049410306
0.049410306
0.049410306
0.049410306
0.049410306
0.049410306
0.049410306
0.049410306
0.049410306
0.049410306
0.049410306
0.049410306
0.049410306
0.049410306
0.049410306
0.049410306
0.049410306
0.049410306
0.049410306
0.049410306
0.049410306
0.049410306
0.049410306
0.049410306
0.049410306
0.049410306
0.049410306
0.049410306
0.049410306
0.049410306
0.049410306
0.049410306
0.049410306
0.049410306
0.049410306
0.049410306
0.049410306
0.049410306
0.049410306
0.049410306
0.049410306
0.049410306
0.049410306
0.049410306
0.049410306
0.049410306
0.049410306
0.049410306
0.049410306
0.049410306
0.049410306
0.049410306
0.049410306
0.049410306
0.049410306
0.049410306
0.049410306
0.049410306
0.049410306
0.049410306
0.049410306
0.049410306
0.049410306
0.049410306
0.049410306
0.049410306
0.049410306
0.049410306
0.049410306
0.049410306
0.049410306
0.049410306
0.049410306
0.049410306
0.049410306
0.049410306
0.049410306
0.049410306
0.049410306
0.049410306
0.049410306
0.049410306
0.049410306
0.049410306
0.049410306
0.049410306
0.049410306
0.049410306
0.049410306
0.049410306
0.049410306
0.049410306
0.049410306
0.049410306
0.049410306
0.049401417
0.049401417
0.049401417
0.049401417
0.049306355
0.04919716
0.048471123
0.04839777
0.048348073
0.048144136
0.04744473
0.047320127
0.047304995
0.047119416
0.046656933
0.046656933
0.046596766
0.046490066
0.046490066
0.046490066
0.046490066
0.046490066
0.046490066
0.046490066
0.046490066
0.046490066
0.046490066
0.046490066
0.046490066
0.046490066
0.046490066
0.046490066
0.046490066
0.046490066
0.046490066
0.046490066
0.046490066
0.046490066
0.046490066
0.046490066
0.046490066
0.046490066
0.046490066
0.046490066
0.046490066
0.046490066
0.046490066
0.046490066
0.046490066
0.046490066
0.046490066
0.046490066
0.046490066
0.046490066
0.046490066
0.046490066
0.046490066
0.046490066
0.046490066
0.046490066
0.046490066
0.046490066
0.046490066
0.046490066
0.046490066
0.046490066
0.046490066
0.046490066
0.046490066
0.046490066
0.046490066
0.046490066
0.046490066
0.046490066
0.046490066
0.046490066
0.046490066
0.046490066
0.046490066
0.046490066
0.046490066
0.046490066
0.046490066
0.046490066
0.046490066
0.046490066
0.046490066
0.046490066
0.046490066
0.046490066
0.046490066
0.046490066
0.046490066
0.046490066
0.046490066
0.046490066
0.046490066
0.046490066
0.046490066
0.046490066
0.046490066
0.046490066
0.046490066
0.046490066
0.046490066
0.046490066
0.046490066
0.046490066
0.046490066
0.046490066
0.046490066
0.046490066
0.046490066
0.046490066
0.046490066
0.046490066
0.046490066
0.046490066
0.046490066
0.046490066
0.046490066
0.046490066
0.046490066
0.046490066
0.046490066
0.046490066
0.046490066
0.046490066
0.046490066
0.046490066
0.046490066
0.046490066
0.046490066
0.046490066
0.046490066
0.046490066
0.046490066
0.046490066
0.046490066
0.046490066
0.046490066
0.046490066
0.046490066
0.046490066
0.046490066
0.046490066
0.046490066
0.046490066
0.046490066
0.046490066
0.046490066
0.046490066
0.046490066
0.046490066
0.046490066
0.046490066
0.046490066
0.046490066
0.046490066
0.046490066
0.046490066
0.046490066
0.046490066
0.046490066
0.046490066
0.046490066
0.046490066
0.046490066
0.046490066
0.046490066
0.046490066
0.046490066
0.046490066
0.046490066
0.046490066
0.046490066
0.046490066
0.046490066
0.046490066
0.046490066
0.046490066
0.046490066
0.046490066
0.046490066
0.046490066
0.046490066
0.046490066
0.046490066
0.046490066
0.046490066
0.046490066
0.046490066
0.046490066
0.046490066
0.046490066
0.046490066
0.046490066
0.046490066
0.046490066
0.046490066
0.046154726
0.045980867
0.045980867
0.04578075
0.04568606
0.045588143
0.045558423
0.045558423
0.045558423
0.045558423
0.045558423
0.045558423
0.045558423
0.045558423
0.045558423
0.045558423
0.045558423
0.045558423
0.045558423
0.045558423
0.045558423
0.045558423
0.045558423
0.045558423
0.045558423
0.045558423
0.045558423
0.045558423
0.045558423
0.045558423
0.045558423
0.045558423
0.045558423
0.045558423
0.045558423
0.045558423
0.045558423
0.045558423
0.045558423
0.045558423
0.045558423
0.045558423
0.045558423
0.045558423
0.045558423
0.045558423
0.045558423
0.045558423
0.045558423
0.045558423
0.045558423
0.045558423
0.045558423
0.045558423
0.045558423
0.045558423
0.045558423
0.045558423
0.045558423
0.045558423
0.045558423
0.045558423
0.045558423
0.045558423
0.045558423
0.045558423
0.045558423
0.045558423
0.045558423
0.045558423
0.045558423
0.045558423
0.045558423
0.045558423
0.045558423
0.045558423
0.045558423
0.045558423
0.045558423
0.045558423
0.045558423
0.045558423
0.045558423
0.045558423
0.045558423
0.045558423
0.045558423
0.045558423
0.045558423
0.045558423
0.045558423
0.045558423
0.045558423
0.045558423
0.045558423
0.045558423
0.045558423
0.045558423
0.045558423
0.045558423
0.045558423
0.045558423
0.045558423
0.045558423
0.045558423
0.045558423
0.045558423
0.045558423
0.045558423
0.045558423
0.045558423
0.045558423
0.045558423
0.045558423
0.045558423
0.045558423
0.045558423
0.045558423
0.045558423
0.045558423
0.045558423
0.045558423
0.045558423
0.045558423
0.045558423
0.045558423
0.045558423
0.045558423
0.045558423
0.045558423
0.045558423
0.045558423
0.045558423
0.045558423
0.045558423
0.045558423
0.045558423
0.045558423
0.045558423
0.045558423
0.045558423
0.045558423
0.045558423
0.045558423
0.045558423
0.045558423
0.045558423
0.045558423
0.045558423
0.045558423
0.045558423
0.045558423
0.045558423
0.045558423
0.045558423
0.045558423
0.045558423
0.045558423
0.045558423
0.045558423
0.045558423
0.045558423
0.045558423
0.045558423
0.045558423
0.045558423
0.045558423
0.045558423
0.045558423
0.045558423
0.045558423
0.045558423
0.045558423
0.045558423
0.045558423
0.045558423
0.045558423
0.045558423
0.045558423
0.045558423
0.045558423
0.045558423
0.045558423
0.045558423
0.045558423
0.045558423
0.045558423
0.045558423
0.045558423
0.045558423
0.045558423
0.045558423
0.045558423
0.045558423
0.045558423
0.045558423
0.045558423
0.045558423
0.045558423
0.045558423
0.045558423
0.045558423
0.045558423
0.045558423
0.045558423
0.04554374
0.04554374
0.04532193
0.04532193
0.045091324
0.04503171
0.04503171
0.04473555
0.04473555
0.04473555
0.04473555
0.04473555
0.04473555
0.04473555
0.04473555
0.04473555
0.04473555
0.04473555
0.04473555
0.04473555
0.04473555
0.04473555
0.04473555
0.04473555
0.04454762
0.044546254
0.04439446
0.04439446
0.04439446
0.04439446
0.04439446
0.04439446
0.04439446
0.04439446
0.04439446
0.04439446
0.04439446
0.04439446
0.04439446
0.04439446
0.04439446
0.04439446
0.04439446
0.04439446
0.04439446
0.04439446
0.04439446
0.04439446
0.04439446
0.04439446
0.04439446
0.04439446
0.04439446
0.04439446
0.04439446
0.04439446
0.04439446
0.04439446
0.04439446
0.04439446
0.04439446
0.04439446
0.04439446
0.04439446
0.04439446
0.04439446
0.04439446
0.04439446
0.04439446
0.04439446
0.04439446
0.04439446
0.04439446
0.04439446
0.04439446
0.04439446
0.04439446
0.04439446
0.04439446
0.04439446
0.04439446
0.04439446
0.04439446
0.04439446
0.04439446
0.04439446
0.04439446
0.04439446
0.04439446
0.04439446
0.04439446
0.04439446
0.04439446
0.04439446
0.04439446
0.04439446
0.04439446
0.04439446
0.04439446
0.04439446
0.04439446
0.04439446
0.04439446
0.04439446
0.04439446
0.04439446
0.04439446
0.04439446
0.04439446
0.04439446
0.04439446
0.04439446
0.04439446
0.04439446
0.04439446
0.04439446
0.04439446
0.04439446
0.04439446
0.04439446
0.04439446
0.04439446
0.04439446
0.04439446
0.04439446
0.04439446
0.04439446
0.04439446
0.04439446
0.04439446
0.04407468
0.044008438
0.043799344
0.043799344
0.04379511
0.04379511
0.04379511
0.04379511
0.04379511
0.04379511
0.043600578
0.043600578
0.043600578
0.043600578
0.043600578
0.043600578
0.043583393
0.043401957
0.04338072
0.04338072
0.04338072
0.04338072
0.04338072
0.04338072
0.04338072
0.04338072
0.04338072
0.04338072
0.04338072
0.04338072
0.04338072
0.04338072
0.04338072
0.04338072
0.043317046
0.043317046
0.043317046
0.043317046
0.043317046
0.043317046
0.043317046
0.043317046
0.043317046
0.043317046
0.043317046
0.043317046
0.043317046
0.043317046
0.043317046
0.043142974
0.04306686
0.043055695
0.0430436
0.0430436
0.042913735
0.04278534
0.04278534
0.04278534
0.04278534
0.04278534
0.04278534
0.04278534
0.04278534
0.04278534
0.04278534
0.04278534
0.04278534
0.04278534
0.04278534
0.04278534
0.04278534
0.04278534
0.04278534
0.042651054
0.042651054
0.04252058
0.042062208
0.042062208
0.042062208
0.042062208
0.041990735
0.04178414
0.04172821
0.04171378
0.041547447
0.041547447
0.041417796
0.041417796
0.041417796
0.041280195
0.041164216
0.041114163
0.041029204
0.04099251
0.04094302
0.04094302
0.04094302
0.04094302
0.040699907
0.040544115
0.040544115
0.040535778
0.040535778
0.040535778
0.040056158
0.039713167
0.039698295
0.039690003
0.039541334
0.039025772
0.038882542
0.038882542
0.03887179
0.03887179
0.03887179
0.03887179
0.03887179
0.03887179
0.03887179
0.03887179
0.038810216
0.038529772
0.038497247
0.03849363
0.038288422
0.038288422
0.038288422
0.038288422
0.038288422
0.03804919
0.037645966
0.037645966
0.037557162
0.037520718
0.037520718
0.037308965
0.037239283
0.037237242
0.03720832
0.03658035
0.03658035
0.03658035
0.03658035
0.036498856
0.036498856
0.03639494
0.036222953
0.03618845
0.03611839
0.03607465
0.03607465
0.03607465
0.035921063
0.035921063
0.035579283
0.03538698
0.03538698
0.035368215
0.035338502
0.035136744
0.034811687
0.03479157
0.034771673
0.034721583
0.034712378
0.0345617
0.034114264
0.033868924
0.033781275
0.033672314
0.033656
0.033390354
0.033326823
0.033211026
0.03320641
0.033082567
0.03298124
0.03272383
0.03272383
0.03272383
0.03272383
0.03272383
0.03272383
0.032679908
0.032679908
0.032657187
0.032657187
0.032657187
0.032657187
0.032657187
0.032657187
0.032657187
0.032657187
0.032657187
0.032657187
0.032657187
0.032657187
0.032657187
0.032657187
0.032657187
0.032657187
0.032657187
0.032657187
0.032657187
0.032657187
0.032657187
0.032657187
0.032657187
0.032657187
0.032657187
0.032657187
0.032657187
0.032657187
0.032657187
0.032657187
0.032657187
0.032657187
0.032657187
0.032657187
0.032657187
0.032657187
0.032657187
0.032657187
0.032657187
0.032657187
0.032657187
0.032657187
0.032657187
0.032657187
0.032657187
0.032657187
0.032657187
0.032657187
0.032657187
0.032657187
0.032657187
0.032657187
0.032657187
0.032657187
0.032657187
0.032657187
0.032657187
0.032657187
0.032657187
0.032657187
0.032657187
0.032657187
0.032657187
0.032657187
0.032657187
0.032657187
0.032657187
0.032657187
0.032657187
0.032657187
0.032657187
0.032657187
0.032657187
0.032657187
0.032657187
0.032657187
0.032657187
0.032657187
0.032657187
0.032657187
0.032657187
0.032657187
0.032657187
0.032657187
0.032657187
0.032657187
0.032657187
0.032657187
0.032657187
0.032657187
0.032657187
0.032657187
0.032657187
0.032657187
0.032657187
0.032657187
0.032657187
0.032657187
0.032657187
0.032657187
0.032657187
0.032657187
0.032657187
0.032657187
0.032657187
0.032657187
0.032657187
0.032657187
0.032657187
0.032657187
0.032657187
0.032657187
0.032657187
0.032657187
0.032657187
0.032657187
0.032657187
0.032657187
0.032657187
0.032657187
0.032657187
0.032657187
0.032657187
0.032657187
0.032657187
0.032657187
0.032657187
0.032657187
0.032657187
0.032657187
0.032657187
0.032657187
0.032657187
0.032657187
0.032657187
0.032657187
0.032657187
0.032657187
0.032657187
0.032657187
0.032657187
0.032657187
0.032657187
0.032657187
0.032657187
0.032657187
0.032657187
0.032657187
0.032657187
0.032657187
0.032657187
0.032657187
0.032657187
0.032657187
0.032657187
0.032657187
0.032657187
0.032657187
0.032657187
0.032657187
0.032657187
0.032657187
0.032657187
0.032657187
0.032657187
0.032657187
0.032657187
0.032657187
0.032657187
0.032657187
0.032657187
0.032657187
0.032657187
0.032657187
0.032657187
0.032657187
0.032657187
0.032657187
0.032657187
0.032657187
0.032657187
0.032657187
0.032657187
0.032657187
0.032657187
0.032657187
0.032657187
0.032657187
0.032657187
0.032657187
0.032657187
0.032657187
0.032657187
0.032657187
0.032657187
0.032657187
0.032657187
0.032657187
0.032657187
0.032657187
0.032657187
0.032657187
0.032657187
0.032657187
0.032657187
0.032657187
0.032657187
0.032657187
0.032657187
0.032657187
0.032657187
0.032657187
0.032657187
0.032657187
0.032657187
0.032657187
0.032657187
0.032657187
0.032657187
0.032657187
0.032657187
0.032657187
0.032657187
0.032657187
0.032657187
0.032657187
0.032657187
0.032657187
0.032657187
0.032657187
0.032657187
0.032657187
0.032657187
0.032657187
0.032657187
0.032657187
0.032657187
0.032657187
0.032657187
0.032657187
0.032657187
0.032657187
0.032657187
0.032657187
0.032657187
0.032657187
0.032657187
0.032657187
0.032657187
0.032657187
0.032657187
0.032657187
0.032657187
0.032657187
0.032657187
0.032657187
0.032657187
0.032657187
0.032657187
0.032657187
0.032657187
0.032657187
0.032657187
0.032657187
0.032657187
0.032657187
0.032657187
0.032657187
0.032657187
0.032657187
0.032657187
0.032657187
0.032657187
0.032657187
0.032657187
0.032657187
0.032657187
0.032657187
0.032657187
0.032657187
0.032657187
0.032657187
0.032657187
0.032657187
0.032657187
0.032657187
0.032657187
0.032657187
0.032657187
0.032657187
0.032657187
0.032657187
0.032657187
0.032657187
0.032657187
0.032657187
0.032657187
0.032657187
0.032657187
0.032657187
0.032657187
0.032657187
0.032657187
0.032657187
0.032657187
0.032657187
0.032657187
0.032657187
0.032657187
0.032657187
0.032657187
0.032657187
0.032657187
0.032657187
0.032657187
0.032657187
0.032657187
0.032657187
0.032657187
0.032657187
0.032657187
0.032657187
0.032657187
0.032657187
0.032657187
0.032657187
0.032657187
0.032657187
0.032657187
0.032657187
0.032657187
0.032657187
0.032657187
0.032657187
0.032657187
0.032657187
0.032657187
0.032657187
0.032657187
0.032657187
0.032657187
0.032657187
0.032657187
0.032657187
0.032657187
0.032657187
0.032657187
0.032657187
0.032657187
0.032657187
0.032657187
0.032657187
0.032657187
0.032657187
0.032657187
0.032657187
0.032657187
0.032657187
0.032657187
0.032657187
0.032657187
0.032657187
0.032657187
0.032657187
0.032657187
0.032657187
0.032657187
0.032657187
0.032657187
0.032657187
0.032657187
0.032657187
0.032657187
0.032657187
0.032657187
0.032657187
0.032657187
0.032657187
0.032657187
0.032657187
0.032657187
0.032657187
0.032657187
0.032657187
0.032657187
0.032657187
0.032657187
0.032657187
0.032657187
0.032657187
0.032657187
0.032657187
0.032657187
0.032657187
0.032657187
0.032657187
0.032657187
0.032657187
0.032657187
0.032657187
0.032657187
0.032657187
0.032657187
0.032657187
0.032657187
0.032657187
0.032657187
0.032657187
0.032657187
0.032657187
0.032657187
0.032657187
0.032657187
0.032657187
0.032657187
0.032657187
0.032657187
0.032657187
0.032657187
0.032657187
0.032657187
0.032657187
0.032657187
0.032657187
0.032657187
0.032657187
0.032657187
0.032657187
0.032657187
0.032657187
0.032657187
0.032657187
0.032657187
0.032657187
0.032657187
0.032657187
0.032657187
0.032657187
0.032657187
0.032657187
0.032657187
0.032657187
0.032657187
0.032657187
0.032657187
0.032657187
0.032657187
0.032657187
0.032657187
0.032657187
0.032657187
0.032657187
0.032657187
0.03238885
0.032176856
0.032133374
0.031861592
0.031524066
0.031401176
0.031401176
0.031401176
0.031401176
0.031401176
0.03135758
0.031303488
0.030849885
0.030833285
0.030644858
0.030493228
0.030488648
0.03023772
0.030075887
0.029954236
0.029924775
0.029924775
0.029924775
0.029924775
0.029924775
0.029862147
0.029806294
0.029806294
0.029656557
0.029656557
0.029656557
0.029656557
0.029656557
0.029656557
0.029656557
0.029656557
0.029656557
0.029656557
0.029656557
0.029656557
0.029656557
0.029656557
0.029656557
0.029563986
0.02947963
0.029456742
0.029456742
0.029456742
0.029456742
0.029456742
0.029456742
0.029456742
0.029456742
0.029377365
0.029377365
0.02931164
0.02931164
0.02931164
0.029310636
0.029068174
0.029026745
0.028714929
0.028540151
0.028313892
0.028046705
0.027636811
0.027557116
0.02733653
0.027157042
0.027032608
0.026905347
0.026843224
0.026843224
0.026843224
0.026805172
0.026756117
0.026652025
0.026635999
0.026470203
0.02634311
0.026173204
0.026099099
0.026092524
0.02607813
0.026023954
0.026023954
0.026023954
0.026023954
0.025795948
0.025709424
0.025660168
0.02537076
0.024994424
0.024907747
0.02470302
0.024674397
0.024645919
0.024532957
0.024487399
0.024487399
0.024402967
0.024374569
0.02429074
0.024255147
0.02388028
0.02380852
0.023389582
0.02328861
0.02325176
0.02315648
0.02306435
0.022890918
0.022821259
0.0224743
0.022382516
0.022317313
0.022249367
0.022114124
0.022053178
0.022053178
0.022053178
0.021966798
0.021892799
0.021892799
0.021892799
0.021892799
0.021892799
0.021892799
0.021892799
0.021892799
0.021892799
0.021892799
0.021790124
0.021688787
0.021623956
0.021392234
0.021311475
0.021246886
0.021197524
0.021186762
0.021111654
0.021106731
0.021094874
0.02101534
0.02100414
0.020910734
0.020750104
0.020723978
0.020652993
0.020605732
0.020495964
0.020300161
0.020300161
0.020300161
0.020300161
0.02018358
0.020139184
0.020077642
0.020077642
0.020041348
0.019932736
0.019915814
0.019902153
0.019679628
0.019679628
0.019586597
0.018928263
0.018884193
0.018651744
0.018606454
0.018530816
0.018527117
0.018230394
0.018230394
0.018121881
0.017930942
0.017789312
0.017605098
0.01724373
0.01724373
0.01724373
0.016911868
0.016885156
0.016885156
0.016885156
0.016885156
0.01670287
0.016553348
0.016363842
0.016288811
0.016192561
0.015848463
0.015848463
0.015831849
0.015685339
0.015666192
0.01532321
0.015311911
0.014205195
0.014184824
0.013979366
0.013704693
0.012901058
0.012901058
0.012901058
0.011734532
0.011290842
0.008490493
0.008433799
0.008183473
0.008067682
0.0069624144
0.0069624144
0.0069624144
0.0069624144
0.0069624144
