0.9576534
0.8326542
0.70703167
0.70703167
0.70703167
0.70703167
0.70703167
0.70703167
0.70703167
0.70703167
0.70703167
0.66840965
0.6257231
0.55826056
0.54197824
0.54197824
0.25650907
0.21183991
0.19926642
0.17400125
0.14426497
0.14426497
0.14426497
0.14426497
0.14426497
0.14426497
0.14426497
0.14426497
0.14426497
0.14426497
0.14426497
0.14426497
0.14426497
0.14426497
0.14426497
0.14426497
0.14426497
0.14426497
0.14426497
0.14426497
0.14426497
0.14426497
0.14426497
0.14426497
0.14426497
0.14426497
0.14426497
0.14426497
0.14426497
0.14426497
0.14426497
0.14426497
0.14426497
0.14426497
0.14426497
0.14426497
0.14426497
0.14426497
0.14426497
0.14426497
0.14426497
0.14426497
0.14426497
0.14426497
0.14426497
0.14426497
0.14426497
0.14426497
0.14426497
0.14426497
0.14426497
0.14426497
0.14426497
0.14426497
0.14426497
0.14426497
0.14426497
0.14426497
0.14426497
0.14426497
0.14426497
0.14426497
0.14426497
0.14426497
0.14426497
0.14426497
0.14426497
0.14426497
0.14426497
0.14426497
0.14426497
0.1393869
0.1317006
0.1317006
0.1317006
0.1317006
0.1317006
0.1317006
0.1317006
0.1317006
0.1317006
0.1317006
0.1317006
0.1317006
0.1317006
0.1317006
0.1317006
0.1317006
0.1317006
0.1317006
0.1317006
0.1317006
0.1317006
0.1317006
0.1317006
0.1317006
0.1317006
0.1317006
0.1317006
0.1317006
0.1317006
0.1317006
0.1317006
0.12336293
0.12143032
0.10498319
0.104262345
0.10371338
0.10248786
0.10248786
0.10248786
0.10248786
0.10248786
0.10248786
0.10248786
0.10248786
0.10248786
0.10248786
0.10248786
0.10248786
0.10248786
0.10248786
0.10248786
0.10248786
0.10248786
0.10248786
0.10248786
0.10248786
0.10248786
0.10248786
0.10248786
0.10248786
0.10248786
0.10248786
0.10248786
0.10248786
0.10248786
0.10248786
0.10248786
0.10248786
0.10248786
0.10248786
0.10248786
0.10248786
0.10248786
0.10248786
0.10248786
0.10248786
0.10248786
0.10248786
0.10248786
0.10248786
0.10248786
0.10248786
0.10248786
0.10248786
0.10248786
0.10248786
0.10248786
0.10248786
0.10248786
0.10248786
0.10248786
0.10248786
0.10248786
0.10248786
0.10248786
0.10248786
0.10248786
0.10248786
0.10248786
0.10248786
0.10248786
0.10248786
0.10248786
0.10248786
0.10248786
0.10248786
0.10248786
0.10248786
0.10248786
0.10248786
0.10248786
0.10248786
0.10248786
0.10248786
0.10248786
0.10248786
0.10248786
0.10248786
0.10248786
0.10248786
0.10248786
0.10248786
0.10248786
0.10248786
0.10248786
0.10248786
0.10248786
0.10248786
0.10248786
0.10248786
0.10248786
0.10248786
0.10248786
0.10248786
0.10248786
0.10248786
0.10248786
0.10248786
0.10248786
0.10248786
0.10248786
0.10248786
0.10248786
0.10248786
0.10248786
0.10248786
0.10248786
0.10248786
0.083604604
0.08242585
0.08205974
0.08041796
0.07796612
0.07384966
0.07304329
0.07304329
0.07304329
0.07304329
0.07304329
0.06954143
0.06839592
0.06839592
0.06839592
0.06839592
0.06839592
0.06839592
0.06839592
0.06839592
0.06839592
0.06839592
0.06839592
0.06839592
0.06839592
0.06839592
0.06839592
0.06839592
0.06839592
0.06839592
0.06839592
0.06839592
0.06839592
0.06839592
0.06839592
0.06839592
0.06839592
0.06839592
0.06839592
0.06839592
0.06839592
0.06839592
0.06839592
0.06839592
0.06839592
0.06839592
0.06839592
0.06839592
0.06839592
0.06839592
0.06839592
0.06839592
0.06839592
0.06839592
0.06839592
0.06839592
0.06839592
0.06839592
0.06839592
0.06839592
0.06839592
0.06839592
0.06839592
0.06839592
0.06839592
0.06839592
0.06839592
0.06839592
0.06839592
0.06839592
0.06839592
0.06839592
0.06839592
0.06839592
0.06839592
0.06839592
0.06839592
0.06839592
0.06839592
0.06839592
0.06839592
0.06839592
0.06839592
0.06839592
0.06839592
0.06839592
0.06839592
0.06839592
0.06839592
0.06839592
0.06839592
0.06839592
0.06839592
0.06839592
0.06839592
0.06839592
0.06839592
0.06839592
0.06839592
0.06839592
0.06839592
0.06839592
0.06839592
0.06839592
0.06839592
0.06839592
0.06839592
0.06839592
0.06839592
0.06839592
0.06839592
0.06839592
0.06839592
0.06839592
0.06839592
0.06839592
0.06839592
0.06839592
0.06839592
0.06839592
0.06839592
0.06839592
0.06839592
0.06839592
0.06839592
0.06839592
0.06839592
0.06839592
0.06839592
0.06839592
0.06839592
0.06839592
0.06839592
0.06839592
0.06839592
0.06839592
0.06839592
0.06839592
0.06839592
0.06839592
0.06839592
0.06839592
0.06839592
0.06839592
0.06839592
0.06839592
0.06738436
0.066587
0.06610377
0.065311156
0.06498396
0.064924836
0.06463033
0.06460595
0.062363096
0.062363096
0.06029691
0.059770815
0.059770815
0.059770815
0.059770815
0.059770815
0.059770815
0.059770815
0.059770815
0.059770815
0.059770815
0.059770815
0.059770815
0.059770815
0.059770815
0.059770815
0.059770815
0.059770815
0.059770815
0.059770815
0.059770815
0.059770815
0.059770815
0.059770815
0.059770815
0.059770815
0.059770815
0.059770815
0.059770815
0.059770815
0.059770815
0.059770815
0.059770815
0.059770815
0.059770815
0.059770815
0.059770815
0.059770815
0.059770815
0.059770815
0.059770815
0.059770815
0.059770815
0.059770815
0.059770815
0.059770815
0.059770815
0.059770815
0.059770815
0.059770815
0.059770815
0.059770815
0.059770815
0.059770815
0.059770815
0.059770815
0.059770815
0.059770815
0.059770815
0.059770815
0.059770815
0.059770815
0.059770815
0.059770815
0.059770815
0.059770815
0.059770815
0.059770815
0.059770815
0.059770815
0.059770815
0.059770815
0.059770815
0.059770815
0.059770815
0.059770815
0.059770815
0.059770815
0.059770815
0.059770815
0.059770815
0.059770815
0.059770815
0.059770815
0.059770815
0.059770815
0.059770815
0.059770815
0.059770815
0.059770815
0.059770815
0.059770815
0.059770815
0.059770815
0.059770815
0.059770815
0.059770815
0.059770815
0.059770815
0.059770815
0.059770815
0.059770815
0.059770815
0.059770815
0.059770815
0.059770815
0.059770815
0.059770815
0.059770815
0.059770815
0.059770815
0.059377003
0.058814872
0.058814872
0.058814872
0.05781804
0.056325216
0.056325216
0.056325216
0.056325216
0.056325216
0.056325216
0.056325216
0.056325216
0.056325216
0.056325216
0.056325216
0.056325216
0.056325216
0.056325216
0.056325216
0.056325216
0.056325216
0.056325216
0.056325216
0.056325216
0.056325216
0.056325216
0.056325216
0.056325216
0.056325216
0.056325216
0.056325216
0.056325216
0.056325216
0.056325216
0.056325216
0.056325216
0.056325216
0.056325216
0.056325216
0.056325216
0.056325216
0.056325216
0.056325216
0.056325216
0.056325216
0.056325216
0.056325216
0.056325216
0.056325216
0.056325216
0.056325216
0.056325216
0.056325216
0.056325216
0.056325216
0.056325216
0.056325216
0.056325216
0.056325216
0.056325216
0.056325216
0.056325216
0.056325216
0.056325216
0.056325216
0.056325216
0.056325216
0.056325216
0.056325216
0.056325216
0.056325216
0.056325216
0.056325216
0.056325216
0.056325216
0.056325216
0.056325216
0.056325216
0.056325216
0.056325216
0.056325216
0.056325216
0.056325216
0.056325216
0.056325216
0.056325216
0.056325216
0.056325216
0.056325216
0.056325216
0.056325216
0.056325216
0.056325216
0.056325216
0.056325216
0.056325216
0.056325216
0.056325216
0.056325216
0.056325216
0.056325216
0.056325216
0.056325216
0.056325216
0.056325216
0.056325216
0.056325216
0.056325216
0.056325216
0.056325216
0.056325216
0.056325216
0.056325216
0.056325216
0.056325216
0.056325216
0.056325216
0.056325216
0.056325216
0.056325216
0.056325216
0.056325216
0.056325216
0.056325216
0.056325216
0.056325216
0.056325216
0.056325216
0.056325216
0.056325216
0.056325216
0.056325216
0.056325216
0.056325216
0.056325216
0.056325216
0.056325216
0.056325216
0.056325216
0.056325216
0.056325216
0.056325216
0.056325216
0.056325216
0.056325216
0.056325216
0.056325216
0.056325216
0.056325216
0.056325216
0.056325216
0.056325216
0.056325216
0.056325216
0.056325216
0.056325216
0.056325216
0.056325216
0.056325216
0.056325216
0.056325216
0.056325216
0.056325216
0.056325216
0.056325216
0.055362135
0.055362135
0.054023985
0.053913444
0.053913444
0.053913444
0.053913444
0.053913444
0.053913444
0.053913444
0.053913444
0.053913444
0.053913444
0.053913444
0.053913444
0.053913444
0.053913444
0.053913444
0.053913444
0.053913444
0.053540796
0.05207906
0.05159353
0.050961018
0.050961018
0.050961018
0.050961018
0.050961018
0.050961018
0.050961018
0.050961018
0.050961018
0.050961018
0.050961018
0.050961018
0.050961018
0.050961018
0.050961018
0.050961018
0.050961018
0.050961018
0.050961018
0.050961018
0.050961018
0.050961018
0.050961018
0.050961018
0.050961018
0.050961018
0.050961018
0.050961018
0.050961018
0.050961018
0.050961018
0.050961018
0.050961018
0.050961018
0.050961018
0.050961018
0.050961018
0.050961018
0.050961018
0.050961018
0.050961018
0.050961018
0.050961018
0.050961018
0.050961018
0.050961018
0.050961018
0.050961018
0.050961018
0.050961018
0.050961018
0.050961018
0.050961018
0.050961018
0.050961018
0.050961018
0.050961018
0.050961018
0.050961018
0.050961018
0.050961018
0.050961018
0.050961018
0.050961018
0.050961018
0.050961018
0.050961018
0.050961018
0.050961018
0.050961018
0.050961018
0.050961018
0.050961018
0.050961018
0.050961018
0.050961018
0.050961018
0.050961018
0.050961018
0.050961018
0.050961018
0.050961018
0.050961018
0.050961018
0.050961018
0.050961018
0.050961018
0.050961018
0.050961018
0.050961018
0.050961018
0.050961018
0.050961018
0.050961018
0.050961018
0.050961018
0.050961018
0.050961018
0.050961018
0.050961018
0.050961018
0.050961018
0.050961018
0.050961018
0.050961018
0.050961018
0.050961018
0.04998613
0.049970403
0.049336243
0.048409212
0.048409212
0.047778774
0.047778774
0.04773387
0.047469497
0.047183838
0.047183838
0.047183838
0.047183838
0.047183838
0.047183838
0.047183838
0.047183838
0.047183838
0.047183838
0.047183838
0.047183838
0.047183838
0.047183838
0.047183838
0.047183838
0.047183838
0.047183838
0.047183838
0.047183838
0.047183838
0.047183838
0.047183838
0.047183838
0.047183838
0.047183838
0.047183838
0.047183838
0.047183838
0.047183838
0.047183838
0.047183838
0.047183838
0.047183838
0.047183838
0.047183838
0.047183838
0.047183838
0.047183838
0.047183838
0.047183838
0.047183838
0.047183838
0.047183838
0.047183838
0.047183838
0.047183838
0.047183838
0.047183838
0.047183838
0.047183838
0.047183838
0.047183838
0.047183838
0.047183838
0.047183838
0.047183838
0.047183838
0.047183838
0.047183838
0.047183838
0.047183838
0.047183838
0.047183838
0.047183838
0.047183838
0.047183838
0.047183838
0.047183838
0.047183838
0.047183838
0.047183838
0.047183838
0.047183838
0.047183838
0.047183838
0.047183838
0.047183838
0.047183838
0.047183838
0.047183838
0.047183838
0.047183838
0.047183838
0.047183838
0.047183838
0.047183838
0.047183838
0.047183838
0.047183838
0.047183838
0.047183838
0.047183838
0.047183838
0.047183838
0.047183838
0.047183838
0.047183838
0.047183838
0.047183838
0.047183838
0.047183838
0.047183838
0.047183838
0.047183838
0.047183838
0.047183838
0.047183838
0.047183838
0.047183838
0.047183838
0.047183838
0.047183838
0.047183838
0.047183838
0.047183838
0.047183838
0.047183838
0.047183838
0.047183838
0.047183838
0.047183838
0.047183838
0.047183838
0.047183838
0.047183838
0.047183838
0.047183838
0.047183838
0.047183838
0.047183838
0.047183838
0.047183838
0.047183838
0.047183838
0.047183838
0.047183838
0.047183838
0.047183838
0.047183838
0.04704706
0.04704706
0.04704706
0.04704706
0.04704706
0.04704706
0.04704706
0.04704706
0.04704706
0.04704706
0.04704706
0.04704706
0.04650552
0.04609536
0.04609536
0.04609536
0.04609536
0.04609536
0.04609536
0.04609536
0.04609536
0.04609536
0.04609536
0.04609536
0.04609536
0.04609536
0.04609536
0.04609536
0.04609536
0.04609536
0.04609536
0.04609536
0.04609536
0.04609536
0.04609536
0.04609536
0.04609536
0.04609536
0.04609536
0.04609536
0.04609536
0.04609536
0.04609536
0.04609536
0.04609536
0.04609536
0.04609536
0.04609536
0.04609536
0.04609536
0.04609536
0.04609536
0.04609536
0.04609536
0.04609536
0.04609536
0.04609536
0.04609536
0.04609536
0.04609536
0.04609536
0.04609536
0.04609536
0.04609536
0.04609536
0.04609536
0.04609536
0.04609536
0.04609536
0.04609536
0.04609536
0.04609536
0.04609536
0.04609536
0.04609536
0.04609536
0.04609536
0.04609536
0.04609536
0.04609536
0.04609536
0.04609536
0.04609536
0.04609536
0.04609536
0.04609536
0.04609536
0.04609536
0.04609536
0.04609536
0.04609536
0.04609536
0.04609536
0.04609536
0.04609536
0.04609536
0.04609536
0.04609536
0.04609536
0.04609536
0.04564955
0.04564955
0.04564955
0.04564955
0.04564955
0.04564955
0.04564955
0.04564955
0.04564955
0.04564955
0.04564955
0.04564955
0.04564955
0.04564955
0.04564955
0.04564955
0.04564955
0.04564955
0.04564955
0.04564955
0.04564955
0.04564955
0.04564955
0.04564955
0.04564955
0.04564955
0.04564955
0.04564955
0.04564955
0.04564955
0.04564955
0.04564955
0.04564955
0.04564955
0.04564955
0.04564955
0.04564955
0.04564955
0.04564955
0.04564955
0.04564955
0.04564955
0.04564955
0.04564955
0.04564955
0.04564955
0.04564955
0.04564955
0.04564955
0.04564955
0.04564955
0.04564955
0.04564955
0.04564955
0.04564955
0.04564955
0.04564955
0.04564955
0.04564955
0.04564955
0.04564955
0.04564955
0.04564955
0.04564955
0.04564955
0.04564955
0.04564955
0.04564955
0.04564955
0.04564955
0.04564955
0.04564955
0.04564955
0.04564955
0.04564955
0.04564955
0.04564955
0.04564955
0.04564955
0.04564955
0.04564955
0.04564955
0.04564955
0.04564955
0.04564955
0.04564955
0.04564955
0.04564955
0.04564955
0.04564955
0.04562814
0.04511168
0.04419333
0.04375857
0.043587092
0.043294445
0.043176904
0.04295316
0.04272833
0.042715166
0.042715166
0.042715166
0.042715166
0.042715166
0.042527843
0.042527843
0.042527843
0.042527843
0.042527843
0.042527843
0.042527843
0.042527843
0.042527843
0.042527843
0.042527843
0.042527843
0.042527843
0.042527843
0.042527843
0.042527843
0.042527843
0.042527843
0.042527843
0.042527843
0.042527843
0.042527843
0.042527843
0.042527843
0.042527843
0.042527843
0.042527843
0.042527843
0.042527843
0.042527843
0.042527843
0.042527843
0.042527843
0.042527843
0.042527843
0.042527843
0.042527843
0.042527843
0.042527843
0.042527843
0.042527843
0.042527843
0.042527843
0.042527843
0.042527843
0.042527843
0.042527843
0.042527843
0.042527843
0.042527843
0.042527843
0.042527843
0.042527843
0.042527843
0.042527843
0.042527843
0.042527843
0.042527843
0.042527843
0.042527843
0.042527843
0.042527843
0.042527843
0.042527843
0.042527843
0.042527843
0.042527843
0.042527843
0.042527843
0.042527843
0.042527843
0.042527843
0.042527843
0.042527843
0.042527843
0.042527843
0.042527843
0.042527843
0.042527843
0.042527843
0.042527843
0.042527843
0.042527843
0.042527843
0.042527843
0.042527843
0.042527843
0.042527843
0.042527843
0.042527843
0.042527843
0.042527843
0.042527843
0.042527843
0.042527843
0.042527843
0.042527843
0.042527843
0.042527843
0.042527843
0.042527843
0.042527843
0.042527843
0.042527843
0.042527843
0.04226982
0.04172365
0.04172365
0.041642014
0.041642014
0.041642014
0.041642014
0.041504856
0.04111962
0.04042731
0.04042731
0.04042731
0.04042731
0.04042731
0.04042731
0.04042731
0.04042731
0.04042731
0.04042731
0.04042731
0.04042731
0.04042731
0.04042731
0.04042731
0.04042731
0.04042731
0.04042731
0.04042731
0.04042731
0.04042731
0.04042731
0.04042731
0.04042731
0.04042731
0.04042731
0.04042731
0.04042731
0.04042731
0.04042731
0.04042731
0.04042731
0.04042731
0.04042731
0.04042731
0.04042731
0.04042731
0.04042731
0.04042731
0.04042731
0.04042731
0.04042731
0.04042731
0.04042731
0.04042731
0.04042731
0.04042731
0.04042731
0.04042731
0.04042731
0.04042731
0.04042731
0.04042731
0.04042731
0.04042731
0.04042731
0.04042731
0.04042731
0.04042731
0.04042731
0.04042731
0.04042731
0.04042731
0.04042731
0.04042731
0.04042731
0.04042731
0.04042731
0.04042731
0.04042731
0.04042731
0.04042731
0.04042731
0.04042731
0.039755635
0.039470296
0.039470296
0.039470296
0.039470296
0.039470296
0.039470296
0.039470296
0.039470296
0.039470296
0.039470296
0.039470296
0.039470296
0.039470296
0.039470296
0.039470296
0.039470296
0.039470296
0.039470296
0.039470296
0.039470296
0.039470296
0.039470296
0.039470296
0.039470296
0.039470296
0.039470296
0.039470296
0.039470296
0.039470296
0.039470296
0.039470296
0.039470296
0.039470296
0.039470296
0.039470296
0.039470296
0.039470296
0.039470296
0.039470296
0.039470296
0.039470296
0.039470296
0.039470296
0.039470296
0.039470296
0.039470296
0.039470296
0.039470296
0.039470296
0.039470296
0.039470296
0.039470296
0.039470296
0.039470296
0.039470296
0.039470296
0.039470296
0.039470296
0.039470296
0.039470296
0.039470296
0.039470296
0.039470296
0.039470296
0.039470296
0.039470296
0.039470296
0.039470296
0.039470296
0.039470296
0.039470296
0.0390279
0.0390279
0.0390279
0.0390279
0.0390279
0.0390279
0.0390279
0.0390279
0.0390279
0.0390279
0.0390279
0.0390279
0.0390279
0.0390279
0.0390279
0.0390279
0.0390279
0.0390279
0.0390279
0.0390279
0.0390279
0.0390279
0.0390279
0.0390279
0.0390279
0.0390279
0.0390279
0.0390279
0.0390279
0.0390279
0.0390279
0.0390279
0.0390279
0.0390279
0.0390279
0.0390279
0.0390279
0.0390279
0.0390279
0.0390279
0.0390279
0.0390279
0.0390279
0.0390279
0.0390279
0.0390279
0.0390279
0.0390279
0.0390279
0.0390279
0.0390279
0.0390279
0.0390279
0.0390279
0.0390279
0.0390279
0.0390279
0.0390279
0.0390279
0.0390279
0.0390279
0.0390279
0.0390279
0.0390279
0.0390279
0.0390279
0.0390279
0.0390279
0.0390279
0.0390279
0.0390279
0.0390279
0.0390279
0.0390279
0.0390279
0.0390279
0.0390279
0.0390279
0.0390279
0.0390279
0.0390279
0.0390279
0.0390279
0.0390279
0.0390279
0.0390279
0.0390279
0.0390279
0.0390279
0.0390279
0.0390279
0.0390279
0.0390279
0.0390279
0.0390279
0.0390279
0.0390279
0.0390279
0.0390279
0.0390279
0.0390279
0.0390279
0.0390279
0.0390279
0.0390279
0.0390279
0.0390279
0.0390279
0.0390279
0.0390279
0.0390279
0.0390279
0.0390279
0.0390279
0.0390279
0.0390279
0.0390279
0.0390279
0.0390279
0.0390279
0.0390279
0.0390279
0.0390279
0.0390279
0.0390279
0.0390279
0.0390279
0.0390279
0.0390279
0.0390279
0.0390279
0.0390279
0.0390279
0.0390279
0.0390279
0.0390279
0.0390279
0.0390279
0.0390279
0.0390279
0.0390279
0.0390279
0.0390279
0.0390279
0.0390279
0.0390279
0.0390279
0.0390279
0.0390279
0.0390279
0.0390279
0.0390279
0.0390279
0.0390279
0.038615268
0.03821712
0.03821712
0.03821712
0.03821712
0.03821712
0.03821712
0.03821712
0.03821712
0.03821712
0.03821712
0.03821712
0.03821712
0.03821712
0.03821712
0.03821712
0.03821712
0.03821712
0.03821712
0.03821712
0.03821712
0.03821712
0.03821712
0.03821712
0.03821712
0.03821712
0.03821712
0.03821712
0.03821712
0.03821712
0.03821712
0.03821712
0.03821712
0.03821712
0.03821712
0.03821712
0.03821712
0.03821712
0.03821712
0.03821712
0.03821712
0.03821712
0.03821712
0.03821712
0.03821712
0.03821712
0.03821712
0.03821712
0.03821712
0.03821712
0.03821712
0.03821712
0.03821712
0.03821712
0.03821712
0.03821712
0.03821712
0.03821712
0.03821712
0.03821712
0.03821712
0.03821712
0.03821712
0.03821712
0.03821712
0.03821712
0.03821712
0.03821712
0.03821712
0.03821712
0.03821712
0.03821712
0.03821712
0.03821712
0.03821712
0.03821712
0.03821712
0.03821712
0.03821712
0.03821712
0.03821712
0.03821712
0.03821712
0.03821712
0.03821712
0.03821712
0.03821712
0.03821712
0.03821712
0.03821712
0.03821712
0.03821712
0.03821712
0.03821712
0.03821712
0.03821712
0.03821712
0.03821712
0.03821712
0.03821712
0.03821712
0.03821712
0.03821712
0.03821712
0.03821712
0.03821712
0.03821712
0.03821712
0.03821712
0.038140837
0.038140837
0.038140837
0.038140837
0.038140837
0.038140837
0.038140837
0.038140837
0.038140837
0.038140837
0.038140837
0.038140837
0.038106974
0.038106974
0.037992984
0.03797995
0.0376274
0.0376274
0.0376274
0.037608877
0.03758531
0.037548468
0.037548468
0.037548468
0.03742269
0.03742269
0.03742269
0.03742269
0.03742269
0.03742269
0.03742269
0.037314843
0.036989722
0.036778513
0.036635973
0.036635973
0.03604152
0.03604152
0.035989553
0.035989553
0.035989553
0.035989553
0.035989553
0.035857398
0.035857398
0.035857398
0.035857398
0.035857398
0.035857398
0.035857398
0.035857398
0.035857398
0.035857398
0.035857398
0.035857398
0.035857398
0.035857398
0.035857398
0.035857398
0.035857398
0.035857398
0.035857398
0.035857398
0.035857398
0.035857398
0.035857398
0.035857398
0.035857398
0.035857398
0.035857398
0.035857398
0.035857398
0.035857398
0.035857398
0.035857398
0.035857398
0.035857398
0.035857398
0.035857398
0.035857398
0.035857398
0.035857398
0.035857398
0.035857398
0.035857398
0.035857398
0.035857398
0.035857398
0.035857398
0.035857398
0.035857398
0.035857398
0.035857398
0.035857398
0.035857398
0.035857398
0.035857398
0.035857398
0.035857398
0.035857398
0.035857398
0.035857398
0.035857398
0.035857398
0.035857398
0.035857398
0.035857398
0.035857398
0.035857398
0.035857398
0.035857398
0.035857398
0.035857398
0.035857398
0.035857398
0.035857398
0.035857398
0.035857398
0.035857398
0.035857398
0.035857398
0.035857398
0.035857398
0.035857398
0.035857398
0.035857398
0.035857398
0.035857398
0.035857398
0.035857398
0.035857398
0.035857398
0.035857398
0.035857398
0.035857398
0.035857398
0.035857398
0.035857398
0.035857398
0.035857398
0.035857398
0.035857398
0.035857398
0.035857398
0.035857398
0.035857398
0.035857398
0.035857398
0.035857398
0.035857398
0.035857398
0.035857398
0.035857398
0.035857398
0.035857398
0.035857398
0.035857398
0.035857398
0.035857398
0.035857398
0.035857398
0.035857398
0.035857398
0.035857398
0.035857398
0.035857398
0.035857398
0.035857398
0.035857398
0.035857398
0.035857398
0.035857398
0.035570152
0.035458546
0.035350516
0.035098735
0.03472846
0.034658734
0.03435724
0.03435724
0.03435724
0.03435724
0.03435724
0.03435724
0.03435724
0.03435724
0.03435724
0.03435724
0.03435724
0.03435724
0.03435724
0.03435724
0.03435724
0.03435724
0.03435724
0.03435724
0.03435724
0.03435724
0.03435724
0.03435724
0.03435724
0.03435724
0.03435724
0.03435724
0.03435724
0.03435724
0.03435724
0.03435724
0.03435724
0.03435724
0.03435724
0.03435724
0.03435724
0.03435724
0.03435724
0.03435724
0.03435724
0.03435724
0.03435724
0.03435724
0.03435724
0.03435724
0.03435724
0.03435724
0.03435724
0.03435724
0.03435724
0.03435724
0.03435724
0.03435724
0.03435724
0.03435724
0.03435724
0.03435724
0.03435724
0.03435724
0.03435724
0.03435724
0.03435724
0.03435724
0.03435724
0.03435724
0.03435724
0.03435724
0.03435724
0.034310225
0.034310225
0.034310225
0.034310225
0.034310225
0.034310225
0.034310225
0.034310225
0.034310225
0.034310225
0.034310225
0.034310225
0.034310225
0.034310225
0.034310225
0.034310225
0.034310225
0.034310225
0.034310225
0.034310225
0.034310225
0.034310225
0.034310225
0.034310225
0.034310225
0.034310225
0.034310225
0.034310225
0.034310225
0.034310225
0.034310225
0.034310225
0.034310225
0.034310225
0.034310225
0.034310225
0.034310225
0.034310225
0.034310225
0.034310225
0.034310225
0.034310225
0.034310225
0.034310225
0.034310225
0.034310225
0.034310225
0.034310225
0.034310225
0.034310225
0.034310225
0.034310225
0.034310225
0.034310225
0.034310225
0.034310225
0.034310225
0.034310225
0.034310225
0.034310225
0.034310225
0.034310225
0.034310225
0.034310225
0.034310225
0.034310225
0.034310225
0.034310225
0.034310225
0.034310225
0.034310225
0.034310225
0.034310225
0.034310225
0.034310225
0.034310225
0.034310225
0.034310225
0.034310225
0.034310225
0.034310225
0.034310225
0.034310225
0.034310225
0.034310225
0.034310225
0.034310225
0.034310225
0.034310225
0.034310225
0.034310225
0.034310225
0.034310225
0.034310225
0.034310225
0.034310225
0.034310225
0.034310225
0.034310225
0.034310225
0.034310225
0.034310225
0.034310225
0.034310225
0.034310225
0.034310225
0.034310225
0.034310225
0.034310225
0.034310225
0.034310225
0.034310225
0.034310225
0.034310225
0.034310225
0.034310225
0.034310225
0.034310225
0.034310225
0.034310225
0.034300312
0.034300312
0.034300312
0.034300312
0.034300312
0.034300312
0.034300312
0.034300312
0.034300312
0.034300312
0.034300312
0.034300312
0.034300312
0.034300312
0.034300312
0.034300312
0.034300312
0.034300312
0.034300312
0.034300312
0.034300312
0.034300312
0.034300312
0.034300312
0.034300312
0.034300312
0.034300312
0.034300312
0.034300312
0.034300312
0.034300312
0.034300312
0.034300312
0.034300312
0.034300312
0.034300312
0.034300312
0.034300312
0.034300312
0.034300312
0.034300312
0.034300312
0.034300312
0.034300312
0.034300312
0.034300312
0.034300312
0.034300312
0.034300312
0.034300312
0.034300312
0.034300312
0.034300312
0.034300312
0.034300312
0.034300312
0.034300312
0.034300312
0.034300312
0.034300312
0.034300312
0.034300312
0.034300312
0.034300312
0.034300312
0.034300312
0.034300312
0.034300312
0.034300312
0.034300312
0.034300312
0.034300312
0.034300312
0.034300312
0.034300312
0.034300312
0.034300312
0.034300312
0.034300312
0.034300312
0.034300312
0.034300312
0.034300312
0.034300312
0.034300312
0.034300312
0.034300312
0.034300312
0.034300312
0.034300312
0.034300312
0.034300312
0.034300312
0.034300312
0.034300312
0.034300312
0.034300312
0.034300312
0.034300312
0.034300312
0.034300312
0.034300312
0.034300312
0.034300312
0.034300312
0.034300312
0.034300312
0.034300312
0.034300312
0.034300312
0.034300312
0.034300312
0.034300312
0.034300312
0.034300312
0.034300312
0.034300312
0.034300312
0.034300312
0.034300312
0.034300312
0.034300312
0.034300312
0.034300312
0.034300312
0.034300312
0.034300312
0.034300312
0.034300312
0.034300312
0.034300312
0.034300312
0.034300312
0.034300312
0.034300312
0.034300312
0.034300312
0.034300312
0.034300312
0.034300312
0.034300312
0.034300312
0.034300312
0.034300312
0.034300312
0.034300312
0.034300312
0.034300312
0.034300312
0.034300312
0.034300312
0.034300312
0.034300312
0.034300312
0.034300312
0.034300312
0.034300312
0.034300312
0.034300312
0.034300312
0.034300312
0.034300312
0.034300312
0.034300312
0.034300312
0.034300312
0.034300312
0.034300312
0.034300312
0.034300312
0.034300312
0.034300312
0.034300312
0.034300312
0.034300312
0.034300312
0.034300312
0.034300312
0.034300312
0.034300312
0.034300312
0.034300312
0.034300312
0.034300312
0.034300312
0.034300312
0.034300312
0.034300312
0.034300312
0.034300312
0.034300312
0.034300312
0.034300312
0.034300312
0.034300312
0.034300312
0.034300312
0.034300312
0.034300312
0.034300312
0.034300312
0.034300312
0.034300312
0.034300312
0.034300312
0.034300312
0.034300312
0.034300312
0.034300312
0.034300312
0.034300312
0.034300312
0.034300312
0.034300312
0.034300312
0.034300312
0.034300312
0.034300312
0.034300312
0.034300312
0.034300312
0.034300312
0.034300312
0.034300312
0.034300312
0.034300312
0.034300312
0.034300312
0.034300312
0.034300312
0.034300312
0.034300312
0.034300312
0.034300312
0.034300312
0.034300312
0.034300312
0.034300312
0.034300312
0.034300312
0.034300312
0.034300312
0.034300312
0.034300312
0.034300312
0.034300312
0.034300312
0.034300312
0.034300312
0.034300312
0.034300312
0.034300312
0.034300312
0.034300312
0.03401328
0.03401328
0.03401328
0.03401328
0.033817016
0.033697926
0.033697926
0.033584613
0.033584613
0.033584613
0.033584613
0.033584613
0.033584613
0.033584613
0.033584613
0.033584613
0.033584613
0.033584613
0.033584613
0.033584613
0.033584613
0.033584613
0.033584613
0.033584613
0.033584613
0.033584613
0.033584613
0.033584613
0.033584613
0.033584613
0.033584613
0.033584613
0.033584613
0.033584613
0.033584613
0.033584613
0.033584613
0.033584613
0.033584613
0.033584613
0.033584613
0.033584613
0.033584613
0.033584613
0.033584613
0.033584613
0.033584613
0.033584613
0.033584613
0.033584613
0.033584613
0.033584613
0.033584613
0.033584613
0.033584613
0.033584613
0.033584613
0.033584613
0.033584613
0.033584613
0.033584613
0.033584613
0.033584613
0.033584613
0.033584613
0.033584613
0.033584613
0.033584613
0.033584613
0.033584613
0.033584613
0.033584613
0.033584613
0.033584613
0.033584613
0.033584613
0.033584613
0.033584613
0.033584613
0.033584613
0.033584613
0.033584613
0.033584613
0.033584613
0.033584613
0.033584613
0.033584613
0.033584613
0.033584613
0.033584613
0.033584613
0.033584613
0.033584613
0.033584613
0.033584613
0.033584613
0.033584613
0.033584613
0.033584613
0.033584613
0.033584613
0.033584613
0.033584613
0.033584613
0.033584613
0.033584613
0.033584613
0.033584613
0.033584613
0.033584613
0.033584613
0.033584613
0.033584613
0.033584613
0.033584613
0.033584613
0.033584613
0.033584613
0.033584613
0.033584613
0.033584613
0.033584613
0.033584613
0.033584613
0.033584613
0.033584613
0.033584613
0.033584613
0.033584613
0.033584613
0.033584613
0.033584613
0.033584613
0.033584613
0.033584613
0.033584613
0.033584613
0.033584613
0.033584613
0.033584613
0.033584613
0.033584613
0.033584613
0.033584613
0.033584613
0.033584613
0.033584613
0.033584613
0.033584613
0.033584613
0.033584613
0.033584613
0.033584613
0.033584613
0.033584613
0.033584613
0.033584613
0.033584613
0.033584613
0.033584613
0.033584613
0.033584613
0.033584613
0.033584613
0.033584613
0.033584613
0.033584613
0.033584613
0.033584613
0.033584613
0.033584613
0.033584613
0.033584613
0.033584613
0.033584613
0.033584613
0.033584613
0.033584613
0.033584613
0.033584613
0.033584613
0.033584613
0.033584613
0.033584613
0.033584613
0.033584613
0.033584613
0.033584613
0.033584613
0.033366878
0.033366878
0.033366878
0.033366878
0.033366878
0.033366878
0.033366878
0.033366878
0.033366878
0.033366878
0.033366878
0.033366878
0.033366878
0.033291217
0.033278976
0.033278976
0.033278976
0.033278976
0.033278976
0.033278976
0.033278976
0.033278976
0.033278976
0.033278976
0.033278976
0.033278976
0.033278976
0.033278976
0.033278976
0.033278976
0.033278976
0.033278976
0.033278976
0.033278976
0.033278976
0.033278976
0.033278976
0.033278976
0.033278976
0.033278976
0.033278976
0.033278976
0.033278976
0.033278976
0.033278976
0.033278976
0.033278976
0.033278976
0.033278976
0.033278976
0.033278976
0.033278976
0.033278976
0.033278976
0.033278976
0.033278976
0.033278976
0.033278976
0.033278976
0.033278976
0.033278976
0.033278976
0.033278976
0.033278976
0.033278976
0.033278976
0.033278976
0.033278976
0.033278976
0.033278976
0.033278976
0.033278976
0.033278976
0.033278976
0.033278976
0.033278976
0.033278976
0.033278976
0.033278976
0.033278976
0.033278976
0.033278976
0.033278976
0.033278976
0.033278976
0.033278976
0.033278976
0.033278976
0.033278976
0.033278976
0.033278976
0.033278976
0.033278976
0.033278976
0.033278976
0.033278976
0.033278976
0.033278976
0.033278976
0.033278976
0.033278976
0.033278976
0.033278976
0.033278976
0.033278976
0.033278976
0.033278976
0.033278976
0.033278976
0.033278976
0.033278976
0.033278976
0.033278976
0.033278976
0.033278976
0.033278976
0.033278976
0.033278976
0.033278976
0.033278976
0.033278976
0.033278976
0.033278976
0.033278976
0.033278976
0.033278976
0.033278976
0.033278976
0.033278976
0.033278976
0.033278976
0.033278976
0.033278976
0.033278976
0.033277653
0.033277653
0.033277653
0.033277653
0.033277653
0.033277653
0.033277653
0.033277653
0.033277653
0.033277653
0.033277653
0.033277653
0.033277653
0.033277653
0.033277653
0.033277653
0.033277653
0.033277653
0.033277653
0.033277653
0.033277653
0.033277653
0.033277653
0.033277653
0.033277653
0.033277653
0.033277653
0.033277653
0.033277653
0.033277653
0.033277653
0.033277653
0.033277653
0.033277653
0.033277653
0.033277653
0.033277653
0.033277653
0.033277653
0.033277653
0.033277653
0.033277653
0.033277653
0.033277653
0.033277653
0.033277653
0.033277653
0.033277653
0.033277653
0.033277653
0.033277653
0.033277653
0.033277653
0.033277653
0.033277653
0.033277653
0.033277653
0.033277653
0.033277653
0.033277653
0.033277653
0.033277653
0.033277653
0.033277653
0.033277653
0.033277653
0.033277653
0.033277653
0.033277653
0.033277653
0.033277653
0.033277653
0.033277653
0.033277653
0.033277653
0.033277653
0.033277653
0.033277653
0.033277653
0.033277653
0.033277653
0.033277653
0.033277653
0.033277653
0.033277653
0.033277653
0.033277653
0.033277653
0.033277653
0.033277653
0.033277653
0.033277653
0.033277653
0.033277653
0.033277653
0.033277653
0.033277653
0.033277653
0.033277653
0.033277653
0.033277653
0.033277653
0.033277653
0.033277653
0.033277653
0.033277653
0.033277653
0.033277653
0.033277653
0.033277653
0.033277653
0.033277653
0.033277653
0.033277653
0.033277653
0.033277653
0.033277653
0.033277653
0.033277653
0.033277653
0.033277653
0.033277653
0.033277653
0.033277653
0.033277653
0.033277653
0.033277653
0.033277653
0.033277653
0.033277653
0.033277653
0.033277653
0.033277653
0.033277653
0.033277653
0.033277653
0.033277653
0.033277653
0.033277653
0.033277653
0.033277653
0.033277653
0.033277653
0.033277653
0.033277653
0.033277653
0.033277653
0.033277653
0.033277653
0.033277653
0.033277653
0.033133354
0.032996383
0.032945197
0.03263569
0.032617893
0.032617893
0.032617893
0.032617893
0.032617893
0.032617893
0.032617893
0.032617893
0.032617893
0.032617893
0.032617893
0.032617893
0.032617893
0.032617893
0.032617893
0.032617893
0.032617893
0.032617893
0.032617893
0.032617893
0.032617893
0.032617893
0.032617893
0.032617893
0.032617893
0.032617893
0.032617893
0.032617893
0.032617893
0.032617893
0.032617893
0.032617893
0.032617893
0.032617893
0.032617893
0.032617893
0.032617893
0.032617893
0.032617893
0.032617893
0.032617893
0.032617893
0.032617893
0.032617893
0.032617893
0.032617893
0.032617893
0.032617893
0.032617893
0.032617893
0.032617893
0.032617893
0.032617893
0.032617893
0.032617893
0.032617893
0.032617893
0.032617893
0.032617893
0.032617893
0.032617893
0.032617893
0.032617893
0.032617893
0.032617893
0.032617893
0.032617893
0.032617893
0.032617893
0.032617893
0.032617893
0.032617893
0.032617893
0.032617893
0.032617893
0.032617893
0.032617893
0.032617893
0.032617893
0.032617893
0.032617893
0.032617893
0.032617893
0.032617893
0.032617893
0.032617893
0.032617893
0.032617893
0.032617893
0.032617893
0.032617893
0.032617893
0.032617893
0.032617893
0.032617893
0.032617893
0.032617893
0.032617893
0.032617893
0.032617893
0.032617893
0.032617893
0.032617893
0.032617893
0.032617893
0.032617893
0.032617893
0.032617893
0.032617893
0.032617893
0.032617893
0.032617893
0.032617893
0.032617893
0.032617893
0.032617893
0.032617893
0.032617893
0.032617893
0.032617893
0.032617893
0.032617893
0.032617893
0.032617893
0.032617893
0.032617893
0.032617893
0.032617893
0.032617893
0.032617893
0.032617893
0.032617893
0.032617893
0.032617893
0.032617893
0.032617893
0.032617893
0.032617893
0.032617893
0.032617893
0.032617893
0.032617893
0.032617893
0.032617893
0.032617893
0.032617893
0.032617893
0.032617893
0.032617893
0.032617893
0.032617893
0.032617893
0.032617893
0.032617893
0.032617893
0.032617893
0.032617893
0.032617893
0.032569546
0.032391492
0.032017905
0.032017905
0.031907674
0.03179021
0.03157527
0.031527475
0.030940017
0.030853746
0.03069714
0.030534854
0.030512925
0.030300513
0.02998698
0.02998698
0.02998698
0.02998698
0.02998698
0.02998698
0.02998698
0.02998698
0.02998698
0.02998698
0.02998698
0.02998698
0.02998698
0.02998698
0.02998698
0.02998698
0.02998698
0.02998698
0.02998698
0.02998698
0.02998698
0.02998698
0.02998698
0.02998698
0.02998698
0.02998698
0.02998698
0.02998698
0.02998698
0.02998698
0.02998698
0.02998698
0.02998698
0.02998698
0.02998698
0.02998698
0.02998698
0.02998698
0.02998698
0.02998698
0.02998698
0.02998698
0.02998698
0.02998698
0.02998698
0.02998698
0.02998698
0.02998698
0.02998698
0.02998698
0.02998698
0.02998698
0.02998698
0.02998698
0.02998698
0.02998698
0.02998698
0.02998698
0.02998698
0.02998698
0.02998698
0.02998698
0.02998698
0.02998698
0.02998698
0.02998698
0.02998698
0.02998698
0.02998698
0.02998698
0.02998698
0.02998698
0.02998698
0.02998698
0.02998698
0.02998698
0.02998698
0.02998698
0.02998698
0.02998698
0.02998698
0.02998698
0.02998698
0.02998698
0.02998698
0.02998698
0.02998698
0.02998698
0.02998698
0.02998698
0.02998698
0.02998698
0.02998698
0.02998698
0.02998698
0.02998698
0.02998698
0.02998698
0.02998698
0.02998698
0.02998698
0.02998698
0.02998698
0.02998698
0.02998698
0.02998698
0.02998698
0.02998698
0.02998698
0.02998698
0.02998698
0.02998698
0.02998698
0.02998698
0.02998698
0.02998698
0.02998698
0.02998698
0.02998698
0.02998698
0.02998698
0.02998698
0.02998698
0.02998698
0.02998698
0.02998698
0.02998698
0.02998698
0.02998698
0.02998698
0.02998698
0.02998698
0.02998698
0.02998698
0.02998698
0.02998698
0.02998698
0.02998698
0.02998698
0.02998698
0.02998698
0.02998698
0.02998698
0.02998698
0.02998698
0.02998698
0.02998698
0.02998698
0.02998698
0.02998698
0.02998698
0.02998698
0.02998698
0.02998698
0.02998698
0.02998698
0.02998698
0.02998698
0.02998698
0.02998698
0.02998698
0.02998698
0.02998698
0.02998698
0.02998698
0.02998698
0.02998698
0.02998698
0.02998698
0.02998698
0.02998698
0.02998698
0.02998698
0.02998698
0.02998698
0.02998698
0.02998698
0.02998698
0.02998698
0.02998698
0.02998698
0.02998698
0.02998698
0.02998698
0.02998698
0.02998698
0.02998698
0.02998698
0.02998698
0.02998698
0.02998698
0.02998698
0.02998698
0.02998698
0.02998698
0.02998698
0.02998698
0.02998698
0.02998698
0.02998698
0.02998698
0.02998698
0.02998698
0.02998698
0.02998698
0.02998698
0.02998698
0.02998698
0.02998698
0.02998698
0.02998698
0.02998698
0.02998698
0.02998698
0.02998698
0.02998698
0.02998698
0.02998698
0.02998698
0.02998698
0.02998698
0.02998698
0.02998698
0.02998698
0.02998698
0.02998698
0.02998698
0.02998698
0.02998698
0.02998698
0.02998698
0.02998698
0.02998698
0.02998698
0.02998698
0.02998698
0.02998698
0.02998698
0.02998698
0.02998698
0.02998698
0.02998698
0.02998698
0.02998698
0.02998698
0.02998698
0.02998698
0.02998698
0.02998698
0.02998698
0.02998698
0.029972002
0.029947938
0.029846532
0.029459907
0.029239297
0.029157376
0.029014304
0.028966311
0.028955158
0.028933804
0.028923053
0.028923053
0.028923053
0.028923053
0.028923053
0.028923053
0.028923053
0.028923053
0.028923053
0.028923053
0.028923053
0.028923053
0.028923053
0.028923053
0.028923053
0.028923053
0.028923053
0.028923053
0.028923053
0.028923053
0.028923053
0.028923053
0.028923053
0.028923053
0.028923053
0.028923053
0.028923053
0.028923053
0.028923053
0.028923053
0.028923053
0.028923053
0.028923053
0.028923053
0.028923053
0.028923053
0.028923053
0.028923053
0.028923053
0.028923053
0.028923053
0.028923053
0.028923053
0.028923053
0.028923053
0.028923053
0.028923053
0.028923053
0.028923053
0.028923053
0.028923053
0.028923053
0.028923053
0.028923053
0.028923053
0.028923053
0.028923053
0.028923053
0.028923053
0.028923053
0.028923053
0.028923053
0.028923053
0.028923053
0.028923053
0.028923053
0.028923053
0.028923053
0.028923053
0.028923053
0.028923053
0.028923053
0.028923053
0.028923053
0.028923053
0.028923053
0.028923053
0.028923053
0.028923053
0.028923053
0.028923053
0.028923053
0.028923053
0.028923053
0.028923053
0.028923053
0.028923053
0.028923053
0.028923053
0.028923053
0.028923053
0.028923053
0.028923053
0.028923053
0.028923053
0.028923053
0.028923053
0.028923053
0.028923053
0.028923053
0.028923053
0.028923053
0.028923053
0.028923053
0.028923053
0.028923053
0.028923053
0.028923053
0.028923053
0.028923053
0.028923053
0.028923053
0.028923053
0.028923053
0.028923053
0.028923053
0.028923053
0.028923053
0.028923053
0.028923053
0.028923053
0.028923053
0.028923053
0.028923053
0.028923053
0.028923053
0.028923053
0.028923053
0.028923053
0.028923053
0.028923053
0.028923053
0.028923053
0.028923053
0.028923053
0.028923053
0.028923053
0.028923053
0.028923053
0.028923053
0.028923053
0.028923053
0.028923053
0.028923053
0.028923053
0.028923053
0.028923053
0.028923053
0.028923053
0.028923053
0.028923053
0.028923053
0.028923053
0.028923053
0.028923053
0.028923053
0.028923053
0.028923053
0.028923053
0.028923053
0.028923053
0.028923053
0.028923053
0.028923053
0.028923053
0.028923053
0.028923053
0.028923053
0.028923053
0.028923053
0.028923053
0.028923053
0.028923053
0.028923053
0.028923053
0.028761048
0.028761048
0.028761048
0.028761048
0.028761048
0.028761048
0.028761048
0.028761048
0.028761048
0.028761048
0.028761048
0.028761048
0.028761048
0.028761048
0.028761048
0.028761048
0.028761048
0.028761048
0.028761048
0.028761048
0.028761048
0.028761048
0.028761048
0.028761048
0.028761048
0.028761048
0.028761048
0.028761048
0.028761048
0.028761048
0.028761048
0.028761048
0.028761048
0.028761048
0.028761048
0.028761048
0.028761048
0.028761048
0.028761048
0.028761048
0.028761048
0.028761048
0.028761048
0.028761048
0.028761048
0.028761048
0.028761048
0.028761048
0.028761048
0.028761048
0.028761048
0.028761048
0.028761048
0.028761048
0.028761048
0.028761048
0.028761048
0.028761048
0.028761048
0.028761048
0.028761048
0.028761048
0.028761048
0.028761048
0.028761048
0.028761048
0.028761048
0.028761048
0.028761048
0.028761048
0.028761048
0.028761048
0.028761048
0.028761048
0.028761048
0.028761048
0.028761048
0.028761048
0.028761048
0.028761048
0.028761048
0.028761048
0.028761048
0.028761048
0.028761048
0.028761048
0.028761048
0.028761048
0.028761048
0.028761048
0.028761048
0.028761048
0.028761048
0.028761048
0.028761048
0.028761048
0.028761048
0.028761048
0.028761048
0.028761048
0.028761048
0.028761048
0.028761048
0.028761048
0.028761048
0.028761048
0.028761048
0.028761048
0.028761048
0.028761048
0.028761048
0.028761048
0.028761048
0.028761048
0.028761048
0.028761048
0.028761048
0.028761048
0.028761048
0.028761048
0.028761048
0.028761048
0.028761048
0.028761048
0.028761048
0.028761048
0.028761048
0.028761048
0.028761048
0.028761048
0.028761048
0.028761048
0.028761048
0.028761048
0.028761048
0.028761048
0.028761048
0.028761048
0.028761048
0.028761048
0.028761048
0.028761048
0.028761048
0.028761048
0.028761048
0.028761048
0.028761048
0.028761048
0.028761048
0.028761048
0.028761048
0.028761048
0.028761048
0.028761048
0.028761048
0.028761048
0.028761048
0.028761048
0.028761048
0.028761048
0.028761048
0.028761048
0.028761048
0.028761048
0.028761048
0.028761048
0.028761048
0.028761048
0.028761048
0.028718315
0.028718315
0.028718315
0.028718315
0.028663542
0.028459666
0.028386306
0.028386306
0.028386306
0.028386306
0.028344842
0.028322747
0.02816483
0.028110964
0.028010972
0.027941847
0.027941847
0.027916448
0.02783397
0.02778497
0.02775644
0.027748456
0.02772434
0.02772434
0.027551292
0.02742544
0.02742544
0.02742544
0.02742544
0.02742544
0.02742544
0.02742544
0.02742544
0.02742544
0.02742544
0.02742544
0.02742544
0.02742544
0.02742544
0.02742544
0.02742544
0.02742544
0.02742544
0.02742544
0.02742544
0.02742544
0.02742544
0.02742544
0.02742544
0.02742544
0.02742544
0.02742544
0.02742544
0.02742544
0.02742544
0.02742544
0.02742544
0.02742544
0.02742544
0.02742544
0.02742544
0.02742544
0.02742544
0.02742544
0.02742544
0.02742544
0.02742544
0.02742544
0.02742544
0.02742544
0.02742544
0.02742544
0.02742544
0.02742544
0.02742544
0.02742544
0.02742544
0.02742544
0.02742544
0.02742544
0.02742544
0.02742544
0.02742544
0.02742544
0.02742544
0.02742544
0.02742544
0.02742544
0.02742544
0.02742544
0.02742544
0.02742544
0.02742544
0.02742544
0.02742544
0.02742544
0.02742544
0.02742544
0.02742544
0.02742544
0.02742544
0.02742544
0.02742544
0.02742544
0.02742544
0.02742544
0.02742544
0.02742544
0.02742544
0.02742544
0.02742544
0.02742544
0.02742544
0.02742544
0.02742544
0.02742544
0.02742544
0.02742544
0.02742544
0.02742544
0.02742544
0.02742544
0.02742544
0.02742544
0.02742544
0.02742544
0.02742544
0.02742544
0.02742544
0.02742544
0.02742544
0.02742544
0.02742544
0.02742544
0.02742544
0.02742544
0.02742544
0.02742544
0.02742544
0.02742544
0.02742544
0.02742544
0.02742544
0.02742544
0.02742544
0.02742544
0.02742544
0.02742544
0.02742544
0.02742544
0.02742544
0.027287152
0.027170101
0.027170101
0.027170101
0.027170101
0.027170101
0.027170101
0.027170101
0.027170101
0.027170101
0.027170101
0.027107015
0.02699202
0.026935028
0.026740514
0.026656058
0.026576845
0.026576845
0.0264779
0.0264779
0.026421286
0.026273642
0.02614424
0.026121318
0.026012959
0.026007729
0.02591151
0.025822587
0.025750522
0.02557625
0.025423396
0.025423396
0.025386266
0.025218243
0.025218243
0.025218243
0.025218243
0.025218243
0.025218243
0.025218243
0.025218243
0.025218243
0.025218243
0.025218243
0.025218243
0.025218243
0.025218243
0.025218243
0.025218243
0.025218243
0.025218243
0.025218243
0.025218243
0.025218243
0.025218243
0.025218243
0.025218243
0.025218243
0.025218243
0.025218243
0.025218243
0.025218243
0.025218243
0.025218243
0.025218243
0.025218243
0.025218243
0.025218243
0.025218243
0.025218243
0.025218243
0.025218243
0.025218243
0.025218243
0.025218243
0.025218243
0.025218243
0.025218243
0.025218243
0.025218243
0.025218243
0.025218243
0.025218243
0.025218243
0.025218243
0.025218243
0.025218243
0.025218243
0.025218243
0.025218243
0.025218243
0.025218243
0.025218243
0.025218243
0.025218243
0.025218243
0.025218243
0.025218243
0.025218243
0.025218243
0.025218243
0.025218243
0.025218243
0.025218243
0.025218243
0.025218243
0.025218243
0.025218243
0.025218243
0.025218243
0.025218243
0.025218243
0.025218243
0.025218243
0.025218243
0.025218243
0.025218243
0.025218243
0.025218243
0.025218243
0.025218243
0.025218243
0.025218243
0.025218243
0.025218243
0.025218243
0.025218243
0.025218243
0.025218243
0.025218243
0.025218243
0.025218243
0.025218243
0.025218243
0.025218243
0.025218243
0.025218243
0.025218243
0.025218243
0.025218243
0.025218243
0.025218243
0.025218243
0.025218243
0.025218243
0.025218243
0.025218243
0.025218243
0.025218243
0.025218243
0.025218243
0.025218243
0.025218243
0.025218243
0.025218243
0.025218243
0.025218243
0.025218243
0.025218243
0.025218243
0.025218243
0.025218243
0.025218243
0.025057035
0.024958443
0.024958443
0.024958443
0.024958443
0.024958443
0.024958443
0.024958443
0.024958443
0.024958443
0.024958443
0.024958443
0.024958443
0.024958443
0.024958443
0.024958443
0.024958443
0.024958443
0.024958443
0.024958443
0.024958443
0.024958443
0.024958443
0.024958443
0.024958443
0.024958443
0.024958443
0.024958443
0.024958443
0.024958443
0.024958443
0.024958443
0.024958443
0.024958443
0.024958443
0.024958443
0.024958443
0.024958443
0.024958443
0.024958443
0.024958443
0.024958443
0.024958443
0.024947068
0.024897648
0.024888024
0.024656843
0.024656843
0.024656843
0.024440825
0.024389675
0.024389477
0.024373822
0.024373822
0.024373822
0.024373822
0.024373822
0.024373822
0.024373822
0.024373822
0.024373822
0.024373822
0.024373822
0.024373822
0.024373822
0.024373822
0.024373822
0.024373822
0.024373822
0.024373822
0.024373822
0.024373822
0.024373822
0.024373822
0.024373822
0.024373822
0.024373822
0.024373822
0.024373822
0.024373822
0.024373822
0.024373822
0.024373822
0.024373822
0.024373822
0.024373822
0.024373822
0.024373822
0.024373822
0.024373822
0.024373822
0.024373822
0.024373822
0.024373822
0.024373822
0.024373822
0.024373822
0.024373822
0.024373822
0.024373822
0.024373822
0.024373822
0.024373822
0.024373822
0.024373822
0.024373822
0.024373822
0.024373822
0.024373822
0.024373822
0.024373822
0.024373822
0.024373822
0.024373822
0.024373822
0.024373822
0.024373822
0.024373822
0.024373822
0.024373822
0.024373822
0.024373822
0.024373822
0.024373822
0.024373822
0.024373822
0.024373822
0.024373822
0.024373822
0.024373822
0.024373822
0.024373822
0.024373822
0.024373822
0.024373822
0.024373822
0.024373822
0.024373822
0.024373822
0.024373822
0.024373822
0.024373822
0.024373822
0.024373822
0.024373822
0.024373822
0.024373822
0.024373822
0.024373822
0.024373822
0.024373822
0.024373822
0.024373822
0.024373822
0.024373822
0.024373822
0.024373822
0.024373822
0.024373822
0.024373822
0.024373822
0.024373822
0.024373822
0.024373822
0.024373822
0.024373822
0.024373822
0.024373822
0.024373822
0.024373822
0.024373822
0.024373822
0.024373822
0.024373822
0.024373822
0.024373822
0.024373822
0.024373822
0.024373822
0.024373822
0.024373822
0.024373822
0.024373822
0.024373822
0.024373822
0.024373822
0.024373822
0.024373822
0.024373822
0.024373822
0.024373822
0.024373822
0.024373822
0.024373822
0.024373822
0.024373822
0.024373822
0.024373822
0.024373822
0.024373822
0.024373822
0.024373822
0.024373822
0.024373822
0.024373822
0.024373822
0.024373822
0.024373822
0.024373822
0.024373822
0.024373822
0.024373822
0.024373822
0.024373822
0.024373822
0.024373822
0.024373822
0.024373822
0.024373822
0.024373822
0.024373822
0.024373822
0.024373822
0.024373822
0.024373822
0.024373822
0.024373822
0.024373822
0.024373822
0.024373822
0.024373822
0.024373822
0.024373822
0.024373822
0.024373822
0.024373822
0.024373822
0.024326108
0.024319177
0.024319177
0.024319177
0.024319177
0.024319177
0.024319177
0.024319177
0.024319177
0.024319177
0.024319177
0.024319177
0.024319177
0.024319177
0.024319177
0.024319177
0.024319177
0.024319177
0.024319177
0.024319177
0.024319177
0.024319177
0.024319177
0.024319177
0.024319177
0.024319177
0.024319177
0.024319177
0.024319177
0.024319177
0.024319177
0.024319177
0.024319177
0.024319177
0.024319177
0.024319177
0.024319177
0.024319177
0.024319177
0.024319177
0.024319177
0.024319177
0.024319177
0.024319177
0.024319177
0.024319177
0.024319177
0.024319177
0.024319177
0.024319177
0.024319177
0.024319177
0.024319177
0.024319177
0.024319177
0.024319177
0.024319177
0.024319177
0.024319177
0.024319177
0.024319177
0.024319177
0.024319177
0.024319177
0.024319177
0.024319177
0.024319177
0.024319177
0.024319177
0.024319177
0.024319177
0.024319177
0.024319177
0.024319177
0.024319177
0.024319177
0.024319177
0.024319177
0.024319177
0.024319177
0.024319177
0.024319177
0.024319177
0.024319177
0.024319177
0.024319177
0.024319177
0.024319177
0.024319177
0.024319177
0.024319177
0.024319177
0.024319177
0.024319177
0.024319177
0.024319177
0.024319177
0.024319177
0.024319177
0.024319177
0.024319177
0.024319177
0.024319177
0.024319177
0.024319177
0.024319177
0.024319177
0.024319177
0.024319177
0.024319177
0.024319177
0.024319177
0.024319177
0.024319177
0.024319177
0.024319177
0.024319177
0.024319177
0.024319177
0.024319177
0.024319177
0.024319177
0.024319177
0.024319177
0.024319177
0.024319177
0.024319177
0.024319177
0.024319177
0.024319177
0.024319177
0.024319177
0.024319177
0.024319177
0.024319177
0.024319177
0.024319177
0.024319177
0.024319177
0.024319177
0.024319177
0.024319177
0.024319177
0.024319177
0.024319177
0.024319177
0.024319177
0.024319177
0.024319177
0.024319177
0.024319177
0.024319177
0.024319177
0.024319177
0.024319177
0.024319177
0.024319177
0.024319177
0.024319177
0.024319177
0.024319177
0.024319177
0.024319177
0.024319177
0.024319177
0.024319177
0.024319177
0.024319177
0.024319177
0.024319177
0.024319177
0.024319177
0.024319177
0.024319177
0.024319177
0.024319177
0.024319177
0.024319177
0.024319177
0.024319177
0.024319177
0.024319177
0.024319177
0.024319177
0.024319177
0.024319177
0.024319177
0.024319177
0.024319177
0.024319177
0.024319177
0.024319177
0.024319177
0.024319177
0.024319177
0.024319177
0.024319177
0.024319177
0.024319177
0.024319177
0.024319177
0.024319177
0.024319177
0.024319177
0.024319177
0.024294628
0.024294628
0.024294628
0.024294628
0.024248902
0.024248902
0.024248902
0.024248902
0.024248902
0.024248902
0.024248902
0.024248902
0.024248902
0.024248902
0.024248902
0.024248902
0.024248902
0.024248902
0.024248902
0.024248902
0.024248902
0.024248902
0.024248902
0.024248902
0.024248902
0.024248902
0.024248902
0.024248902
0.024248902
0.024248902
0.024248902
0.024248902
0.024248902
0.024248902
0.024248902
0.024248902
0.024248902
0.024248902
0.024248902
0.024248902
0.024248902
0.024248902
0.024248902
0.024248902
0.024248902
0.024248902
0.024248902
0.024248902
0.024248902
0.024248902
0.024248902
0.024248902
0.024248902
0.024248902
0.024248902
0.024248902
0.024248902
0.024248902
0.024248902
0.024248902
0.024248902
0.024248902
0.024248902
0.024248902
0.024248902
0.024248902
0.024248902
0.024248902
0.024248902
0.024248902
0.024248902
0.024248902
0.024248902
0.024248902
0.024248902
0.024248902
0.024248902
0.024248902
0.024248902
0.024248902
0.024248902
0.024248902
0.024248902
0.024248902
0.024248902
0.024248902
0.024248902
0.024248902
0.024248902
0.024248902
0.024248902
0.024248902
0.024248902
0.024248902
0.024248902
0.024248902
0.024248902
0.024248902
0.024248902
0.024248902
0.024248902
0.024248902
0.024248902
0.024248902
0.024248902
0.024248902
0.024248902
0.024248902
0.024248902
0.024248902
0.024248902
0.024248902
0.024248902
0.024248902
0.024248902
0.024248902
0.024248902
0.024248902
0.024248902
0.024248902
0.024248902
0.024248902
0.024248902
0.024248902
0.024248902
0.024248902
0.024248902
0.024248902
0.024248902
0.024248902
0.024248902
0.024248902
0.024248902
0.024248902
0.024248902
0.024248902
0.024248902
0.024248902
0.024248902
0.024248902
0.024248902
0.024248902
0.024248902
0.024248902
0.024248902
0.024248902
0.024248902
0.024248902
0.024248902
0.024248902
0.024248902
0.024248902
0.024248902
0.024248902
0.024248902
0.024248902
0.024248902
0.024248902
0.024226304
0.024216132
0.024142345
0.024142345
0.024142345
0.024142345
0.024142345
0.023951083
0.023951083
0.023951083
0.023912825
0.023771646
0.02363376
0.02363376
0.023350997
0.0233378
0.023266055
0.0232585
0.02322329
0.023130419
0.023127588
0.02308473
0.022904338
0.022794647
0.022794647
0.022794647
0.022794647
0.022794647
0.022794647
0.022753017
0.022309398
0.022309398
0.022309398
0.022264855
0.022185955
0.02207489
0.021750018
0.021750018
0.021750018
0.021750018
0.021750018
0.021750018
0.021750018
0.021750018
0.021750018
0.021750018
0.021750018
0.021750018
0.021750018
0.021750018
0.021750018
0.021750018
0.021750018
0.021750018
0.021750018
0.021750018
0.021750018
0.021750018
0.021750018
0.021750018
0.021750018
0.021750018
0.021750018
0.021750018
0.021750018
0.021750018
0.021750018
0.021750018
0.021750018
0.021750018
0.021750018
0.021750018
0.021750018
0.021750018
0.021750018
0.021750018
0.021750018
0.021750018
0.021750018
0.021750018
0.021750018
0.021750018
0.021750018
0.021750018
0.021750018
0.021750018
0.021750018
0.021750018
0.021750018
0.021750018
0.021750018
0.021750018
0.021750018
0.021750018
0.021750018
0.021750018
0.021750018
0.021750018
0.021750018
0.021750018
0.021750018
0.021750018
0.021750018
0.021750018
0.021750018
0.021750018
0.021750018
0.021750018
0.021750018
0.021750018
0.021750018
0.021750018
0.021750018
0.021750018
0.021750018
0.021750018
0.021750018
0.021750018
0.021750018
0.021750018
0.021750018
0.021750018
0.021750018
0.021750018
0.021750018
0.021750018
0.021750018
0.021750018
0.021750018
0.021750018
0.021750018
0.021750018
0.021750018
0.021750018
0.021750018
0.021750018
0.021750018
0.021750018
0.021750018
0.021750018
0.021750018
0.021750018
0.021750018
0.021750018
0.021750018
0.021750018
0.021750018
0.021750018
0.021750018
0.021750018
0.021750018
0.021750018
0.021750018
0.021750018
0.021750018
0.021750018
0.021750018
0.021750018
0.021750018
0.021750018
0.021750018
0.021750018
0.021750018
0.021750018
0.021750018
0.021750018
0.021750018
0.021750018
0.021750018
0.021750018
0.021750018
0.021750018
0.021750018
0.021750018
0.021750018
0.021750018
0.021750018
0.021750018
0.021750018
0.021750018
0.021750018
0.021750018
0.021750018
0.021750018
0.021750018
0.021750018
0.021750018
0.021750018
0.021750018
0.021750018
0.021750018
0.021750018
0.021750018
0.021750018
0.021750018
0.021750018
0.021750018
0.021750018
0.021750018
0.021750018
0.021750018
0.021750018
0.021750018
0.021750018
0.021750018
0.021750018
0.021750018
0.021750018
0.021750018
0.021750018
0.021750018
0.021750018
0.021750018
0.021750018
0.021750018
0.021750018
0.021750018
0.021750018
0.021750018
0.021750018
0.021750018
0.021750018
0.021750018
0.021750018
0.021750018
0.021750018
0.021750018
0.021750018
0.021750018
0.021750018
0.021750018
0.021750018
0.021750018
0.021750018
0.021750018
0.021750018
0.021750018
0.021750018
0.021750018
0.021750018
0.021750018
0.021750018
0.021750018
0.021750018
0.021750018
0.021750018
0.021750018
0.021750018
0.021750018
0.021750018
0.021750018
0.021750018
0.021750018
0.021750018
0.021750018
0.021750018
0.021750018
0.021750018
0.021750018
0.021750018
0.021750018
0.021750018
0.021750018
0.021750018
0.021750018
0.021750018
0.021750018
0.021750018
0.021750018
0.021750018
0.021750018
0.021750018
0.021750018
0.021750018
0.021750018
0.021750018
0.021750018
0.021750018
0.021750018
0.021750018
0.021750018
0.021750018
0.021750018
0.021750018
0.021750018
0.021750018
0.021750018
0.021750018
0.021750018
0.021750018
0.021750018
0.021750018
0.021750018
0.021750018
0.021732721
0.021668227
0.021510717
0.02150917
0.021505518
0.021505518
0.021505518
0.021505518
0.021505518
0.021505518
0.021505518
0.021505518
0.021416632
0.021416632
0.021386117
0.021139849
0.02103012
0.02088404
0.02079787
0.020607978
0.020419562
0.020347822
0.020343762
0.020343322
0.02028659
0.020274516
0.020215776
0.020098025
0.020098025
0.020098025
0.020098025
0.020098025
0.020012084
0.019951483
0.019945802
0.019929977
0.019899188
0.019899188
0.019899188
0.019899188
0.019899188
0.019899188
0.019899188
0.019899188
0.019899188
0.019899188
0.019899188
0.019899188
0.019899188
0.019899188
0.019899188
0.019899188
0.019899188
0.019899188
0.019899188
0.019899188
0.019899188
0.019899188
0.019899188
0.019899188
0.019899188
0.019899188
0.019899188
0.019899188
0.019899188
0.019899188
0.019899188
0.019899188
0.019899188
0.019899188
0.019899188
0.019899188
0.019899188
0.019899188
0.019899188
0.019899188
0.019899188
0.019899188
0.019899188
0.019899188
0.019899188
0.019899188
0.019899188
0.019899188
0.019899188
0.019899188
0.019899188
0.019899188
0.019899188
0.019899188
0.019899188
0.019899188
0.019899188
0.019899188
0.019899188
0.019899188
0.019899188
0.019899188
0.019899188
0.019899188
0.019899188
0.019899188
0.019899188
0.019899188
0.019899188
0.019899188
0.019899188
0.019899188
0.019899188
0.019899188
0.019899188
0.019899188
0.019899188
0.019899188
0.019899188
0.019899188
0.019899188
0.019899188
0.019899188
0.019899188
0.019899188
0.019899188
0.019899188
0.019899188
0.019899188
0.019899188
0.019899188
0.019899188
0.019899188
0.019899188
0.019899188
0.019899188
0.019899188
0.019899188
0.019899188
0.019899188
0.019899188
0.019899188
0.019899188
0.019899188
0.019899188
0.019899188
0.019899188
0.019899188
0.019899188
0.019899188
0.019899188
0.019899188
0.019899188
0.019899188
0.019899188
0.019899188
0.019899188
0.019899188
0.019899188
0.019899188
0.019899188
0.019899188
0.019899188
0.019899188
0.019899188
0.019899188
0.019899188
0.019899188
0.019899188
0.019899188
0.019899188
0.019899188
0.019899188
0.019899188
0.019899188
0.019899188
0.019899188
0.019899188
0.019899188
0.019899188
0.019899188
0.019899188
0.019899188
0.019899188
0.019899188
0.019899188
0.019899188
0.019899188
0.019899188
0.019899188
0.019899188
0.019899188
0.019899188
0.019899188
0.019899188
0.019899188
0.019899188
0.019899188
0.019899188
0.019899188
0.019899188
0.019899188
0.019899188
0.019899188
0.019899188
0.019899188
0.019899188
0.019899188
0.019899188
0.019899188
0.019899188
0.019899188
0.019899188
0.019899188
0.019899188
0.019899188
0.019899188
0.019899188
0.019899188
0.019899188
0.019899188
0.019899188
0.019899188
0.019899188
0.019899188
0.019899188
0.019899188
0.019899188
0.019899188
0.019899188
0.019899188
0.019899188
0.019899188
0.019899188
0.019899188
0.019899188
0.019899188
0.019899188
0.019899188
0.019899188
0.019899188
0.019899188
0.019899188
0.019899188
0.019899188
0.019899188
0.019899188
0.019899188
0.019899188
0.019899188
0.01978423
0.01978423
0.01978423
0.01978423
0.01978423
0.01978423
0.01978423
0.01978423
0.01978423
0.01978423
0.019781323
0.019737102
0.019737102
0.019601528
0.019601528
0.019440634
0.019376721
0.019376721
0.019171536
0.019071823
0.019068463
0.01894767
0.018777018
0.018670402
0.018640062
0.018639525
0.018621767
0.018617958
0.018616114
0.018616114
0.018616114
0.018616114
0.018487962
0.018466504
0.018277109
0.018249724
0.018210059
0.01820249
0.018167077
0.018096264
0.018040167
0.01802988
0.017993895
0.01795072
0.017889593
0.017806109
0.01779601
0.017715827
0.017582089
0.017508851
0.017467659
0.017378423
0.017358512
0.017357942
0.017331148
0.017331148
0.01731862
0.01731862
0.01731862
0.01731862
0.01731862
0.01731862
0.01731862
0.01731862
0.01731862
0.017288905
0.017258927
0.0171803
0.017097183
0.017097183
0.017097183
0.017097183
0.017097183
0.017097183
0.017097183
0.017097183
0.017097183
0.017097183
0.017097183
0.017097183
0.017097183
0.017097183
0.017097183
0.017097183
0.017097183
0.017097183
0.017097183
0.017097183
0.017097183
0.017097183
0.017097183
0.017097183
0.017097183
0.017097183
0.017097183
0.017097183
0.017097183
0.017097183
0.017097183
0.017097183
0.017097183
0.017097183
0.017097183
0.017097183
0.017097183
0.017097183
0.017097183
0.017097183
0.017097183
0.017097183
0.017097183
0.017097183
0.017097183
0.017097183
0.017097183
0.017097183
0.017097183
0.017097183
0.017097183
0.017097183
0.017097183
0.017097183
0.017097183
0.017097183
0.017097183
0.017097183
0.017097183
0.017097183
0.017097183
0.017097183
0.017097183
0.017097183
0.017097183
0.017097183
0.017097183
0.017097183
0.017097183
0.017097183
0.017097183
0.017097183
0.017097183
0.017097183
0.017097183
0.017097183
0.017097183
0.017097183
0.017097183
0.017097183
0.017097183
0.017097183
0.017097183
0.017097183
0.017097183
0.017097183
0.017097183
0.017097183
0.017097183
0.017097183
0.017097183
0.017097183
0.017097183
0.017097183
0.017097183
0.017097183
0.017097183
0.017097183
0.017097183
0.017097183
0.017097183
0.017097183
0.017097183
0.017097183
0.017097183
0.017097183
0.017097183
0.017097183
0.017097183
0.017097183
0.017097183
0.017097183
0.017097183
0.017097183
0.017097183
0.017097183
0.017097183
0.017097183
0.017097183
0.017097183
0.017097183
0.017097183
0.017097183
0.017097183
0.017097183
0.017097183
0.017097183
0.017097183
0.017097183
0.017097183
0.017097183
0.017097183
0.017097183
0.017097183
0.017097183
0.017097183
0.017097183
0.017097183
0.017097183
0.017097183
0.017097183
0.017097183
0.017097183
0.017097183
0.017097183
0.017097183
0.017097183
0.017097183
0.017097183
0.017097183
0.017097183
0.017097183
0.017097183
0.017097183
0.017097183
0.017097183
0.017097183
0.017097183
0.017097183
0.017097183
0.017097183
0.017097183
0.017097183
0.017097183
0.017097183
0.017097183
0.017097183
0.017097183
0.017097183
0.017097183
0.017097183
0.017097183
0.017097183
0.017097183
0.017097183
0.017097183
0.017097183
0.017097183
0.017097183
0.017097183
0.017097183
0.017097183
0.017097183
0.017097183
0.017097183
0.017097183
0.017097183
0.017097183
0.017097183
0.017097183
0.017097183
0.017097183
0.017097183
0.017097183
0.017097183
0.017097183
0.017097183
0.017097183
0.017097183
0.017097183
0.017097183
0.017097183
0.017097183
0.017097183
0.017097183
0.017097183
0.017097183
0.017097183
0.017097183
0.017097183
0.017097183
0.017097183
0.017097183
0.017097183
0.017097183
0.017097183
0.017097183
0.017097183
0.017097183
0.017097183
0.017097183
0.017097183
0.017097183
0.017097183
0.017097183
0.017097183
0.017097183
0.017097183
0.017097183
0.017097183
0.017097183
0.017097183
0.017097183
0.017097183
0.017097183
0.017097183
0.017097183
0.017097183
0.017097183
0.017097183
0.017097183
0.017097183
0.017097183
0.017097183
0.017097183
0.017097183
0.017097183
0.017097183
0.017097183
0.017097183
0.017097183
0.017097183
0.017097183
0.017097183
0.017097183
0.017097183
0.017097183
0.017097183
0.017097183
0.017097183
0.017097183
0.017097183
0.017097183
0.017097183
0.017097183
0.017097183
0.017097183
0.017097183
0.017097183
0.017097183
0.017097183
0.017097183
0.017097183
0.017097183
0.017097183
0.017097183
0.017097183
0.017097183
0.017097183
0.017097183
0.017097183
0.017097183
0.017097183
0.017097183
0.017097183
0.017097183
0.017097183
0.017097183
0.017097183
0.017097183
0.017097183
0.017097183
0.017097183
0.017097183
0.017097183
0.017097183
0.017097183
0.017097183
0.017097183
0.017097183
0.017097183
0.017097183
0.017097183
0.017097183
0.017097183
0.017097183
0.017097183
0.017097183
0.017097183
0.017097183
0.017097183
0.017097183
0.017097183
0.017097183
0.017097183
0.017097183
0.017097183
0.017097183
0.017097183
0.017097183
0.017097183
0.017097183
0.017097183
0.017097183
0.017097183
0.017097183
0.017097183
0.017097183
0.017097183
0.017097183
0.017097183
0.017097183
0.017097183
0.017097183
0.017097183
0.017097183
0.017097183
0.017097183
0.017097183
0.017097183
0.017097183
0.017097183
0.017097183
0.017097183
0.017097183
0.017097183
0.017097183
0.017097183
0.017097183
0.017097183
0.017097183
0.017097183
0.017097183
0.017097183
0.017097183
0.017097183
0.017097183
0.017097183
0.017097183
0.017097183
0.017097183
0.017097183
0.017097183
0.017097183
0.017097183
0.017097183
0.017097183
0.017097183
0.017097183
0.017097183
0.017097183
0.017097183
0.017097183
0.017097183
0.017097183
0.017097183
0.017097183
0.017097183
0.017097183
0.017097183
0.017097183
0.017097183
0.017097183
0.017097183
0.017097183
0.017097183
0.017097183
0.017097183
0.017097183
0.017097183
0.017097183
0.017097183
0.017097183
0.017097183
0.017097183
0.017097183
0.017097183
0.017097183
0.017097183
0.017097183
0.017097183
0.017097183
0.017097183
0.017097183
0.017097183
0.017097183
0.017097183
0.017097183
0.017097183
0.017097183
0.017097183
0.017097183
0.017097183
0.017097183
0.017097183
0.017097183
0.017097183
0.017097183
0.017097183
0.017097183
0.017097183
0.017097183
0.017097183
0.017077144
0.016997399
0.01698766
0.016977144
0.016942356
0.01690193
0.01689716
0.016780267
0.01670967
0.016594332
0.016594332
0.016594332
0.016594332
0.016594332
0.016594332
0.016594332
0.016594332
0.016594332
0.016594332
0.016594332
0.016594332
0.016594332
0.016588844
0.016553897
0.016551897
0.016551897
0.016551897
0.016551897
0.016551897
0.016551897
0.016551897
0.016551897
0.016551897
0.016551897
0.016551897
0.016551897
0.016551897
0.016551897
0.016422562
0.016405879
0.016143864
0.016105255
0.016053788
0.015949756
0.015923096
0.015923096
0.015923096
0.015923096
0.015923096
0.015863562
0.015718237
0.015689017
0.015689017
0.015658092
0.015626682
0.01553402
0.015520085
0.0153711075
0.015246201
0.015065148
0.015043909
0.015001482
0.014768788
0.014761083
0.014711255
0.014711255
0.014711255
0.014711255
0.014711255
0.014711255
0.014711255
0.014672724
0.014653462
0.014555742
0.014532267
0.014493824
0.014459428
0.014326719
0.014261366
0.014253592
0.0142292855
0.014149634
0.014149466
0.014076658
0.014076658
0.014076658
0.014076658
0.014076658
0.014076658
0.014076658
0.014076658
0.014076658
0.014076658
0.014076658
0.014076658
0.014076658
0.014076658
0.014076658
0.014076658
0.014076658
0.014076658
0.014076658
0.014076658
0.014076658
0.014076658
0.014076658
0.014076658
0.014076658
0.014076658
0.014076658
0.014076658
0.014076658
0.014076658
0.014076658
0.014076658
0.014076658
0.014076658
0.014076658
0.014076658
0.014076658
0.014076658
0.014076658
0.014076658
0.014076658
0.014076658
0.014076658
0.014076658
0.014076658
0.014076658
0.014076658
0.014076658
0.014076658
0.014076658
0.014076658
0.014076658
0.014076658
0.014076658
0.014076658
0.014076658
0.014076658
0.014076658
0.014076658
0.014076658
0.014076658
0.014076658
0.014076658
0.014076658
0.014076658
0.014076658
0.014076658
0.014076658
0.014076658
0.014076658
0.014076658
0.014076658
0.014076658
0.014076658
0.014076658
0.014076658
0.014076658
0.014076658
0.014076658
0.014076658
0.014076658
0.014076658
0.014076658
0.014076658
0.014076658
0.014076658
0.014076658
0.014076658
0.014076658
0.014076658
0.014076658
0.014076658
0.014076658
0.014076658
0.014076658
0.014076658
0.014076658
0.014076658
0.014076658
0.014076658
0.014076658
0.014076658
0.014076658
0.014076658
0.014076658
0.014076658
0.014076658
0.014076658
0.014076658
0.014076658
0.014076658
0.014076658
0.014076658
0.014076658
0.014076658
0.014076658
0.014076658
0.014076658
0.014076658
0.014076658
0.014076658
0.014076658
0.014076658
0.014076658
0.014076658
0.014076658
0.014076658
0.014076658
0.014076658
0.014076658
0.014076658
0.014076658
0.014076658
0.014076658
0.014076658
0.014076658
0.014076658
0.014076658
0.014076658
0.014076658
0.014076658
0.014076658
0.014076658
0.014076658
0.014076658
0.014076658
0.014076658
0.014076658
0.014076658
0.014076658
0.014076658
0.014076658
0.014076658
0.014076658
0.014076658
0.014076658
0.014076658
0.014076658
0.014076658
0.014076658
0.014076658
0.014076658
0.014076658
0.014076658
0.014076658
0.014076658
0.014076658
0.014076658
0.014076658
0.014076658
0.014076658
0.014076658
0.014076658
0.014076658
0.014076658
0.014076658
0.014076658
0.014076658
0.014076658
0.014076658
0.014076658
0.014076658
0.014076658
0.014076658
0.014076658
0.014076658
0.014076658
0.014076658
0.014076658
0.014076658
0.014076658
0.014076658
0.014076658
0.014076658
0.0140184425
0.013961821
0.013924826
0.013821909
0.013790136
0.013764908
0.013743957
0.013692814
0.013657709
0.013657709
0.013530342
0.013490126
0.013489548
0.013453673
0.013453673
0.013453673
0.013453673
0.013453673
0.01344364
0.013424637
0.013406119
0.013340667
0.0133369025
0.013328922
0.0132555
0.013243494
0.013243494
0.013050563
0.013050563
0.013045173
0.013005603
0.013005603
0.012979871
0.012914886
0.012815332
0.01278432
0.012735113
0.012644622
0.012644622
0.012599961
0.012587391
0.012485966
0.012438923
0.01239681
0.012376404
0.012317181
0.012307932
0.012282708
0.012267468
0.012138945
0.012111688
0.01197074
0.011937026
0.011936777
0.011833873
0.011824603
0.011824603
0.011824603
0.011824603
0.011824603
0.011824603
0.011824603
0.011824603
0.011824603
0.011799884
0.011738221
0.011467117
0.011457688
0.011450717
0.011450717
0.011450717
0.011418651
0.011418651
0.011396835
0.011382946
0.011321576
0.011286397
0.011182839
0.011171682
0.011148166
0.01081149
0.010675129
0.010629835
0.010553521
0.0105483495
0.0105483495
0.0105483495
0.0105483495
0.0105483495
0.0105483495
0.0105483495
0.0105483495
0.0105483495
0.0105483495
0.0105483495
0.0105483495
0.010539713
0.010515974
0.010437519
0.010217162
0.010203977
0.0101619465
0.010157405
0.010027354
0.010003347
0.010003347
0.010003347
0.010003347
0.010003347
0.010003347
0.010003347
0.010003347
0.010003347
0.010003347
0.010003347
0.010003347
0.010003347
0.010003347
0.010003347
0.010003347
0.010003347
0.010003347
0.010003347
0.010003347
0.010003347
0.010003347
0.010003347
0.010003347
0.010003347
0.010003347
0.010003347
0.010003347
0.010003347
0.010003347
0.010003347
0.010003347
0.010003347
0.010003347
0.010003347
0.010003347
0.010003347
0.010003347
0.010003347
0.010003347
0.010003347
0.010003347
0.010003347
0.010003347
0.010003347
0.010003347
0.010003347
0.010003347
0.010003347
0.010003347
0.010003347
0.010003347
0.010003347
0.010003347
0.010003347
0.010003347
0.010003347
0.010003347
0.010003347
0.010003347
0.010003347
0.010003347
0.010003347
0.010003347
0.010003347
0.010003347
0.010003347
0.010003347
0.010003347
0.010003347
0.010003347
0.010003347
0.010003347
0.010003347
0.010003347
0.010003347
0.010003347
0.010003347
0.010003347
0.010003347
0.010003347
0.010003347
0.010003347
0.010003347
0.010003347
0.010003347
0.010003347
0.010003347
0.010003347
0.010003347
0.010003347
0.010003347
0.010003347
0.010003347
0.010003347
0.010003347
0.010003347
0.010003347
0.010003347
0.010003347
0.010003347
0.010003347
0.010003347
0.010003347
0.010003347
0.010003347
0.010003347
0.010003347
0.010003347
0.010003347
0.010003347
0.010003347
0.010003347
0.010003347
0.010003347
0.010003347
0.010003347
0.010003347
0.010003347
0.010003347
0.010003347
0.010003347
0.010003347
0.010003347
0.010003347
0.010003347
0.010003347
0.010003347
0.010003347
0.010003347
0.010003347
0.010003347
0.010003347
0.010003347
0.010003347
0.010003347
0.010003347
0.010003347
0.010003347
0.010003347
0.010003347
0.010003347
0.010003347
0.010003347
0.010003347
0.010003347
0.010003347
0.010003347
0.010003347
0.010003347
0.010003347
0.010003347
0.010003347
0.010003347
0.010003347
0.010003347
0.010003347
0.010003347
0.010003347
0.010003347
0.010003347
0.010003347
0.010003347
0.010003347
0.010003347
0.010003347
0.010003347
0.010003347
0.010003347
0.010003347
0.010003347
0.010003347
0.010003347
0.010003347
0.010003347
0.010003347
0.010003347
0.010003347
0.010003347
0.010003347
0.010003347
0.010003347
0.010003347
0.010003347
0.010003347
0.010003347
0.010003347
0.010003347
0.010003347
0.010003347
0.010003347
0.010003347
0.010003347
0.010003347
0.010003347
0.010003347
0.010003347
0.010003347
0.010003347
0.010003347
0.010003347
0.010003347
0.010003347
0.010003347
0.010003347
0.010003347
0.010003347
0.010003347
0.010003347
0.010003347
0.010003347
0.010003347
0.010003347
0.010003347
0.010003347
0.010003347
0.010003347
0.010003347
0.010003347
0.010003347
0.010003347
0.010003347
0.010003347
0.010003347
0.010003347
0.010003347
0.010003347
0.010003347
0.010003347
0.010003347
0.010003347
0.010003347
0.010003347
0.010003347
0.010003347
0.010003347
0.010003347
0.010003347
0.010003347
0.010003347
0.010003347
0.010003347
0.010003347
0.010003347
0.010003347
0.010003347
0.010003347
0.010003347
0.010003347
0.010003347
0.010003347
0.010003347
0.010003347
0.010003347
0.010003347
0.010003347
0.010003347
0.010003347
0.010003347
0.010003347
0.010003347
0.010003347
0.010003347
0.010003347
0.010003347
0.010003347
0.010003347
0.010003347
0.010003347
0.010003347
0.010003347
0.010003347
0.010003347
0.010003347
0.010003347
0.010003347
0.010003347
0.010003347
0.010003347
0.010003347
0.010003347
0.010003347
0.010003347
0.010003347
0.010003347
0.010003347
0.010003347
0.010003347
0.010003347
0.010003347
0.010003347
0.010003347
0.010003347
0.010003347
0.010003347
0.010003347
0.010003347
0.010003347
0.010003347
0.010003347
0.010003347
0.010003347
0.010003347
0.010003347
0.010003347
0.010003347
0.010003347
0.010003347
0.010003347
0.010003347
0.010003347
0.010003347
0.010003347
0.010003347
0.010003347
0.010003347
0.010003347
0.010003347
0.010003347
0.010003347
0.010003347
0.010003347
0.010003347
0.010003347
0.010003347
0.010003347
0.010003347
0.010003347
0.010003347
0.010003347
0.010003347
0.010003347
0.010003347
0.010003347
0.010003347
0.010003347
0.010003347
0.010003347
0.010003347
0.010003347
0.010003347
0.010003347
0.010003347
0.010003347
0.010003347
0.010003347
0.010003347
0.010003347
0.010003347
0.010003347
0.010003347
0.010003347
0.010003347
0.010003347
0.010003347
0.010003347
0.010003347
0.010003347
0.010003347
0.010003347
0.010003347
0.010003347
0.010003347
0.010003347
0.010003347
0.010003347
0.010003347
0.010003347
0.010003347
0.010003347
0.010003347
0.010003347
0.010003347
0.010003347
0.010003347
0.010003347
0.010003347
0.010003347
0.010003347
0.010003347
0.010003347
0.010003347
0.010003347
0.010003347
0.010003347
0.010003347
0.010003347
0.010003347
0.010003347
0.010003347
0.010003347
0.010003347
0.010003347
0.010003347
0.010003347
0.010003347
0.010003347
0.010003347
0.010003347
0.010003347
0.010003347
0.010003347
0.010003347
0.010003347
0.010003347
0.010003347
0.010003347
0.010003347
0.010003347
0.010003347
0.010003347
0.010003347
0.010003347
0.010003347
0.010003347
0.010003347
0.010003347
0.010003347
0.010003347
0.010003347
0.010003347
0.010003347
0.010003347
0.010003347
0.010003347
0.010003347
0.010003347
0.010003347
0.010003347
0.010003347
0.010003347
0.010003347
0.010003347
0.010003347
0.010003347
0.010003347
0.010003347
0.010003347
0.010003347
0.010003347
0.010003347
0.010003347
0.010003347
0.010003347
0.010003347
0.009932497
0.009786778
0.009714401
0.0096093165
0.009574766
0.009574766
0.009536844
0.009536844
0.009536844
0.009526273
0.009520579
0.009448421
0.009448421
0.009448421
0.009448421
0.009448421
0.009448421
0.009448421
0.009448421
0.009448421
0.009448421
0.009448421
0.009448421
0.009448421
0.009448421
0.009448421
0.009448421
0.009400917
0.009400917
0.009387209
0.009379676
0.009372067
0.009365547
0.0090913465
0.009076374
0.008985921
0.008985207
0.008985207
0.008954887
0.008765716
0.008753349
0.008454784
0.008341134
0.008341134
0.008238455
0.008157633
0.008154745
0.008154745
0.008149778
0.008149778
0.0081449505
0.007876177
0.0077451337
0.007230549
0.0070907325
0.0068954676
0.0059796274
0.005918288
0.0058907727
0.0057690465
0.0052727535
0.004478065
0.0038888888
0.0037848444
0.0037497182
0.0034502854
0.003431984
0.003431984
0.003431984
0.0033784774
0.0033784774
0.0033784774
0.0033784774
0.0033784774
0.0033784774
0.002901459
