0.94693494
0.39865366
0.25980562
0.18820725
0.15542792
0.15475708
0.12143412
0.12143412
0.11111919
0.072111905
0.072111905
0.072111905
0.072111905
0.072111905
0.072111905
0.072111905
0.072111905
0.072111905
0.072111905
0.072111905
0.072111905
0.072111905
0.072111905
0.072111905
0.072111905
0.072111905
0.072111905
0.072111905
0.072111905
0.072111905
0.072111905
0.072111905
0.072111905
0.072111905
0.072111905
0.072111905
0.072111905
0.072111905
0.072111905
0.072111905
0.072111905
0.072111905
0.072111905
0.072111905
0.072111905
0.072111905
0.072111905
0.072111905
0.072111905
0.072111905
0.072111905
0.072111905
0.072111905
0.072111905
0.072111905
0.072111905
0.072111905
0.072111905
0.072111905
0.072111905
0.072111905
0.072111905
0.072111905
0.072111905
0.072111905
0.072111905
0.072111905
0.072111905
0.072111905
0.072111905
0.072111905
0.072111905
0.072111905
0.072111905
0.072111905
0.072111905
0.072111905
0.072111905
0.072111905
0.072111905
0.072111905
0.072111905
0.072111905
0.072111905
0.072111905
0.072111905
0.072111905
0.072111905
0.072111905
0.072111905
0.072111905
0.072111905
0.072111905
0.072111905
0.072111905
0.072111905
0.06851278
0.06851278
0.06851278
0.063538834
0.063538834
0.063538834
0.063538834
0.063538834
0.063538834
0.063538834
0.063538834
0.063538834
0.063538834
0.063538834
0.063538834
0.063538834
0.063538834
0.063538834
0.063538834
0.063538834
0.063538834
0.063538834
0.063538834
0.063538834
0.063538834
0.063538834
0.063538834
0.063538834
0.063538834
0.063538834
0.063538834
0.063538834
0.063538834
0.063538834
0.063538834
0.063538834
0.063538834
0.063538834
0.063538834
0.063538834
0.063538834
0.063538834
0.063538834
0.063538834
0.063538834
0.063538834
0.063538834
0.063538834
0.063538834
0.063538834
0.063538834
0.063538834
0.063538834
0.063538834
0.063538834
0.063538834
0.063538834
0.063538834
0.063538834
0.063538834
0.063538834
0.063538834
0.063538834
0.063538834
0.063538834
0.063538834
0.063538834
0.063538834
0.063538834
0.063538834
0.063538834
0.063538834
0.063538834
0.063538834
0.063538834
0.063538834
0.063538834
0.063538834
0.063538834
0.063538834
0.063538834
0.063538834
0.063538834
0.063538834
0.063538834
0.063538834
0.063538834
0.063538834
0.063538834
0.063538834
0.063538834
0.063538834
0.063538834
0.063538834
0.063538834
0.063538834
0.063538834
0.063538834
0.063538834
0.063538834
0.063538834
0.063538834
0.063538834
0.063538834
0.063538834
0.063538834
0.063538834
0.063538834
0.063538834
0.063538834
0.063538834
0.063538834
0.063538834
0.063538834
0.063538834
0.063538834
0.063538834
0.063538834
0.063538834
0.063538834
0.063538834
0.063538834
0.063538834
0.063538834
0.063538834
0.063538834
0.06330866
0.06330866
0.06330866
0.06330866
0.06330866
0.06330866
0.06330866
0.06330866
0.06330866
0.06330866
0.06330866
0.06330866
0.06330866
0.06330866
0.06330866
0.06330866
0.06330866
0.06330866
0.06330866
0.06330866
0.06330866
0.06330866
0.06330866
0.06330866
0.06330866
0.06330866
0.06330866
0.06330866
0.06330866
0.06330866
0.06330866
0.06330866
0.06330866
0.06330866
0.06330866
0.06330866
0.06330866
0.06330866
0.06330866
0.06330866
0.06330866
0.06330866
0.06330866
0.06330866
0.06330866
0.06330866
0.06330866
0.06330866
0.06330866
0.06330866
0.06330866
0.06330866
0.06330866
0.06330866
0.06330866
0.06330866
0.06330866
0.06330866
0.06330866
0.06330866
0.06330866
0.06330866
0.06330866
0.06330866
0.06330866
0.06330866
0.06330866
0.06330866
0.06330866
0.06330866
0.06330866
0.06330866
0.06330866
0.06330866
0.06330866
0.06330866
0.06330866
0.06330866
0.06330866
0.061099336
0.061099336
0.061099336
0.061099336
0.061099336
0.061099336
0.061099336
0.061099336
0.061099336
0.061099336
0.061099336
0.061099336
0.061099336
0.061099336
0.061099336
0.061099336
0.061099336
0.061099336
0.061099336
0.061099336
0.061099336
0.061099336
0.061099336
0.061099336
0.061099336
0.061099336
0.061099336
0.061099336
0.061099336
0.061099336
0.061099336
0.061099336
0.061099336
0.061099336
0.061099336
0.061099336
0.061099336
0.061099336
0.061099336
0.061099336
0.061099336
0.061099336
0.061099336
0.061099336
0.061099336
0.061099336
0.061099336
0.061099336
0.061099336
0.061099336
0.061099336
0.061099336
0.061099336
0.061099336
0.061099336
0.061099336
0.061099336
0.061099336
0.061099336
0.061099336
0.061099336
0.061099336
0.061099336
0.061099336
0.061099336
0.061099336
0.061099336
0.061099336
0.061099336
0.061099336
0.061099336
0.061099336
0.061099336
0.061099336
0.061099336
0.061099336
0.061099336
0.061099336
0.061099336
0.061099336
0.061099336
0.061099336
0.061099336
0.061099336
0.061099336
0.061099336
0.061099336
0.061099336
0.061099336
0.061099336
0.061099336
0.061099336
0.056684237
0.05527389
0.05527389
0.05527389
0.05527389
0.05527389
0.05527389
0.05527389
0.05527389
0.05527389
0.05527389
0.05527389
0.05527389
0.05527389
0.05527389
0.05527389
0.05527389
0.05527389
0.05527389
0.05527389
0.05527389
0.05527389
0.05527389
0.05527389
0.05527389
0.05527389
0.05527389
0.05527389
0.05527389
0.05527389
0.05527389
0.05527389
0.05527389
0.05527389
0.05527389
0.05527389
0.05527389
0.05527389
0.05527389
0.05527389
0.05527389
0.05527389
0.05527389
0.05527389
0.05527389
0.05527389
0.05527389
0.05527389
0.05527389
0.05527389
0.05527389
0.05527389
0.05527389
0.05527389
0.05527389
0.05527389
0.05527389
0.05527389
0.05527389
0.05527389
0.05527389
0.05527389
0.05527389
0.05527389
0.05527389
0.05527389
0.05527389
0.05527389
0.05527389
0.05527389
0.05527389
0.05527389
0.05527389
0.05527389
0.05527389
0.05527389
0.05527389
0.05527389
0.05527389
0.05527389
0.05527389
0.05527389
0.05527389
0.05527389
0.05527389
0.05527389
0.05527389
0.05527389
0.05527389
0.052908786
0.052908786
0.052908786
0.052908786
0.052908786
0.052908786
0.052908786
0.052908786
0.052908786
0.052908786
0.052908786
0.052908786
0.052908786
0.052908786
0.052908786
0.052908786
0.052908786
0.052908786
0.052908786
0.052908786
0.052908786
0.052908786
0.052908786
0.052908786
0.052908786
0.052908786
0.052908786
0.052908786
0.052908786
0.052908786
0.052908786
0.052908786
0.052908786
0.052908786
0.052908786
0.052908786
0.052908786
0.052908786
0.052908786
0.052908786
0.052908786
0.052908786
0.052908786
0.052908786
0.052908786
0.052908786
0.052908786
0.052908786
0.052908786
0.052908786
0.052908786
0.052908786
0.052908786
0.052908786
0.052908786
0.052908786
0.052908786
0.052908786
0.052908786
0.052908786
0.052908786
0.052908786
0.052908786
0.052908786
0.052908786
0.052908786
0.052908786
0.052908786
0.052908786
0.052908786
0.052908786
0.052908786
0.052908786
0.052908786
0.052908786
0.052604314
0.052604314
0.052604314
0.052604314
0.052604314
0.052604314
0.052604314
0.052604314
0.052604314
0.052604314
0.052604314
0.052604314
0.052604314
0.052604314
0.052604314
0.052604314
0.052604314
0.052604314
0.052604314
0.052604314
0.052604314
0.052604314
0.052604314
0.052604314
0.052604314
0.052604314
0.052604314
0.052604314
0.052604314
0.052604314
0.052604314
0.052604314
0.052604314
0.052604314
0.052604314
0.052604314
0.052604314
0.052604314
0.052604314
0.052604314
0.052604314
0.052604314
0.052604314
0.052604314
0.052604314
0.052604314
0.052604314
0.052604314
0.052604314
0.052604314
0.052604314
0.052604314
0.052604314
0.052604314
0.052604314
0.052604314
0.052604314
0.052604314
0.052604314
0.052604314
0.052604314
0.052604314
0.052604314
0.052604314
0.052604314
0.052604314
0.052604314
0.052604314
0.052604314
0.052604314
0.052604314
0.052604314
0.052604314
0.052604314
0.052604314
0.052604314
0.052604314
0.052604314
0.052604314
0.052604314
0.052604314
0.052604314
0.052604314
0.052604314
0.052604314
0.052604314
0.052604314
0.052604314
0.052604314
0.052604314
0.052604314
0.052604314
0.052604314
0.052604314
0.052604314
0.052604314
0.052604314
0.052604314
0.052604314
0.052604314
0.052604314
0.052604314
0.052604314
0.052604314
0.052604314
0.050355118
0.047653835
0.04734126
0.04734126
0.04734126
0.04734126
0.04734126
0.04734126
0.04734126
0.04734126
0.04734126
0.04734126
0.04734126
0.04734126
0.04734126
0.04734126
0.04734126
0.04734126
0.04734126
0.04734126
0.04734126
0.04734126
0.04734126
0.04734126
0.04734126
0.04734126
0.04734126
0.04734126
0.04734126
0.04734126
0.04734126
0.04734126
0.04734126
0.04734126
0.04734126
0.04734126
0.04734126
0.04734126
0.04734126
0.04734126
0.04734126
0.04734126
0.04734126
0.04734126
0.04734126
0.04734126
0.04734126
0.04734126
0.04734126
0.04734126
0.04734126
0.04734126
0.04734126
0.04734126
0.04734126
0.04734126
0.04734126
0.04734126
0.04734126
0.04734126
0.04734126
0.04734126
0.04734126
0.04734126
0.04734126
0.04734126
0.04734126
0.04734126
0.04734126
0.04734126
0.04734126
0.04734126
0.04734126
0.04734126
0.04734126
0.04734126
0.04734126
0.04734126
0.04734126
0.04734126
0.04734126
0.04734126
0.04734126
0.04734126
0.04734126
0.04734126
0.04734126
0.04734126
0.04734126
0.04734126
0.04734126
0.04734126
0.04734126
0.04734126
0.04734126
0.04734126
0.04734126
0.04734126
0.04734126
0.04734126
0.04734126
0.04734126
0.04734126
0.04734126
0.04734126
0.04734126
0.04734126
0.04734126
0.04734126
0.04734126
0.04734126
0.04734126
0.04734126
0.04734126
0.04734126
0.04734126
0.04734126
0.04734126
0.04734126
0.04734126
0.04734126
0.04734126
0.04734126
0.04734126
0.04734126
0.04734126
0.04734126
0.04734126
0.04734126
0.04734126
0.04734126
0.04734126
0.04734126
0.04734126
0.04734126
0.04734126
0.04734126
0.046844702
0.046844702
0.046844702
0.046844702
0.046844702
0.046844702
0.046844702
0.046844702
0.046844702
0.046844702
0.046844702
0.046844702
0.046844702
0.046844702
0.046844702
0.046844702
0.046844702
0.046844702
0.046844702
0.046844702
0.046844702
0.046844702
0.046844702
0.046844702
0.046844702
0.046844702
0.046844702
0.046844702
0.046844702
0.046844702
0.046844702
0.046844702
0.046844702
0.046844702
0.046844702
0.046844702
0.046844702
0.046844702
0.046844702
0.046844702
0.046844702
0.046844702
0.046844702
0.046844702
0.046844702
0.046844702
0.046844702
0.046844702
0.046844702
0.046844702
0.046844702
0.046844702
0.046844702
0.046844702
0.046844702
0.046844702
0.046844702
0.046844702
0.046844702
0.046844702
0.046844702
0.046844702
0.046844702
0.046844702
0.046844702
0.046844702
0.046844702
0.046844702
0.046844702
0.046844702
0.046844702
0.046844702
0.046844702
0.046844702
0.046844702
0.046844702
0.046844702
0.046844702
0.046844702
0.046844702
0.046844702
0.046844702
0.046844702
0.046844702
0.046844702
0.046844702
0.046844702
0.046844702
0.046844702
0.046844702
0.046844702
0.046844702
0.046844702
0.046844702
0.046844702
0.046844702
0.046844702
0.046844702
0.046844702
0.046844702
0.046844702
0.046844702
0.046844702
0.046844702
0.046844702
0.046844702
0.046844702
0.046844702
0.046844702
0.046844702
0.046844702
0.046844702
0.046844702
0.046844702
0.046844702
0.046844702
0.046844702
0.046844702
0.046844702
0.046844702
0.046844702
0.046844702
0.046844702
0.046844702
0.046844702
0.046844702
0.046844702
0.046844702
0.046844702
0.046844702
0.046844702
0.046844702
0.046844702
0.046844702
0.046844702
0.046844702
0.046844702
0.046844702
0.046844702
0.046844702
0.046844702
0.046844702
0.046844702
0.046844702
0.046844702
0.046844702
0.046844702
0.046844702
0.046844702
0.046844702
0.046844702
0.046844702
0.046844702
0.046844702
0.046844702
0.046844702
0.046844702
0.046844702
0.046844702
0.046844702
0.046844702
0.046844702
0.046844702
0.046844702
0.046844702
0.046844702
0.046844702
0.046844702
0.046844702
0.046844702
0.046844702
0.046844702
0.046438985
0.04630484
0.04630484
0.04630484
0.04630484
0.04630484
0.04630484
0.04630484
0.04630484
0.04630484
0.04630484
0.04630484
0.04630484
0.04630484
0.04630484
0.04630484
0.04630484
0.04630484
0.04630484
0.04630484
0.04630484
0.04630484
0.04630484
0.04630484
0.04630484
0.04630484
0.04630484
0.04630484
0.04630484
0.04630484
0.04630484
0.04630484
0.04630484
0.04630484
0.04630484
0.04630484
0.04630484
0.04630484
0.04630484
0.04630484
0.04630484
0.04630484
0.04630484
0.04630484
0.04630484
0.04630484
0.04630484
0.04630484
0.04630484
0.04630484
0.04630484
0.04630484
0.04630484
0.04630484
0.04630484
0.04630484
0.04630484
0.04630484
0.04630484
0.04630484
0.04630484
0.04630484
0.04630484
0.04630484
0.04630484
0.04630484
0.04630484
0.04630484
0.04630484
0.04630484
0.04630484
0.04630484
0.04630484
0.04630484
0.04630484
0.04630484
0.04630484
0.04630484
0.04630484
0.04630484
0.04630484
0.04630484
0.04630484
0.04630484
0.04630484
0.04630484
0.04630484
0.04630484
0.04630484
0.04630484
0.04630484
0.04630484
0.04630484
0.04630484
0.04630484
0.04630484
0.04630484
0.04630484
0.04630484
0.04630484
0.04630484
0.04630484
0.04630484
0.04630484
0.04630484
0.04630484
0.04630484
0.04630484
0.04630484
0.04630484
0.04630484
0.04630484
0.04630484
0.04630484
0.04630484
0.04630484
0.04630484
0.04630484
0.04630484
0.04630484
0.04630484
0.04630484
0.04630484
0.04630484
0.04630484
0.04630484
0.04630484
0.04630484
0.04630484
0.04630484
0.04630484
0.04630484
0.04630484
0.04630484
0.04630484
0.04630484
0.04630484
0.045134537
0.045134537
0.045134537
0.045134537
0.045134537
0.045134537
0.045134537
0.045134537
0.045134537
0.045134537
0.045134537
0.045134537
0.045134537
0.045134537
0.045134537
0.045134537
0.045134537
0.045134537
0.045134537
0.045134537
0.045134537
0.045134537
0.045134537
0.045134537
0.045134537
0.045134537
0.045134537
0.045134537
0.045134537
0.045134537
0.045134537
0.045134537
0.045134537
0.045134537
0.045134537
0.045134537
0.045134537
0.045134537
0.045134537
0.045134537
0.045134537
0.045134537
0.045134537
0.045134537
0.045134537
0.045134537
0.045134537
0.045134537
0.045134537
0.045134537
0.045134537
0.045134537
0.045134537
0.045134537
0.045134537
0.045134537
0.045134537
0.045134537
0.045134537
0.045134537
0.045134537
0.045134537
0.045134537
0.045134537
0.045134537
0.045134537
0.045134537
0.045134537
0.045134537
0.045134537
0.045134537
0.045134537
0.045134537
0.045134537
0.045134537
0.045134537
0.045134537
0.045134537
0.045134537
0.045134537
0.045134537
0.045134537
0.045134537
0.045134537
0.045134537
0.045134537
0.045134537
0.045134537
0.045134537
0.045134537
0.045134537
0.045134537
0.045134537
0.045134537
0.045134537
0.045134537
0.045134537
0.045134537
0.045134537
0.04475989
0.04414029
0.04414029
0.04414029
0.04414029
0.04414029
0.04414029
0.04414029
0.04414029
0.04414029
0.04414029
0.04414029
0.04414029
0.04414029
0.04414029
0.04414029
0.04414029
0.04414029
0.04414029
0.04414029
0.04414029
0.04414029
0.04414029
0.04414029
0.04414029
0.04414029
0.04414029
0.04414029
0.04414029
0.04414029
0.04414029
0.04414029
0.04414029
0.04414029
0.04414029
0.04414029
0.04414029
0.04414029
0.04414029
0.04414029
0.04414029
0.04414029
0.04414029
0.04414029
0.04414029
0.04414029
0.04414029
0.04414029
0.04414029
0.04414029
0.04414029
0.04414029
0.04414029
0.04414029
0.04414029
0.04414029
0.04414029
0.04414029
0.043965705
0.043965705
0.043254163
0.042677853
0.042251457
0.042251457
0.041874412
0.040751334
0.040690456
0.040507194
0.040507194
0.040507194
0.040507194
0.040507194
0.040507194
0.040507194
0.040507194
0.040507194
0.040507194
0.040507194
0.040507194
0.040507194
0.040507194
0.040507194
0.040507194
0.040507194
0.040507194
0.040507194
0.040507194
0.040507194
0.040507194
0.040507194
0.040507194
0.040507194
0.040507194
0.040507194
0.040507194
0.040507194
0.040507194
0.040507194
0.040507194
0.040507194
0.040507194
0.040507194
0.040507194
0.040507194
0.040507194
0.040507194
0.040507194
0.040507194
0.040507194
0.040507194
0.040507194
0.040507194
0.040507194
0.040507194
0.040507194
0.040507194
0.040507194
0.040507194
0.040507194
0.040507194
0.040507194
0.040507194
0.040507194
0.040507194
0.040507194
0.040507194
0.040507194
0.040507194
0.040507194
0.040507194
0.040507194
0.040507194
0.040507194
0.040507194
0.040507194
0.040507194
0.040507194
0.040507194
0.040507194
0.040507194
0.040507194
0.040507194
0.040507194
0.040507194
0.040507194
0.040507194
0.040507194
0.040507194
0.040507194
0.040507194
0.040507194
0.040507194
0.040507194
0.040507194
0.040507194
0.040507194
0.040507194
0.040507194
0.040507194
0.040507194
0.040507194
0.040507194
0.040507194
0.040507194
0.040507194
0.040507194
0.040507194
0.040507194
0.040507194
0.040507194
0.040507194
0.040507194
0.040507194
0.040507194
0.040507194
0.040507194
0.04010015
0.039933722
0.039907906
0.039907906
0.039907906
0.039907906
0.039907906
0.039907906
0.03960703
0.03960703
0.03953507
0.03953507
0.039459307
0.0390455
0.039032355
0.039032355
0.03892693
0.03892693
0.03892693
0.03892693
0.03892693
0.03892693
0.03892693
0.03892693
0.03892693
0.03892693
0.03892693
0.03892693
0.03892693
0.03892693
0.03892693
0.03892693
0.03892693
0.03892693
0.03892693
0.03892693
0.03892693
0.03892693
0.03892693
0.03892693
0.03892693
0.03892693
0.03892693
0.03892693
0.03892693
0.03892693
0.03892693
0.03892693
0.03892693
0.03892693
0.03892693
0.03892693
0.03892693
0.03892693
0.03892693
0.03892693
0.03892693
0.03892693
0.03892693
0.03892693
0.03892693
0.03892693
0.03892693
0.03892693
0.03892693
0.03892693
0.03892693
0.03892693
0.03892693
0.03892693
0.03892693
0.03892693
0.03892693
0.03892693
0.03892693
0.03892693
0.03892693
0.03892693
0.03892693
0.03892693
0.03892693
0.03892693
0.03892693
0.03892693
0.03892693
0.03892693
0.03892693
0.03892693
0.03892693
0.03892693
0.03892693
0.03892693
0.03892693
0.03892693
0.03892693
0.03892693
0.03892693
0.03892693
0.03892693
0.03892693
0.03892693
0.03892693
0.03892693
0.03892693
0.03892693
0.03892693
0.03892693
0.03892693
0.03892693
0.03892693
0.03892693
0.03892693
0.03892693
0.03892693
0.03892693
0.03892693
0.03892693
0.03892693
0.03892693
0.03892693
0.03892693
0.03892693
0.03892693
0.03892693
0.03892693
0.03892693
0.03892693
0.03892693
0.03892693
0.03892693
0.03892693
0.03892693
0.03892693
0.03892693
0.03892693
0.03892693
0.03859217
0.038402233
0.038402233
0.038402233
0.038402233
0.038402233
0.038402233
0.038402233
0.038402233
0.038402233
0.038402233
0.038402233
0.038402233
0.038402233
0.038402233
0.038402233
0.038402233
0.038402233
0.038402233
0.038402233
0.038402233
0.038402233
0.038402233
0.038402233
0.038402233
0.038402233
0.038402233
0.038402233
0.038402233
0.038402233
0.038402233
0.038402233
0.038402233
0.038402233
0.038402233
0.038402233
0.038402233
0.038402233
0.038402233
0.038402233
0.038402233
0.038402233
0.038402233
0.038402233
0.038402233
0.038402233
0.038402233
0.038402233
0.038402233
0.038402233
0.038402233
0.038402233
0.038402233
0.038402233
0.038402233
0.038402233
0.038402233
0.038402233
0.038402233
0.038402233
0.038402233
0.038402233
0.038402233
0.038402233
0.038402233
0.038402233
0.038402233
0.038402233
0.038402233
0.038402233
0.038402233
0.038402233
0.038402233
0.038402233
0.038402233
0.038402233
0.038402233
0.038402233
0.038402233
0.038402233
0.038402233
0.038402233
0.038402233
0.038402233
0.038402233
0.038402233
0.038402233
0.038402233
0.038402233
0.038402233
0.038402233
0.038402233
0.038402233
0.038402233
0.038402233
0.038402233
0.038402233
0.038402233
0.038402233
0.038402233
0.038402233
0.038402233
0.038402233
0.038402233
0.038402233
0.038402233
0.038402233
0.038402233
0.038402233
0.038402233
0.038402233
0.038402233
0.038402233
0.038402233
0.038402233
0.038402233
0.038402233
0.038402233
0.038402233
0.038402233
0.038402233
0.038402233
0.038402233
0.038402233
0.038402233
0.038402233
0.038402233
0.038402233
0.038402233
0.038402233
0.038402233
0.038402233
0.038402233
0.038253848
0.038253848
0.038253848
0.038253848
0.038253848
0.038253848
0.038253848
0.038253848
0.038253848
0.038253848
0.038253848
0.038253848
0.038253848
0.038253848
0.038253848
0.038253848
0.038253848
0.038253848
0.038253848
0.038253848
0.038253848
0.038253848
0.038253848
0.038253848
0.038253848
0.038253848
0.038253848
0.038253848
0.038253848
0.038253848
0.038253848
0.038253848
0.038253848
0.038253848
0.038253848
0.038253848
0.038253848
0.038253848
0.038253848
0.038253848
0.038253848
0.038253848
0.038253848
0.038253848
0.038253848
0.038253848
0.038253848
0.038253848
0.038253848
0.038253848
0.038253848
0.038253848
0.038253848
0.038253848
0.038253848
0.038253848
0.038253848
0.038253848
0.038253848
0.038253848
0.038253848
0.038253848
0.038253848
0.038253848
0.038253848
0.038253848
0.038253848
0.038253848
0.038253848
0.038253848
0.038253848
0.038253848
0.038253848
0.038253848
0.038253848
0.038253848
0.038253848
0.038253848
0.038253848
0.038253848
0.038253848
0.038253848
0.038253848
0.038253848
0.038253848
0.038253848
0.038253848
0.038253848
0.038253848
0.038253848
0.038253848
0.038253848
0.038253848
0.038253848
0.038253848
0.038253848
0.038253848
0.038253848
0.038253848
0.038253848
0.038253848
0.038253848
0.038253848
0.038253848
0.038253848
0.038253848
0.038253848
0.038253848
0.038253848
0.038253848
0.038253848
0.038253848
0.038253848
0.038253848
0.038253848
0.038253848
0.038253848
0.038253848
0.038253848
0.038253848
0.038253848
0.038253848
0.038253848
0.038253848
0.038253848
0.038253848
0.038253848
0.038253848
0.038253848
0.038253848
0.038253848
0.038253848
0.038253848
0.038253848
0.038253848
0.038253848
0.038253848
0.038253848
0.038253848
0.038253848
0.038253848
0.038253848
0.038253848
0.038253848
0.038253848
0.038253848
0.03757661
0.03757661
0.03757661
0.03757661
0.03757661
0.03757661
0.03757661
0.03757661
0.03757661
0.03757661
0.03757661
0.03757661
0.03757661
0.03757661
0.03757661
0.03757661
0.03757661
0.03757661
0.03757661
0.03757661
0.03757661
0.03757661
0.03757661
0.03757661
0.03757661
0.03757661
0.03757661
0.03757661
0.03757661
0.03757661
0.03757661
0.03757661
0.03757661
0.03757661
0.03757661
0.03757661
0.03757661
0.03757661
0.03757661
0.03757661
0.03757661
0.03757661
0.03757661
0.03757661
0.03757661
0.03757661
0.03757661
0.03757661
0.03757661
0.03757661
0.03757661
0.03757661
0.03757661
0.03757661
0.03757661
0.03757661
0.03757661
0.03757661
0.03757661
0.03757661
0.03757661
0.03757661
0.03757661
0.03757661
0.03757661
0.03757661
0.03757661
0.03757661
0.03757661
0.03757661
0.03757661
0.03757661
0.03757661
0.03757661
0.03757661
0.03757661
0.03757661
0.03757661
0.03757661
0.03757661
0.03757661
0.03757661
0.03757661
0.03757661
0.03757661
0.03757661
0.03757661
0.03757661
0.03757661
0.03757661
0.03757661
0.03757661
0.03757661
0.03757661
0.03757661
0.03757661
0.03757661
0.03757661
0.03757661
0.03757661
0.03757661
0.03757661
0.03757661
0.03757661
0.03757661
0.03757661
0.03757661
0.03757661
0.03757661
0.03757661
0.037013933
0.03683476
0.03683476
0.03683476
0.036476165
0.036367357
0.036277026
0.036277026
0.036197443
0.036197443
0.035690866
0.035295594
0.035295594
0.035295594
0.035295594
0.035295594
0.035295594
0.035295594
0.035295594
0.035295594
0.035295594
0.035295594
0.035295594
0.035295594
0.035295594
0.035295594
0.035295594
0.035295594
0.035295594
0.035295594
0.035295594
0.035295594
0.035295594
0.035295594
0.035295594
0.035295594
0.035295594
0.035295594
0.035295594
0.035295594
0.035295594
0.035295594
0.035295594
0.035295594
0.035295594
0.035295594
0.035295594
0.035295594
0.035295594
0.035295594
0.035295594
0.035295594
0.035295594
0.035295594
0.035295594
0.035295594
0.035295594
0.035295594
0.035295594
0.035295594
0.035295594
0.035295594
0.035295594
0.035295594
0.035295594
0.035295594
0.035295594
0.035295594
0.035295594
0.035295594
0.035295594
0.035295594
0.035295594
0.035295594
0.035295594
0.035295594
0.035295594
0.035295594
0.035295594
0.035295594
0.035295594
0.035295594
0.035295594
0.035295594
0.035295594
0.035295594
0.035295594
0.035295594
0.035295594
0.035295594
0.035295594
0.035295594
0.035295594
0.035295594
0.035295594
0.035295594
0.035295594
0.035295594
0.035295594
0.035295594
0.035295594
0.035295594
0.035295594
0.035295594
0.035295594
0.035295594
0.035295594
0.035295594
0.035295594
0.035295594
0.035295594
0.035295594
0.035295594
0.035295594
0.035295594
0.035295594
0.035295594
0.035295594
0.035295594
0.035295594
0.035295594
0.035295594
0.035295594
0.035295594
0.035295594
0.035295594
0.035295594
0.035295594
0.035295594
0.035295594
0.035295594
0.035295594
0.035295594
0.035295594
0.035295594
0.035295594
0.035295594
0.035295594
0.035295594
0.035295594
0.035295594
0.035295594
0.035295594
0.035295594
0.035295594
0.035295594
0.035295594
0.035295594
0.035295594
0.035295594
0.035295594
0.035295594
0.035295594
0.035295594
0.035295594
0.035295594
0.035295594
0.035295594
0.035295594
0.035295594
0.035295594
0.035295594
0.035295594
0.035295594
0.035295594
0.035295594
0.035295594
0.035295594
0.035295594
0.035295594
0.035295594
0.035295594
0.035295594
0.035295594
0.035295594
0.035295594
0.035295594
0.035295594
0.035295594
0.035295594
0.035295594
0.035295594
0.035295594
0.035295594
0.035295594
0.035295594
0.035295594
0.035295594
0.035295594
0.035295594
0.035295594
0.035295594
0.035295594
0.035295594
0.035295594
0.035295594
0.035295594
0.035295594
0.035295594
0.035295594
0.035295594
0.035295594
0.035295594
0.035295594
0.035295594
0.035295594
0.035295594
0.035295594
0.035295594
0.035295594
0.035295594
0.035295594
0.035295594
0.035295594
0.035295594
0.035295594
0.035295594
0.035295594
0.035295594
0.035295594
0.035295594
0.035295594
0.035295594
0.035295594
0.035295594
0.035295594
0.035295594
0.035295594
0.035295594
0.035295594
0.035295594
0.035295594
0.035295594
0.035295594
0.035295594
0.035295594
0.035295594
0.035295594
0.035295594
0.035295594
0.035295594
0.035295594
0.035295594
0.035295594
0.035295594
0.035295594
0.035295594
0.035295594
0.035295594
0.035295594
0.035295594
0.035295594
0.035295594
0.035295594
0.035295594
0.035295594
0.035295594
0.035295594
0.035295594
0.035295594
0.035295594
0.035295594
0.035295594
0.035295594
0.035295594
0.035295594
0.035295594
0.035295594
0.035295594
0.035295594
0.035295594
0.035295594
0.035295594
0.035295594
0.035295594
0.035295594
0.035295594
0.035295594
0.035295594
0.035295594
0.035295594
0.035295594
0.035295594
0.035295594
0.035295594
0.035295594
0.035295594
0.034955174
0.034476947
0.034202512
0.034202512
0.034202512
0.034202512
0.034202512
0.034202512
0.034202512
0.034202512
0.034202512
0.034202512
0.034202512
0.034202512
0.034202512
0.034202512
0.034202512
0.034202512
0.034202512
0.034202512
0.034202512
0.034202512
0.034202512
0.034202512
0.034202512
0.034202512
0.034202512
0.034202512
0.034202512
0.034202512
0.034202512
0.034202512
0.034202512
0.034202512
0.034202512
0.034202512
0.034202512
0.034202512
0.034202512
0.034202512
0.034202512
0.034202512
0.034202512
0.034202512
0.034202512
0.034202512
0.034202512
0.034202512
0.034202512
0.034202512
0.034202512
0.034202512
0.034202512
0.034202512
0.034202512
0.034202512
0.034202512
0.034202512
0.034202512
0.034202512
0.034202512
0.034202512
0.034202512
0.034202512
0.034202512
0.034202512
0.034202512
0.034202512
0.034202512
0.034202512
0.034202512
0.034202512
0.034202512
0.034202512
0.034202512
0.034202512
0.034202512
0.034202512
0.034202512
0.034202512
0.034202512
0.034202512
0.034202512
0.034202512
0.034202512
0.034202512
0.034202512
0.034202512
0.034202512
0.034202512
0.034202512
0.034202512
0.034202512
0.034202512
0.034202512
0.034202512
0.034202512
0.034202512
0.034202512
0.034202512
0.034202512
0.034202512
0.034202512
0.034202512
0.034202512
0.034202512
0.034202512
0.034202512
0.034202512
0.034202512
0.034202512
0.034202512
0.034202512
0.034202512
0.034202512
0.034202512
0.034202512
0.034202512
0.034202512
0.034202512
0.034202512
0.034202512
0.034202512
0.034202512
0.034202512
0.034202512
0.034202512
0.034202512
0.034202512
0.034202512
0.034202512
0.034202512
0.034202512
0.034202512
0.034202512
0.034202512
0.034202512
0.034202512
0.034202512
0.034202512
0.034202512
0.034202512
0.034202512
0.034202512
0.034202512
0.034202512
0.034202512
0.034202512
0.034202512
0.034202512
0.034202512
0.034202512
0.034202512
0.034202512
0.034202512
0.034202512
0.034202512
0.034202512
0.034202512
0.034202512
0.034202512
0.034202512
0.034202512
0.034202512
0.034202512
0.034202512
0.034202512
0.034202512
0.034202512
0.034202512
0.034202512
0.034202512
0.034202512
0.034202512
0.034202512
0.034202512
0.034202512
0.034202512
0.034202512
0.034202512
0.034202512
0.034202512
0.034202512
0.034202512
0.034202512
0.034202512
0.03383528
0.033317626
0.033317626
0.033317626
0.033317626
0.033317626
0.033317626
0.033317626
0.033317626
0.033317626
0.033317626
0.033317626
0.033317626
0.033317626
0.033317626
0.033317626
0.033317626
0.033317626
0.033317626
0.033317626
0.033317626
0.033317626
0.033317626
0.033317626
0.033317626
0.033317626
0.033317626
0.033317626
0.033317626
0.033317626
0.033317626
0.033317626
0.033317626
0.033317626
0.033317626
0.033317626
0.033317626
0.033317626
0.033317626
0.033317626
0.033317626
0.033317626
0.033317626
0.033317626
0.033317626
0.033317626
0.033317626
0.033317626
0.033317626
0.033317626
0.033317626
0.033317626
0.033317626
0.033317626
0.033317626
0.033317626
0.033317626
0.033317626
0.033317626
0.033317626
0.033317626
0.033317626
0.033317626
0.033317626
0.033317626
0.033317626
0.033317626
0.033317626
0.033317626
0.033317626
0.033317626
0.033317626
0.033317626
0.033317626
0.033317626
0.033317626
0.033317626
0.033317626
0.033317626
0.033317626
0.033317626
0.033317626
0.033317626
0.033317626
0.033317626
0.033317626
0.033317626
0.033317626
0.033317626
0.033317626
0.033317626
0.033317626
0.033317626
0.033317626
0.033317626
0.033317626
0.033317626
0.033317626
0.033317626
0.033317626
0.033317626
0.033317626
0.033317626
0.033317626
0.033317626
0.033317626
0.033317626
0.033317626
0.033317626
0.033317626
0.033317626
0.033317626
0.033317626
0.033317626
0.033317626
0.033317626
0.033317626
0.033317626
0.033317626
0.033317626
0.033317626
0.033317626
0.033317626
0.033317626
0.033317626
0.033317626
0.033317626
0.033317626
0.033317626
0.033317626
0.033317626
0.033317626
0.033317626
0.033317626
0.032507893
0.032448664
0.032308996
0.03229974
0.03229974
0.03229974
0.03229974
0.03229974
0.03229974
0.03229974
0.03229974
0.03229974
0.03229974
0.03229974
0.03229974
0.03229974
0.03229974
0.03229974
0.03229974
0.03229974
0.03229974
0.03229974
0.03229974
0.03229974
0.03229974
0.03229974
0.03229974
0.03229974
0.03229974
0.03229974
0.03229974
0.03229974
0.03229974
0.03229974
0.03229974
0.03229974
0.03229974
0.03229974
0.03229974
0.03229974
0.03229974
0.03229974
0.03229974
0.03229974
0.03229974
0.03229974
0.03229974
0.03229974
0.03229974
0.03229974
0.03229974
0.03229974
0.03229974
0.03229974
0.03229974
0.03229974
0.03229974
0.03229974
0.03229974
0.03229974
0.03229974
0.03229974
0.03229974
0.03229974
0.03229974
0.03229974
0.03229974
0.03229974
0.03229974
0.03229974
0.03229974
0.03229974
0.03229974
0.03229974
0.03229974
0.03229974
0.03229974
0.03229974
0.03229974
0.03229974
0.03229974
0.03229974
0.03229974
0.03229974
0.03229974
0.03229974
0.03229974
0.03229974
0.03229974
0.03229974
0.03229974
0.03229974
0.03229974
0.03229974
0.03229974
0.03229974
0.03229974
0.03229974
0.03229974
0.03229974
0.03229974
0.03229974
0.03229974
0.03229974
0.03229974
0.03229974
0.03229974
0.03229974
0.03229974
0.03229974
0.03229974
0.03229974
0.03229974
0.03229974
0.03229974
0.03229974
0.03229974
0.03229974
0.03229974
0.03229974
0.03229974
0.03229974
0.03229974
0.03229974
0.03229974
0.03229974
0.03229974
0.03229974
0.03229974
0.03229974
0.03229974
0.03229974
0.03229974
0.03229974
0.03229974
0.03229974
0.03229974
0.03229974
0.03229974
0.03229974
0.03229974
0.03229974
0.03229974
0.03229974
0.03229974
0.03229974
0.03229974
0.03229974
0.03229974
0.03229974
0.03229974
0.03229974
0.03229974
0.032089345
0.031797256
0.031797256
0.031797256
0.031797256
0.031797256
0.031797256
0.031797256
0.031797256
0.031797256
0.031797256
0.031797256
0.031797256
0.031797256
0.031797256
0.031797256
0.031797256
0.031797256
0.031797256
0.031797256
0.031797256
0.031797256
0.031797256
0.031797256
0.031797256
0.031797256
0.031797256
0.031797256
0.031797256
0.031797256
0.031797256
0.031797256
0.031797256
0.031797256
0.031797256
0.031797256
0.031797256
0.031797256
0.031797256
0.031797256
0.031797256
0.031797256
0.031797256
0.031797256
0.031797256
0.031797256
0.031797256
0.031797256
0.031797256
0.031797256
0.031797256
0.031797256
0.031797256
0.031797256
0.031797256
0.031797256
0.031797256
0.031797256
0.031797256
0.031797256
0.031797256
0.031797256
0.031797256
0.031797256
0.031797256
0.031797256
0.031797256
0.031797256
0.031797256
0.031797256
0.031797256
0.031797256
0.031797256
0.031797256
0.031797256
0.031797256
0.031797256
0.031797256
0.031797256
0.031797256
0.031797256
0.031797256
0.031797256
0.031797256
0.031797256
0.031797256
0.031797256
0.031797256
0.031797256
0.031797256
0.031797256
0.031797256
0.031797256
0.031797256
0.031797256
0.031797256
0.031797256
0.031797256
0.031797256
0.031797256
0.031797256
0.031797256
0.031797256
0.031797256
0.031797256
0.031797256
0.031797256
0.031797256
0.031797256
0.031797256
0.031797256
0.031797256
0.031797256
0.031797256
0.031797256
0.031797256
0.031797256
0.031797256
0.031797256
0.031797256
0.031797256
0.031797256
0.031797256
0.031797256
0.031797256
0.031797256
0.031797256
0.031797256
0.031797256
0.031797256
0.031797256
0.031797256
0.031797256
0.031797256
0.031797256
0.031797256
0.031797256
0.031797256
0.031797256
0.031797256
0.031797256
0.031797256
0.031797256
0.031797256
0.031797256
0.031797256
0.031797256
0.031797256
0.031797256
0.031797256
0.031797256
0.031797256
0.031797256
0.031797256
0.031797256
0.031797256
0.031797256
0.031797256
0.031797256
0.031797256
0.031797256
0.031797256
0.031797256
0.031797256
0.031797256
0.031797256
0.031797256
0.031797256
0.031797256
0.031797256
0.031797256
0.031797256
0.031797256
0.031797256
0.031797256
0.031797256
0.031797256
0.031797256
0.031797256
0.031797256
0.031797256
0.031797256
0.031797256
0.031797256
0.031797256
0.031797256
0.031797256
0.031797256
0.031797256
0.031797256
0.031797256
0.031797256
0.031797256
0.031797256
0.031797256
0.031797256
0.031797256
0.031797256
0.031797256
0.031797256
0.031797256
0.031797256
0.031797256
0.031797256
0.031797256
0.031797256
0.031797256
0.031797256
0.031797256
0.031797256
0.031797256
0.031797256
0.031797256
0.031797256
0.031797256
0.031797256
0.031797256
0.031797256
0.031797256
0.031797256
0.031797256
0.031501837
0.031501837
0.031501837
0.031501837
0.031501837
0.031501837
0.031501837
0.031501837
0.031501837
0.031501837
0.031501837
0.031501837
0.031501837
0.031501837
0.031501837
0.031501837
0.031501837
0.031501837
0.031501837
0.031501837
0.031501837
0.031501837
0.031501837
0.031501837
0.031501837
0.031501837
0.031501837
0.031501837
0.031501837
0.031501837
0.031501837
0.031501837
0.031501837
0.031501837
0.031501837
0.031501837
0.031501837
0.031501837
0.031501837
0.031501837
0.031501837
0.031501837
0.031501837
0.031501837
0.031501837
0.031501837
0.031501837
0.031501837
0.031501837
0.031501837
0.031501837
0.031501837
0.031501837
0.031501837
0.031501837
0.031501837
0.031501837
0.031501837
0.031501837
0.031501837
0.031501837
0.031501837
0.031501837
0.031501837
0.031501837
0.031501837
0.031501837
0.031501837
0.031501837
0.031501837
0.031501837
0.031501837
0.031501837
0.031501837
0.031501837
0.031501837
0.031501837
0.031501837
0.031501837
0.031501837
0.031501837
0.031501837
0.031501837
0.031501837
0.031501837
0.031501837
0.031501837
0.031501837
0.031501837
0.031501837
0.031501837
0.031501837
0.031501837
0.031501837
0.031501837
0.031501837
0.031501837
0.031501837
0.031501837
0.031501837
0.031501837
0.031501837
0.031501837
0.031501837
0.031501837
0.031501837
0.031501837
0.031501837
0.031501837
0.031501837
0.031501837
0.031501837
0.031501837
0.031501837
0.031501837
0.031501837
0.031501837
0.031501837
0.031501837
0.031501837
0.031501837
0.031501837
0.031501837
0.031501837
0.031501837
0.031501837
0.031501837
0.031501837
0.031501837
0.031501837
0.031501837
0.031501837
0.031501837
0.031501837
0.031501837
0.031501837
0.031501837
0.031501837
0.031501837
0.031501837
0.031501837
0.031501837
0.031501837
0.031501837
0.031501837
0.031501837
0.031501837
0.031501837
0.031501837
0.031501837
0.031501837
0.031501837
0.031501837
0.031501837
0.031501837
0.031501837
0.031501837
0.031501837
0.031501837
0.031501837
0.031501837
0.031501837
0.031501837
0.031501837
0.031501837
0.031501837
0.031501837
0.031501837
0.031501837
0.031501837
0.031501837
0.031501837
0.031501837
0.031501837
0.031501837
0.031501837
0.031501837
0.031501837
0.031501837
0.031501837
0.031501837
0.031501837
0.031501837
0.031501837
0.031501837
0.031501837
0.031501837
0.031501837
0.031501837
0.031501837
0.031501837
0.031501837
0.031501837
0.031501837
0.03137136
0.03137136
0.03137136
0.03137136
0.03137136
0.03137136
0.03137136
0.03137136
0.03137136
0.03137136
0.03137136
0.03137136
0.03137136
0.03137136
0.03137136
0.03137136
0.03137136
0.03137136
0.03137136
0.03137136
0.03137136
0.03137136
0.03137136
0.03137136
0.03137136
0.03137136
0.03137136
0.03137136
0.03137136
0.03137136
0.03137136
0.03137136
0.03137136
0.03137136
0.03137136
0.03137136
0.03137136
0.03137136
0.03137136
0.03137136
0.03137136
0.03137136
0.03137136
0.03137136
0.03137136
0.03137136
0.03137136
0.03137136
0.03137136
0.03137136
0.03137136
0.03137136
0.03137136
0.03137136
0.03137136
0.03137136
0.03137136
0.03137136
0.03137136
0.03137136
0.03137136
0.03137136
0.03137136
0.03137136
0.03137136
0.03137136
0.03137136
0.03137136
0.03137136
0.03137136
0.03137136
0.03137136
0.03137136
0.03137136
0.03137136
0.03137136
0.03137136
0.03137136
0.03137136
0.03137136
0.03137136
0.03137136
0.03137136
0.03137136
0.03137136
0.03137136
0.03137136
0.03137136
0.03137136
0.03137136
0.03137136
0.03137136
0.03137136
0.03137136
0.03137136
0.03137136
0.03137136
0.03137136
0.03137136
0.03137136
0.03137136
0.03137136
0.03137136
0.03137136
0.03137136
0.03137136
0.03137136
0.03137136
0.03137136
0.03137136
0.03137136
0.03137136
0.03137136
0.03137136
0.03137136
0.03137136
0.03137136
0.03137136
0.03137136
0.03137136
0.03137136
0.03137136
0.03137136
0.03137136
0.03137136
0.03137136
0.03137136
0.03137136
0.03137136
0.03137136
0.03137136
0.03137136
0.03137136
0.03137136
0.03137136
0.03137136
0.03137136
0.03137136
0.03137136
0.03137136
0.03137136
0.03137136
0.03137136
0.03137136
0.03137136
0.03137136
0.03137136
0.03137136
0.03137136
0.03137136
0.03137136
0.03137136
0.03137136
0.03137136
0.03137136
0.03137136
0.03137136
0.03137136
0.03137136
0.03137136
0.03137136
0.03137136
0.03137136
0.03137136
0.03137136
0.03137136
0.03137136
0.03137136
0.03137136
0.03137136
0.03137136
0.03137136
0.03137136
0.03137136
0.03137136
0.03137136
0.03137136
0.03137136
0.03137136
0.03137136
0.03137136
0.03137136
0.03137136
0.03137136
0.03137136
0.03137136
0.03137136
0.03137136
0.03137136
0.03137136
0.03137136
0.03137136
0.03137136
0.03137136
0.03137136
0.031298548
0.031246958
0.031246958
0.031246958
0.031246958
0.031246958
0.031246958
0.031246958
0.031246958
0.031246958
0.031246958
0.031246958
0.031246958
0.031246958
0.031246958
0.031246958
0.031246958
0.031246958
0.031246958
0.031246958
0.031246958
0.031246958
0.031246958
0.031246958
0.031246958
0.031246958
0.031246958
0.031246958
0.031246958
0.031246958
0.031246958
0.031246958
0.031246958
0.031246958
0.031246958
0.031246958
0.031246958
0.031246958
0.031246958
0.031246958
0.031246958
0.031246958
0.031246958
0.031246958
0.031246958
0.031246958
0.031246958
0.031246958
0.031246958
0.031246958
0.031246958
0.031246958
0.031246958
0.031246958
0.031246958
0.031246958
0.031246958
0.031246958
0.031246958
0.031246958
0.031246958
0.031246958
0.031246958
0.031246958
0.031246958
0.031246958
0.031246958
0.031246958
0.031246958
0.031246958
0.031246958
0.031246958
0.031246958
0.031246958
0.031246958
0.031246958
0.031246958
0.031246958
0.031246958
0.031246958
0.031246958
0.031246958
0.031246958
0.031246958
0.031246958
0.031246958
0.031246958
0.031246958
0.031246958
0.031246958
0.031246958
0.031246958
0.031246958
0.031246958
0.031246958
0.031246958
0.031246958
0.031246958
0.031246958
0.031246958
0.031246958
0.031246958
0.031246958
0.031246958
0.031246958
0.031246958
0.031246958
0.031246958
0.031246958
0.031246958
0.031246958
0.031246958
0.031246958
0.031246958
0.031246958
0.031046154
0.031003386
0.030986799
0.030986799
0.030652316
0.030602546
0.030198986
0.03010289
0.029690726
0.029690726
0.029690726
0.029690726
0.029690726
0.029690726
0.029690726
0.029690726
0.029690726
0.029690726
0.029690726
0.029690726
0.029684953
0.02944216
0.029105673
0.029105673
0.029105673
0.029105673
0.029105673
0.029105673
0.029105673
0.029105673
0.029105673
0.029105673
0.029105673
0.029105673
0.029105673
0.029105673
0.029105673
0.029105673
0.029105673
0.029105673
0.029105673
0.029105673
0.029105673
0.029105673
0.029105673
0.029105673
0.029105673
0.029105673
0.029105673
0.029105673
0.029105673
0.029105673
0.029105673
0.029105673
0.029105673
0.029105673
0.029105673
0.029105673
0.029105673
0.029105673
0.029105673
0.029105673
0.029105673
0.029105673
0.029105673
0.029105673
0.029105673
0.029105673
0.029105673
0.029105673
0.029105673
0.029105673
0.029105673
0.029105673
0.029105673
0.029105673
0.029105673
0.029105673
0.029105673
0.029105673
0.029105673
0.029105673
0.029105673
0.029105673
0.029105673
0.029105673
0.029105673
0.029105673
0.029105673
0.029105673
0.029105673
0.029105673
0.029105673
0.029105673
0.029105673
0.029105673
0.029105673
0.029105673
0.029105673
0.029105673
0.029105673
0.029105673
0.029105673
0.029105673
0.029105673
0.029105673
0.029105673
0.029105673
0.029105673
0.029105673
0.029105673
0.029105673
0.029105673
0.029105673
0.029105673
0.029105673
0.029105673
0.029105673
0.029105673
0.029105673
0.029105673
0.029105673
0.029105673
0.029105673
0.029105673
0.029105673
0.029105673
0.029105673
0.029105673
0.029105673
0.029105673
0.029105673
0.029105673
0.029105673
0.029105673
0.029105673
0.029105673
0.029105673
0.029105673
0.029105673
0.029105673
0.029105673
0.029105673
0.029105673
0.029105673
0.029105673
0.029105673
0.029105673
0.029105673
0.029105673
0.029105673
0.029105673
0.029105673
0.029105673
0.029105673
0.029105673
0.029105673
0.029105673
0.029105673
0.029105673
0.029105673
0.029105673
0.029105673
0.029105673
0.029105673
0.029105673
0.029105673
0.029105673
0.029105673
0.029105673
0.029105673
0.029105673
0.029105673
0.029105673
0.029105673
0.029105673
0.029105673
0.029105673
0.029105673
0.029105673
0.029105673
0.029105673
0.029105673
0.029105673
0.029105673
0.029105673
0.029105673
0.029105673
0.029105673
0.029105673
0.028743828
0.028743828
0.028743828
0.028743828
0.028718209
0.028376337
0.028230412
0.028230412
0.028230412
0.028230412
0.028230412
0.028230412
0.02801192
0.02801192
0.02801192
0.02801192
0.02801192
0.02801192
0.02801192
0.02801192
0.02801192
0.02801192
0.02801192
0.02801192
0.02801192
0.02801192
0.02801192
0.02801192
0.02801192
0.02801192
0.02801192
0.02801192
0.02801192
0.02801192
0.02801192
0.02801192
0.02801192
0.02801192
0.02801192
0.02801192
0.02801192
0.02801192
0.02801192
0.02801192
0.02801192
0.02801192
0.02801192
0.02801192
0.02801192
0.02801192
0.02801192
0.02801192
0.02801192
0.02801192
0.02801192
0.02801192
0.02801192
0.02801192
0.02801192
0.02801192
0.02801192
0.02801192
0.02801192
0.02801192
0.02801192
0.02801192
0.02801192
0.02801192
0.02801192
0.02801192
0.02801192
0.02801192
0.02801192
0.02801192
0.02801192
0.02801192
0.02801192
0.02801192
0.02801192
0.02801192
0.02801192
0.02801192
0.02801192
0.02801192
0.02801192
0.02801192
0.02801192
0.02801192
0.02801192
0.02801192
0.02801192
0.02801192
0.02801192
0.02801192
0.02801192
0.02801192
0.02801192
0.02801192
0.02801192
0.02801192
0.02801192
0.02801192
0.02801192
0.02801192
0.02801192
0.02801192
0.02801192
0.02801192
0.02801192
0.02801192
0.02801192
0.02801192
0.02801192
0.02801192
0.02801192
0.02801192
0.02801192
0.02801192
0.02801192
0.02801192
0.02801192
0.02801192
0.02801192
0.02801192
0.02801192
0.02801192
0.02801192
0.02755784
0.02755784
0.02755784
0.02755784
0.02755784
0.02755784
0.02733717
0.027250415
0.027138168
0.027117696
0.027117696
0.027117696
0.027117696
0.027117696
0.027117696
0.027117696
0.027117696
0.027117696
0.027117696
0.027117696
0.027117696
0.027117696
0.027117696
0.027117696
0.027117696
0.027117696
0.027117696
0.027117696
0.027117696
0.027117696
0.027117696
0.027117696
0.027117696
0.027117696
0.027117696
0.027117696
0.027117696
0.027117696
0.027117696
0.027117696
0.027117696
0.027117696
0.027117696
0.027117696
0.027117696
0.027117696
0.027117696
0.027117696
0.027117696
0.027117696
0.027117696
0.027117696
0.027117696
0.027117696
0.027117696
0.027117696
0.027117696
0.027117696
0.027117696
0.027117696
0.027117696
0.027117696
0.027117696
0.027117696
0.027117696
0.027117696
0.027117696
0.027117696
0.027117696
0.027117696
0.027117696
0.027117696
0.027117696
0.027117696
0.027117696
0.027117696
0.027117696
0.027117696
0.027117696
0.027117696
0.027117696
0.027117696
0.027117696
0.027117696
0.027117696
0.027117696
0.027117696
0.027117696
0.027117696
0.027117696
0.027117696
0.027117696
0.027117696
0.027117696
0.027117696
0.027117696
0.027117696
0.027117696
0.027117696
0.027117696
0.027117696
0.027117696
0.027117696
0.027117696
0.027117696
0.027117696
0.027117696
0.027117696
0.027117696
0.027117696
0.027117696
0.027117696
0.027117696
0.027117696
0.027117696
0.027117696
0.027117696
0.027117696
0.027117696
0.027117696
0.027117696
0.027117696
0.027117696
0.027117696
0.027117696
0.027117696
0.027117696
0.027117696
0.027117696
0.027117696
0.027117696
0.027117696
0.027117696
0.027117696
0.027117696
0.027117696
0.027117696
0.027117696
0.027117696
0.027117696
0.027117696
0.027117696
0.027117696
0.027117696
0.027117696
0.027117696
0.027117696
0.027117696
0.027117696
0.027117696
0.027117696
0.027117696
0.027117696
0.027117696
0.027117696
0.027117696
0.027117696
0.027117696
0.027117696
0.027117696
0.027117696
0.027117696
0.027117696
0.027117696
0.027117696
0.027117696
0.027117696
0.027117696
0.027117696
0.027117696
0.027117696
0.027117696
0.027117696
0.027117696
0.027117696
0.027117696
0.027117696
0.027117696
0.027117696
0.027117696
0.027117696
0.027117696
0.027117696
0.027117696
0.027117696
0.027117696
0.027117696
0.027117696
0.027117696
0.027117696
0.027117696
0.027117696
0.027117696
0.027117696
0.027117696
0.027117696
0.027117696
0.027117696
0.027117696
0.027117696
0.027117696
0.027117696
0.027117696
0.027117696
0.027117696
0.027117696
0.027117696
0.027117696
0.027117696
0.027117696
0.027117696
0.027117696
0.027117696
0.027117696
0.027117696
0.027117696
0.027117696
0.027117696
0.027117696
0.027117696
0.027117696
0.027117696
0.027117696
0.027117696
0.027117696
0.027117696
0.027117696
0.027117696
0.027117696
0.027117696
0.027117696
0.027117696
0.027117696
0.027117696
0.027117696
0.027117696
0.027117696
0.027117696
0.027117696
0.027117696
0.027117696
0.027117696
0.027117696
0.027117696
0.027117696
0.027117696
0.027117696
0.027117696
0.027117696
0.027117696
0.027117696
0.027117696
0.027117696
0.027117696
0.027117696
0.027117696
0.027117696
0.027117696
0.027117696
0.027117696
0.027117696
0.027117696
0.027117696
0.027117696
0.027117696
0.027117696
0.027117696
0.027117696
0.027117696
0.027117696
0.027117696
0.027117696
0.027117696
0.027117696
0.027117696
0.027117696
0.027117696
0.027117696
0.027117696
0.027117696
0.026964707
0.02686306
0.02686306
0.02686306
0.02686306
0.02686306
0.02686306
0.02686306
0.02686306
0.02686306
0.02686306
0.02686306
0.02686306
0.02686306
0.02686306
0.02686306
0.02686306
0.02686306
0.02686306
0.02686306
0.02686306
0.02686306
0.02686306
0.02686306
0.02686306
0.02686306
0.02686306
0.02686306
0.02686306
0.02686306
0.02686306
0.02686306
0.02686306
0.02686306
0.02686306
0.02686306
0.02686306
0.02686306
0.02686306
0.02686306
0.02686306
0.02686306
0.02686306
0.02686306
0.02686306
0.02686306
0.02686306
0.02686306
0.02686306
0.02686306
0.02686306
0.02686306
0.02686306
0.02686306
0.02686306
0.02686306
0.02686306
0.02686306
0.02686306
0.02686306
0.02686306
0.02686306
0.02686306
0.02686306
0.02686306
0.02686306
0.02686306
0.02686306
0.02686306
0.02686306
0.02686306
0.02686306
0.02686306
0.02686306
0.02686306
0.02686306
0.02686306
0.02686306
0.02686306
0.02686306
0.02686306
0.02686306
0.02686306
0.02686306
0.02686306
0.02686306
0.02686306
0.02686306
0.02686306
0.02686306
0.02686306
0.02686306
0.02686306
0.02686306
0.02686306
0.02686306
0.02686306
0.02686306
0.02686306
0.02686306
0.02686306
0.02686306
0.02686306
0.02686306
0.02686306
0.02686306
0.02686306
0.02686306
0.02686306
0.02686306
0.02686306
0.02686306
0.02686306
0.02686306
0.02686306
0.02686306
0.02686306
0.02686306
0.02686306
0.02686306
0.02686306
0.02686306
0.02666566
0.02666566
0.02666566
0.02666566
0.02666566
0.02666566
0.02666566
0.02666566
0.02666566
0.02666566
0.02666566
0.02666566
0.02666566
0.02666566
0.02666566
0.02666566
0.02666566
0.02666566
0.02666566
0.02666566
0.02666566
0.02666566
0.02666566
0.02666566
0.02666566
0.02666566
0.02666566
0.02666566
0.02666566
0.02666566
0.02666566
0.02666566
0.02666566
0.02666566
0.02666566
0.02666566
0.02666566
0.02666566
0.02666566
0.02666566
0.02666566
0.02666566
0.02666566
0.02666566
0.02666566
0.02666566
0.02666566
0.02666566
0.02666566
0.02666566
0.02666566
0.02666566
0.02666566
0.02666566
0.02666566
0.02666566
0.02666566
0.02666566
0.02666566
0.02666566
0.02666566
0.02666566
0.02666566
0.02666566
0.02666566
0.02666566
0.02666566
0.02666566
0.02666566
0.02666566
0.02666566
0.02666566
0.02666566
0.02666566
0.02666566
0.02666566
0.02666566
0.02666566
0.02666566
0.02666566
0.02666566
0.02666566
0.02666566
0.02666566
0.02666566
0.02666566
0.02666566
0.02666566
0.02666566
0.02666566
0.02666566
0.02666566
0.02666566
0.02666566
0.02666566
0.02666566
0.02666566
0.02666566
0.02666566
0.02666566
0.02666566
0.02666566
0.02666566
0.02666566
0.02666566
0.02666566
0.02666566
0.02666566
0.02666566
0.02666566
0.02666566
0.02666566
0.02666566
0.02666566
0.02666566
0.02666566
0.02666566
0.02666566
0.02666566
0.02666566
0.02666566
0.02666566
0.02666566
0.02666566
0.02666566
0.02666566
0.02666566
0.02666566
0.02666566
0.02666566
0.02666566
0.02666566
0.02666566
0.02666566
0.02666566
0.02666566
0.02666566
0.02666566
0.02666566
0.02666566
0.02666566
0.02666566
0.02666566
0.02666566
0.02666566
0.02666566
0.02666566
0.02666566
0.02666566
0.02666566
0.02666566
0.02666566
0.02666566
0.02666566
0.02666566
0.02666566
0.02666566
0.02666566
0.02666566
0.02666566
0.02666566
0.02666566
0.02666566
0.02666566
0.02666566
0.02666566
0.02666566
0.02666566
0.02666566
0.02666566
0.02666566
0.02666566
0.02666566
0.02666566
0.02666566
0.02666566
0.02666566
0.02666566
0.02666566
0.02666566
0.02666566
0.02666566
0.02666566
0.02666566
0.02666566
0.02666566
0.02666566
0.02666566
0.02666566
0.02666566
0.02666566
0.02666566
0.02666566
0.02666566
0.02666566
0.02666566
0.026319778
0.025933063
0.025889032
0.025868544
0.025868544
0.025868544
0.025868544
0.025868544
0.025868544
0.025868544
0.025868544
0.025868544
0.025868544
0.025868544
0.025868544
0.025868544
0.025868544
0.025868544
0.025868544
0.025868544
0.025868544
0.025868544
0.025868544
0.025868544
0.025662938
0.025642117
0.025433738
0.025433738
0.025016146
0.025016146
0.025016146
0.025016146
0.025016146
0.025016146
0.025016146
0.025016146
0.025016146
0.025016146
0.025016146
0.025016146
0.025016146
0.025016146
0.025016146
0.025016146
0.025016146
0.025016146
0.025016146
0.025016146
0.025016146
0.025016146
0.025016146
0.025016146
0.025016146
0.025016146
0.025016146
0.025016146
0.025016146
0.025016146
0.025016146
0.025016146
0.025016146
0.025016146
0.025016146
0.025016146
0.025016146
0.025016146
0.025016146
0.025016146
0.025016146
0.025016146
0.025016146
0.025016146
0.025016146
0.025016146
0.025016146
0.025016146
0.025016146
0.025016146
0.025016146
0.025016146
0.025016146
0.025016146
0.025016146
0.025016146
0.025016146
0.025016146
0.025016146
0.025016146
0.025016146
0.025016146
0.025016146
0.025016146
0.025016146
0.025016146
0.025016146
0.025016146
0.025016146
0.025016146
0.025016146
0.025016146
0.025016146
0.025016146
0.025016146
0.025016146
0.025016146
0.025016146
0.025016146
0.025016146
0.025016146
0.025016146
0.025016146
0.025016146
0.025016146
0.025016146
0.025016146
0.025016146
0.025016146
0.025016146
0.025016146
0.025016146
0.025016146
0.025016146
0.025016146
0.025016146
0.025016146
0.025016146
0.025016146
0.025016146
0.025016146
0.025016146
0.025016146
0.025016146
0.025016146
0.025016146
0.025016146
0.025016146
0.025016146
0.025016146
0.025016146
0.025016146
0.025016146
0.025016146
0.025016146
0.025016146
0.025016146
0.025016146
0.025016146
0.025016146
0.025016146
0.025016146
0.025016146
0.025016146
0.025016146
0.025016146
0.025016146
0.025016146
0.025016146
0.025016146
0.025016146
0.025016146
0.025016146
0.025016146
0.025016146
0.025016146
0.025016146
0.025016146
0.025016146
0.025016146
0.025016146
0.025016146
0.025016146
0.025016146
0.025016146
0.025016146
0.025016146
0.025016146
0.025016146
0.025016146
0.025016146
0.025016146
0.025016146
0.025016146
0.025016146
0.025016146
0.025016146
0.025016146
0.025016146
0.025016146
0.024968192
0.024761759
0.024761759
0.024761759
0.024761759
0.024761759
0.024761759
0.024761759
0.024761759
0.024761759
0.024641562
0.02459899
0.02459899
0.02459899
0.02459899
0.02459899
0.02459899
0.02459899
0.02459899
0.02459899
0.02459899
0.02459899
0.02459899
0.02459899
0.02459899
0.02459899
0.02459899
0.02459899
0.02459899
0.02459899
0.02459899
0.02459899
0.02459899
0.02459899
0.02459899
0.02459899
0.02459899
0.02459899
0.02459899
0.02459899
0.02459899
0.02459899
0.02459899
0.02459899
0.02459899
0.02459899
0.02459899
0.02459899
0.02459899
0.02459899
0.02459899
0.02459899
0.02459899
0.02459899
0.02459899
0.02459899
0.02459899
0.02459899
0.02459899
0.02459899
0.02459899
0.02459899
0.02459899
0.02459899
0.02459899
0.02459899
0.02459899
0.02459899
0.02459899
0.02459899
0.02459899
0.02459899
0.02459899
0.02459899
0.02459899
0.02459899
0.02459899
0.02459899
0.02459899
0.02459899
0.02459899
0.02459899
0.02459899
0.02459899
0.02459899
0.02459899
0.02459899
0.02459899
0.02459899
0.02459899
0.02459899
0.02459899
0.02459899
0.02459899
0.02459899
0.02459899
0.02459899
0.02459899
0.02459899
0.02459899
0.02459899
0.02459899
0.02459899
0.02459899
0.02459899
0.02459899
0.02459899
0.02459899
0.02459899
0.02459899
0.02459899
0.02459899
0.02459899
0.02459899
0.02459899
0.02459899
0.02459899
0.02459899
0.02459899
0.02459899
0.02459899
0.02459899
0.02459899
0.02459899
0.02459899
0.02459899
0.02459899
0.02459899
0.02459899
0.02459899
0.02459899
0.02459899
0.02459899
0.02459899
0.02459899
0.02459899
0.02459899
0.02459899
0.02459899
0.02459899
0.02459899
0.02459899
0.02459899
0.02459899
0.02459899
0.02459899
0.02459899
0.02459899
0.02459899
0.02459899
0.02459899
0.02459899
0.02459899
0.02459899
0.02459899
0.02459899
0.02459899
0.02459899
0.02459899
0.02459899
0.02459899
0.02459899
0.02459899
0.02459899
0.02459899
0.02459899
0.02459899
0.02459899
0.02459899
0.02459899
0.02459899
0.02459899
0.02459899
0.02459899
0.02459899
0.02459899
0.02459899
0.024557725
0.024557725
0.024557725
0.024527276
0.024210861
0.024072587
0.023971243
0.02390902
0.023712581
0.023712581
0.023698462
0.023545556
0.023541765
0.023541765
0.023541765
0.023541765
0.023541765
0.023534978
0.023502441
0.023481384
0.023481384
0.023481384
0.023481384
0.023481384
0.023481384
0.023481384
0.023481384
0.023481384
0.023481384
0.023481384
0.023481384
0.023481384
0.023481384
0.023481384
0.023481384
0.023481384
0.023481384
0.023481384
0.023481384
0.023481384
0.023481384
0.023481384
0.023481384
0.023481384
0.023481384
0.023481384
0.023481384
0.023481384
0.023481384
0.023481384
0.023481384
0.023481384
0.023481384
0.023481384
0.023481384
0.023481384
0.023481384
0.023481384
0.023481384
0.023481384
0.023481384
0.023481384
0.023481384
0.023481384
0.023481384
0.023481384
0.023481384
0.023481384
0.023481384
0.023481384
0.023481384
0.023481384
0.023481384
0.023481384
0.023481384
0.023481384
0.023481384
0.023481384
0.023481384
0.023481384
0.023481384
0.023481384
0.023481384
0.023481384
0.023481384
0.023481384
0.023481384
0.023481384
0.023481384
0.023481384
0.023481384
0.023481384
0.023481384
0.023481384
0.023481384
0.023481384
0.023481384
0.023481384
0.023481384
0.023481384
0.023481384
0.023481384
0.023481384
0.023481384
0.023481384
0.023481384
0.023481384
0.023481384
0.023481384
0.023481384
0.023481384
0.023481384
0.023481384
0.023481384
0.023481384
0.023481384
0.023481384
0.023481384
0.023481384
0.023481384
0.023481384
0.023481384
0.023481384
0.023481384
0.023481384
0.023481384
0.023481384
0.023481384
0.023481384
0.023481384
0.023481384
0.023481384
0.023481384
0.023481384
0.023481384
0.023481384
0.023481384
0.023481384
0.023481384
0.023481384
0.023481384
0.023481384
0.023481384
0.023481384
0.023481384
0.023481384
0.023481384
0.023481384
0.023481384
0.023481384
0.023481384
0.023481384
0.023481384
0.023481384
0.023481384
0.023481384
0.023481384
0.023481384
0.023481384
0.023481384
0.023481384
0.023481384
0.023481384
0.023481384
0.023481384
0.023481384
0.023481384
0.023481384
0.023481384
0.023481384
0.023481384
0.023481384
0.023481384
0.023481384
0.023481384
0.023481384
0.023481384
0.023481384
0.023481384
0.023481384
0.023481384
0.023481384
0.023481384
0.023481384
0.023481384
0.023481384
0.023481384
0.023481384
0.023481384
0.023481384
0.023481384
0.023481384
0.023481384
0.023481384
0.023481384
0.023481384
0.023481384
0.023481384
0.023481384
0.023481384
0.023481384
0.023481384
0.023481384
0.023481384
0.023481384
0.023481384
0.023481384
0.023481384
0.023481384
0.023481384
0.023481384
0.023481384
0.023481384
0.023481384
0.023481384
0.023481384
0.023481384
0.023481384
0.023481384
0.023481384
0.023481384
0.023481384
0.023481384
0.023481384
0.023481384
0.023481384
0.023481384
0.02345646
0.02345646
0.02345646
0.02345646
0.02345646
0.02345646
0.02345646
0.02345646
0.02345646
0.02345646
0.02340648
0.023268951
0.02325012
0.023189282
0.023006849
0.023006849
0.023006849
0.023006849
0.023006849
0.022972917
0.022972917
0.02289069
0.02289069
0.02289069
0.02289069
0.022863908
0.022857113
0.022857113
0.022857113
0.022857113
0.022857113
0.022857113
0.022857113
0.022857113
0.022857113
0.022857113
0.022857113
0.022857113
0.022857113
0.022857113
0.022857113
0.022857113
0.022857113
0.022857113
0.022857113
0.022857113
0.022857113
0.022857113
0.022857113
0.022857113
0.022857113
0.022857113
0.022857113
0.022857113
0.022857113
0.022857113
0.022857113
0.022857113
0.022857113
0.022857113
0.022857113
0.022857113
0.022857113
0.022857113
0.022857113
0.022857113
0.022857113
0.022857113
0.022857113
0.022857113
0.022857113
0.022857113
0.022857113
0.022857113
0.022857113
0.022857113
0.022857113
0.022857113
0.022857113
0.022857113
0.022857113
0.022857113
0.022857113
0.022857113
0.022857113
0.022857113
0.022857113
0.022857113
0.022857113
0.022857113
0.022857113
0.022857113
0.022857113
0.022857113
0.022857113
0.022857113
0.022857113
0.022857113
0.022857113
0.022857113
0.022857113
0.022857113
0.022857113
0.022857113
0.022857113
0.022857113
0.022857113
0.022857113
0.022857113
0.022857113
0.022857113
0.022857113
0.022857113
0.022857113
0.022857113
0.022857113
0.022857113
0.022857113
0.022857113
0.022857113
0.022857113
0.022857113
0.022857113
0.022857113
0.022857113
0.022857113
0.022857113
0.022857113
0.022857113
0.022857113
0.022857113
0.022857113
0.022857113
0.022857113
0.022857113
0.022857113
0.022857113
0.022857113
0.022857113
0.022857113
0.022857113
0.022857113
0.022857113
0.022857113
0.022857113
0.022857113
0.022857113
0.022857113
0.022857113
0.022857113
0.022857113
0.022857113
0.022857113
0.022857113
0.022857113
0.022857113
0.022857113
0.022857113
0.022857113
0.022857113
0.022857113
0.022857113
0.022857113
0.022857113
0.022857113
0.022857113
0.022857113
0.022857113
0.022857113
0.022857113
0.022857113
0.022857113
0.022857113
0.022857113
0.022857113
0.022857113
0.022857113
0.022857113
0.022857113
0.022857113
0.022857113
0.022857113
0.022857113
0.022857113
0.022857113
0.022857113
0.022857113
0.022857113
0.022857113
0.022857113
0.022857113
0.022857113
0.022857113
0.022857113
0.022857113
0.022857113
0.022857113
0.022857113
0.022857113
0.022857113
0.022857113
0.022857113
0.022857113
0.022857113
0.022857113
0.022857113
0.022857113
0.022857113
0.022857113
0.022857113
0.022857113
0.022857113
0.022857113
0.022857113
0.022857113
0.022857113
0.022857113
0.022857113
0.022857113
0.022857113
0.022857113
0.022857113
0.022857113
0.022857113
0.022857113
0.022857113
0.022857113
0.022857113
0.022857113
0.022857113
0.022857113
0.022857113
0.022857113
0.022857113
0.022857113
0.022857113
0.022857113
0.022857113
0.022857113
0.022857113
0.022843085
0.022843085
0.02273752
0.022716466
0.022716466
0.022679545
0.022507386
0.022407303
0.022349067
0.022138061
0.021627076
0.021582587
0.021582587
0.021538144
0.021538144
0.02153255
0.02153255
0.02153255
0.021394085
0.021365812
0.021344839
0.021248663
0.021183908
0.021183537
0.021183537
0.021183537
0.021087065
0.021087065
0.021087065
0.0210556
0.020967936
0.020967936
0.0207825
0.020712039
0.020661846
0.020646414
0.020646414
0.020638373
0.020638373
0.020638373
0.020638373
0.020638373
0.020638373
0.020638373
0.020638373
0.020638373
0.020638373
0.020638373
0.020638373
0.020638373
0.020638373
0.020638373
0.020638373
0.020638373
0.020638373
0.020638373
0.020638373
0.020638373
0.020638373
0.020638373
0.020638373
0.020638373
0.020638373
0.020638373
0.020638373
0.020638373
0.020638373
0.020638373
0.020638373
0.020638373
0.020638373
0.020638373
0.020638373
0.020638373
0.020638373
0.020638373
0.020638373
0.020638373
0.020638373
0.020638373
0.020638373
0.020638373
0.020638373
0.020638373
0.020638373
0.020638373
0.020638373
0.020638373
0.020638373
0.020638373
0.020638373
0.020638373
0.020638373
0.020638373
0.020638373
0.020638373
0.020638373
0.020638373
0.020638373
0.020638373
0.020638373
0.020638373
0.020638373
0.020638373
0.020638373
0.020638373
0.020638373
0.020638373
0.020638373
0.020638373
0.020638373
0.020638373
0.020638373
0.020638373
0.020638373
0.020638373
0.020638373
0.020638373
0.020638373
0.020638373
0.020638373
0.020638373
0.020638373
0.020638373
0.020638373
0.020638373
0.020638373
0.020638373
0.020638373
0.020638373
0.020638373
0.020638373
0.020638373
0.020638373
0.020638373
0.020638373
0.020638373
0.020638373
0.020638373
0.020638373
0.020638373
0.020638373
0.020638373
0.020638373
0.020638373
0.020638373
0.020638373
0.020638373
0.020638373
0.020638373
0.020638373
0.020638373
0.020638373
0.020638373
0.020638373
0.020638373
0.020638373
0.020638373
0.020638373
0.020638373
0.020638373
0.020638373
0.020638373
0.020638373
0.020638373
0.020638373
0.020638373
0.020638373
0.020638373
0.020638373
0.020638373
0.020638373
0.020638373
0.020638373
0.020638373
0.020638373
0.020638373
0.020638373
0.020638373
0.020638373
0.020638373
0.020638373
0.020638373
0.020638373
0.020638373
0.020638373
0.020638373
0.020638373
0.020638373
0.020638373
0.020638373
0.020638373
0.020638373
0.020638373
0.020638373
0.020638373
0.020638373
0.020638373
0.020638373
0.020638373
0.020638373
0.020638373
0.020638373
0.020638373
0.020638373
0.020638373
0.020638373
0.020638373
0.020638373
0.020638373
0.020638373
0.020638373
0.020638373
0.020638373
0.020638373
0.020638373
0.020638373
0.020638373
0.020638373
0.020638373
0.020638373
0.020638373
0.020638373
0.020638373
0.020638373
0.020638373
0.020638373
0.020638373
0.020638373
0.020638373
0.020638373
0.020638373
0.020638373
0.020638373
0.020638373
0.020638373
0.020638373
0.020638373
0.020638373
0.020638373
0.020638373
0.020638373
0.020638373
0.020638373
0.020638373
0.020638373
0.020638373
0.020638373
0.020638373
0.020638373
0.020638373
0.020638373
0.020638373
0.020638373
0.020638373
0.020638373
0.020638373
0.020638373
0.020638373
0.020638373
0.020638373
0.020638373
0.020638373
0.020638373
0.020638373
0.020638373
0.020638373
0.020638373
0.020638373
0.020638373
0.020638373
0.020638373
0.020638373
0.020609645
0.02053299
0.020470189
0.020417545
0.020298518
0.02020695
0.02020695
0.020200673
0.020123493
0.020119099
0.020119099
0.020119099
0.020119099
0.020119099
0.020119099
0.020119099
0.020119099
0.020119099
0.020119099
0.020119099
0.020119099
0.020119099
0.020119099
0.020119099
0.020119099
0.020119099
0.020119099
0.020119099
0.020119099
0.020119099
0.020119099
0.020119099
0.020119099
0.020119099
0.020119099
0.020119099
0.020119099
0.020119099
0.020119099
0.020119099
0.020119099
0.020119099
0.020119099
0.020119099
0.020119099
0.020119099
0.020119099
0.020119099
0.020119099
0.020119099
0.020119099
0.020119099
0.020119099
0.020119099
0.020119099
0.020119099
0.020119099
0.020119099
0.020119099
0.020119099
0.020119099
0.020119099
0.020119099
0.020119099
0.020119099
0.020119099
0.020119099
0.020119099
0.020119099
0.020119099
0.020119099
0.020119099
0.020119099
0.020119099
0.020119099
0.020119099
0.020119099
0.020119099
0.020119099
0.020119099
0.020119099
0.020119099
0.020119099
0.020119099
0.020119099
0.020119099
0.020119099
0.020119099
0.020119099
0.020119099
0.020119099
0.020119099
0.020119099
0.020119099
0.020119099
0.020119099
0.020119099
0.020119099
0.020119099
0.020119099
0.020119099
0.020119099
0.020119099
0.020119099
0.020119099
0.020119099
0.020119099
0.020119099
0.020119099
0.020119099
0.020119099
0.020119099
0.020119099
0.020119099
0.020119099
0.020119099
0.020119099
0.020119099
0.020119099
0.020119099
0.020119099
0.020119099
0.020119099
0.020119099
0.020119099
0.020119099
0.020119099
0.020119099
0.020119099
0.020119099
0.020119099
0.020119099
0.020119099
0.020119099
0.020119099
0.020119099
0.020119099
0.020119099
0.020119099
0.020119099
0.020119099
0.020119099
0.020119099
0.020119099
0.020119099
0.020119099
0.020119099
0.020119099
0.020119099
0.020119099
0.020119099
0.020119099
0.020119099
0.020119099
0.020119099
0.020119099
0.020119099
0.020119099
0.020119099
0.020119099
0.020119099
0.020119099
0.020119099
0.020119099
0.020119099
0.020119099
0.020119099
0.020119099
0.020119099
0.020119099
0.020119099
0.020119099
0.020119099
0.020119099
0.020119099
0.020119099
0.020119099
0.020119099
0.020119099
0.020119099
0.020119099
0.020119099
0.020119099
0.020119099
0.020119099
0.020119099
0.020119099
0.020119099
0.020119099
0.020119099
0.020119099
0.020119099
0.020119099
0.020119099
0.020119099
0.020119099
0.020119099
0.020119099
0.020119099
0.020119099
0.020119099
0.020119099
0.020119099
0.020119099
0.020119099
0.020119099
0.020119099
0.020119099
0.020119099
0.020119099
0.020119099
0.020119099
0.020119099
0.020119099
0.020119099
0.020119099
0.020119099
0.020119099
0.020119099
0.020119099
0.020119099
0.020119099
0.020119099
0.020119099
0.020119099
0.020119099
0.020119099
0.020119099
0.020119099
0.020119099
0.020119099
0.020119099
0.020119099
0.020119099
0.020119099
0.020119099
0.020119099
0.020119099
0.020119099
0.020119099
0.020119099
0.020119099
0.020119099
0.020119099
0.020119099
0.020119099
0.020119099
0.020119099
0.020119099
0.020119099
0.020119099
0.020119099
0.020119099
0.020119099
0.020119099
0.020119099
0.020119099
0.020119099
0.020119099
0.020119099
0.020119099
0.020119099
0.020119099
0.020119099
0.020119099
0.020119099
0.020119099
0.020119099
0.020119099
0.020119099
0.020119099
0.020119099
0.020119099
0.020119099
0.020119099
0.020119099
0.020119099
0.020119099
0.020119099
0.020119099
0.020119099
0.020119099
0.020119099
0.020119099
0.020119099
0.020119099
0.020119099
0.020119099
0.020119099
0.020119099
0.020119099
0.020119099
0.020119099
0.020119099
0.020119099
0.020119099
0.020119099
0.020119099
0.020119099
0.020119099
0.020119099
0.020119099
0.020119099
0.020119099
0.020119099
0.020119099
0.020119099
0.020119099
0.020119099
0.020119099
0.020119099
0.020119099
0.020119099
0.020119099
0.020119099
0.020119099
0.02010831
0.020093301
0.020004194
0.01985024
0.019845163
0.019845163
0.019725835
0.019719526
0.019719526
0.019636521
0.019586973
0.01948208
0.019410262
0.019371664
0.019353338
0.019320821
0.01929295
0.019267142
0.019267142
0.01926401
0.018981667
0.01894216
0.01894216
0.01894216
0.01894216
0.01894216
0.01894216
0.01894216
0.01894216
0.01894216
0.01894216
0.01894216
0.01894216
0.01894216
0.01894216
0.01894216
0.01894216
0.01894216
0.01894216
0.01894216
0.01894216
0.01894216
0.01894216
0.01894216
0.01894216
0.01894216
0.01894216
0.01894216
0.01894216
0.01894216
0.01894216
0.01894216
0.01894216
0.01894216
0.01894216
0.01894216
0.01894216
0.01894216
0.01894216
0.01894216
0.01894216
0.01894216
0.01894216
0.01894216
0.01894216
0.01894216
0.01894216
0.01894216
0.01894216
0.01894216
0.01894216
0.01894216
0.01894216
0.01894216
0.01894216
0.01894216
0.01894216
0.01894216
0.01894216
0.01894216
0.01894216
0.01894216
0.01894216
0.01894216
0.01894216
0.01894216
0.018862095
0.018842684
0.018842684
0.018842684
0.018842684
0.018842684
0.01873361
0.018658921
0.018658921
0.018658921
0.018658921
0.018658921
0.018658921
0.018658921
0.018658921
0.018658921
0.018658921
0.018658921
0.018658921
0.018658921
0.018658921
0.018658921
0.018658921
0.018658921
0.018658921
0.018658921
0.018658921
0.018658921
0.018658921
0.018658921
0.018658921
0.018658921
0.018658921
0.018658921
0.018658921
0.018658921
0.018658921
0.018658921
0.018658921
0.018658921
0.018658921
0.018658921
0.018658921
0.018658921
0.018658921
0.018658921
0.018658921
0.018658921
0.018658921
0.018658921
0.018658921
0.018658921
0.018658921
0.018658921
0.018658921
0.018658921
0.018658921
0.018658921
0.018658921
0.018658921
0.018658921
0.018658921
0.018658921
0.018658921
0.018658921
0.018658921
0.018658921
0.018658921
0.018658921
0.018658921
0.018658921
0.018658921
0.018658921
0.018658921
0.018658921
0.018658921
0.018658921
0.018658921
0.018658921
0.018658921
0.018658921
0.018658921
0.018658921
0.018658921
0.018658921
0.018658921
0.018658921
0.018658921
0.018658921
0.018658921
0.018658921
0.018658921
0.018658921
0.018658921
0.018658921
0.018658921
0.018658921
0.018658921
0.018658921
0.018658921
0.018658921
0.018658921
0.018658921
0.018658921
0.018658921
0.018658921
0.018658921
0.018658921
0.018658921
0.018658921
0.018658921
0.018658921
0.018658921
0.018658921
0.018658921
0.018658921
0.018658921
0.018658921
0.018658921
0.018658921
0.018658921
0.018658921
0.018658921
0.018658921
0.018658921
0.018658921
0.018658921
0.018658921
0.018658921
0.018658921
0.018658921
0.018658921
0.018658921
0.018658921
0.018658921
0.018658921
0.018658921
0.018658921
0.018658921
0.018658921
0.018658921
0.018658921
0.018658921
0.018658921
0.018658921
0.018658921
0.018658921
0.018658921
0.018658921
0.018658921
0.018658921
0.018658921
0.018658921
0.018658921
0.018658921
0.018658921
0.018658921
0.018658921
0.018658921
0.018658921
0.018658921
0.018658921
0.018658921
0.018658921
0.018658921
0.018658921
0.018658921
0.018658921
0.018658921
0.018658921
0.018658921
0.018658921
0.018658921
0.018658921
0.018658921
0.018658921
0.018658921
0.018658921
0.018658921
0.018658921
0.018658921
0.018658921
0.018658921
0.018658921
0.018658921
0.018658921
0.018658921
0.018658921
0.018658921
0.018658921
0.018658921
0.018658921
0.018658921
0.018658921
0.018658921
0.018658921
0.018658921
0.018658921
0.018658921
0.018658921
0.018658921
0.018658921
0.018658921
0.018658921
0.018658921
0.018658921
0.018658921
0.018658921
0.018658921
0.018574264
0.018558258
0.018558258
0.018558258
0.018558258
0.018558258
0.018558258
0.01848735
0.018422477
0.018422477
0.018409321
0.018387975
0.018377246
0.018377246
0.018377246
0.018377246
0.018377246
0.018362885
0.018347554
0.018347554
0.018347554
0.018319149
0.018306457
0.018268576
0.018268576
0.018239355
0.018239355
0.018239355
0.018239355
0.018239355
0.018239355
0.018239355
0.018228814
0.018226946
0.018226946
0.018031033
0.01794329
0.01782099
0.01782099
0.017664889
0.017574636
0.017526465
0.017515678
0.017473599
0.017473599
0.017473599
0.017473599
0.017473599
0.017473599
0.017473599
0.017473599
0.017473599
0.017473599
0.017473599
0.017473599
0.01721323
0.016986648
0.016914835
0.016886754
0.01674376
0.016677173
0.016677173
0.016677173
0.016677173
0.016677173
0.016677173
0.016677173
0.016677173
0.016677173
0.016677173
0.016677173
0.016638495
0.016612487
0.016604723
0.016574528
0.016539358
0.016505644
0.016450351
0.01642494
0.01642494
0.01642494
0.01642494
0.01642494
0.01639571
0.01639571
0.01639571
0.01639571
0.01639571
0.01639571
0.016361311
0.016074246
0.016074246
0.016074246
0.016074246
0.016074246
0.016074246
0.016074246
0.016074246
0.016074246
0.016074246
0.016074246
0.016074246
0.016074246
0.016074246
0.016001757
0.015987761
0.015987761
0.015987761
0.015987761
0.015987761
0.015972959
0.015967421
0.015967421
0.015967421
0.015967421
0.015967421
0.015967421
0.015967421
0.015967421
0.015967421
0.015967421
0.015967421
0.015967421
0.015967421
0.015967421
0.015933232
0.015908819
0.015843727
0.015843727
0.015843727
0.015843727
0.015843727
0.015803685
0.015794786
0.015776156
0.01571642
0.015665574
0.015640698
0.015604853
0.015565311
0.015557699
0.015550756
0.015514394
0.015514394
0.015514394
0.015514394
0.015514394
0.015463677
0.015413999
0.015407934
0.015398452
0.015271687
0.015256113
0.015214636
0.015214636
0.015214636
0.015214636
0.015214636
0.015214636
0.015214636
0.0152074415
0.0152074415
0.0152074415
0.0152074415
0.0152074415
0.0152074415
0.0152074415
0.015116863
0.01511634
0.015104568
0.015069111
0.015052107
0.014951973
0.014950736
0.014950736
0.01493221
0.01493221
0.01493221
0.0149074
0.014859573
0.014815396
0.01481516
0.014804495
0.014800427
0.014734927
0.014716482
0.014716482
0.014651203
0.014651203
0.014651203
0.014579659
0.014429287
0.0142864855
0.014254156
0.014201844
0.014148503
0.013982678
0.013916552
0.013903589
0.013853795
0.013853795
0.013853795
0.013853795
0.013853795
0.013853795
0.013820512
0.013820512
0.013784172
0.013654941
0.013598315
0.013592426
0.013592426
0.013592426
0.013503458
0.013474803
0.013341772
0.013341772
0.013341772
0.013315284
0.01325542
0.013226481
0.013207557
0.013188572
0.013140661
0.013094229
0.013002817
0.012966865
0.012886104
0.012886104
0.012862841
0.012788619
0.012661414
0.012604696
0.012593858
0.012577302
0.012574057
0.012370892
0.012349965
0.0123414295
0.012328823
0.012243525
0.0120825125
0.012002974
0.011987811
0.01196191
0.011961109
0.011845544
0.011845544
0.011827836
0.011827836
0.011827836
0.011826009
0.011677911
0.011646658
0.011568172
0.011549262
0.011518374
0.011518374
0.011518374
0.011446249
0.011407279
0.011343481
0.011188028
0.011146373
0.011095252
0.011028576
0.010914794
0.010473637
0.010472074
0.010470123
0.010470123
0.010470123
0.010426329
0.010426329
0.010405388
0.010390644
0.010353113
0.010289126
0.010281855
0.010227878
0.0101426225
0.0101426225
0.0101426225
0.0101426225
0.0101426225
0.0101426225
0.010130584
0.010126282
0.010126282
0.010037816
0.0099987015
0.009997388
0.00999002
0.009835529
0.009819618
0.009709683
0.009703234
0.009699857
0.009620859
0.009598268
0.009589786
0.009586286
0.009549535
0.009458897
0.009458897
0.009458897
0.009383149
0.00937112
0.009362446
0.009362446
0.009362446
0.009362446
0.0093119
0.009190585
0.009190585
0.009178946
0.009089374
0.009082792
0.009037865
0.009008411
0.008938031
0.008927148
0.008858243
0.008829497
0.008821568
0.008814458
0.008798067
0.008796924
0.008743562
0.008674271
0.008655701
0.008655701
0.008655701
0.008655701
0.008655701
0.008655701
0.008655701
0.008655701
0.008655701
0.008655701
0.008655701
0.008655701
0.008624969
0.008600894
0.008498025
0.008498025
0.008498025
0.008431239
0.007994919
0.0079940725
0.007887676
0.007798794
0.007576707
0.007576707
0.007576707
0.0075751436
0.0075751436
0.0075751436
0.0074162707
0.0072064097
0.0069247372
0.0066269846
0.00591559
0.005897791
0.005897791
0.0058509703
0.005712615
0.005677836
0.005677836
0.005677836
0.005677836
0.005677836
0.005458534
0.0051881676
0.0046292455
0.0040402836
