457 444 471 977 1152 1183 444 1379 0 0 0 0 0 0 0
1130 37 1338 1192 428 0 0 0 0 0 0 0 0 0 0
1522 1192 1618 444 388 0 0 0 0 0 0 0 0 0 0
624 444 973 1573 387 1628 444 0 0 0 0 0 0 0 0
1366 533 1078 444 1379 880 0 0 0 0 0 0 0 0 0
457 444 471 977 1152 1183 444 1379 0 0 0 0 0 0 0
159 1049 1328 0 0 0 0 0 0 0 0 0 0 0 0
1469 1190 681 1277 221 444 672 1486 0 0 0 0 0 0 0
1522 1192 1618 444 1526 734 0 0 0 0 0 0 0 0 0
1366 533 1078 444 1379 880 0 0 0 0 0 0 0 0 0
894 1412 1593 638 47 1188 906 0 0 0 0 0 0 0 0
1235 66 393 37 1596 1366 1192 0 0 0 0 0 0 0 0
404 455 215 635 444 783 443 1549 0 0 0 0 0 0 0
942 37 995 1325 1192 899 47 0 0 0 0 0 0 0 0
1536 444 941 387 711 860 43 47 0 0 0 0 0 0 0
737 1392 860 251 47 1531 1412 445 1355 0 0 0 0 0 0
170 1379 913 1048 47 533 1336 387 0 0 0 0 0 0 0
1115 1192 1378 1049 846 47 830 387 313 0 0 0 0 0 0
611 533 1120 387 48 962 668 796 0 0 0 0 0 0 0
1006 47 994 533 841 1065 635 444 0 0 0 0 0 0 0
913 1192 372 533 1258 889 0 0 0 0 0 0 0 0 0
241 444 1379 704 1192 388 455 1606 444 976 0 0 0 0 0
1011 47 994 533 841 1065 1572 0 0 0 0 0 0 0 0
450 387 1515 668 1399 914 231 1487 443 0 0 0 0 0 0
404 455 215 635 444 783 443 1549 0 0 0 0 0 0 0
1060 1192 1453 778 62 444 1389 0 0 0 0 0 0 0 0
1578 860 1183 444 1491 983 950 179 306 0 0 0 0 0 0
428 530 875 778 1488 962 1549 0 0 0 0 0 0 0 0
457 444 471 977 1152 1183 444 1379 0 0 0 0 0 0 0
404 455 215 635 444 783 443 1549 0 0 0 0 0 0 0
552 875 1350 1192 1037 1392 860 0 0 0 0 0 0 0 0
1208 1572 125 1549 860 554 0 0 0 0 0 0 0 0 0
1118 1013 47 512 47 1487 443 1549 0 0 0 0 0 0 0
552 875 1350 1192 1037 1392 860 0 0 0 0 0 0 0 0
1366 533 1078 444 1379 880 0 0 0 0 0 0 0 0 0
1060 1192 1453 778 62 444 1389 0 0 0 0 0 0 0 0
450 387 1515 668 1399 914 231 1487 443 0 0 0 0 0 0
918 533 1314 902 47 125 0 0 0 0 0 0 0 0 0
450 387 1515 668 1399 914 231 1487 443 0 0 0 0 0 0
1578 860 1183 444 1491 983 950 179 306 0 0 0 0 0 0
1536 444 941 387 711 860 43 47 0 0 0 0 0 0 0
457 444 471 977 1152 1183 444 1379 0 0 0 0 0 0 0
404 455 215 635 444 783 443 1549 0 0 0 0 0 0 0
1208 1572 125 387 1258 1537 0 0 0 0 0 0 0 0 0
86 962 387 656 1374 387 443 0 0 0 0 0 0 0 0
421 635 444 783 673 1512 1294 47 0 0 0 0 0 0 0
1477 1192 1306 47 127 444 878 387 0 0 0 0 0 0 0
1366 533 1078 444 1379 880 0 0 0 0 0 0 0 0 0
918 533 1314 902 47 125 0 0 0 0 0 0 0 0 0
913 1192 372 533 1258 889 0 0 0 0 0 0 0 0 0
428 530 875 778 1488 962 1549 0 0 0 0 0 0 0 0
1115 1192 1378 1049 846 47 830 387 313 0 0 0 0 0 0
540 1192 72 1080 504 1578 860 0 0 0 0 0 0 0 0
942 37 995 1325 1192 899 47 0 0 0 0 0 0 0 0
421 635 444 783 1376 47 711 101 0 0 0 0 0 0 0
1376 47 711 101 47 1049 25 962 0 0 0 0 0 0 0
457 444 471 977 1152 1183 444 1379 0 0 0 0 0 0 0
86 962 387 656 1374 387 443 0 0 0 0 0 0 0 0
918 533 1314 902 47 125 0 0 0 0 0 0 0 0 0
1366 533 1078 444 1379 880 0 0 0 0 0 0 0 0 0
540 1192 72 1080 504 1578 860 0 0 0 0 0 0 0 0
1366 533 1078 444 1379 880 0 0 0 0 0 0 0 0 0
1522 1192 1618 444 1526 734 0 0 0 0 0 0 0 0 0
421 635 444 783 673 1512 1294 47 0 0 0 0 0 0 0
94 47 803 977 804 1042 812 962 0 0 0 0 0 0 0
1469 1190 681 1277 221 444 672 1486 0 0 0 0 0 0 0
1288 778 415 1110 778 1319 962 0 0 0 0 0 0 0 0
1469 444 681 1277 221 444 672 1486 0 0 0 0 0 0 0
737 1392 860 251 47 1531 1412 445 1355 0 0 0 0 0 0
1366 533 1078 444 1379 880 0 0 0 0 0 0 0 0 0
1286 635 1049 913 1048 47 533 1336 387 0 0 0 0 0 0
552 875 1350 1192 1037 1392 860 0 0 0 0 0 0 0 0
1469 1190 681 1277 221 444 672 1486 0 0 0 0 0 0 0
1165 47 574 1049 1428 0 0 0 0 0 0 0 0 0 0
1060 1192 1453 778 62 444 1389 0 0 0 0 0 0 0 0
1366 533 1078 444 1379 880 0 0 0 0 0 0 0 0 0
1536 444 941 387 711 860 43 47 0 0 0 0 0 0 0
1469 1190 681 1277 221 444 672 1486 0 0 0 0 0 0 0
1288 778 415 1110 778 1319 962 0 0 0 0 0 0 0 0
913 1192 372 533 1258 889 0 0 0 0 0 0 0 0 0
86 962 387 656 1374 387 443 0 0 0 0 0 0 0 0
918 533 1314 902 47 125 0 0 0 0 0 0 0 0 0
913 1192 372 533 1258 889 0 0 0 0 0 0 0 0 0
1366 533 1078 444 1379 880 0 0 0 0 0 0 0 0 0
1288 778 415 1110 778 1319 962 0 0 0 0 0 0 0 0
1057 778 1488 962 1549 1392 0 0 0 0 0 0 0 0 0
274 455 1330 56 962 1476 444 0 0 0 0 0 0 0 0
624 444 973 1573 387 1628 444 0 0 0 0 0 0 0 0
611 533 1120 387 48 962 668 796 0 0 0 0 0 0 0
1376 47 711 101 47 1049 25 962 0 0 0 0 0 0 0
1006 47 994 533 841 1065 635 444 0 0 0 0 0 0 0
737 1392 860 251 47 1531 1412 445 1355 0 0 0 0 0 0
552 875 1350 1192 1037 1392 860 0 0 0 0 0 0 0 0
737 1392 860 251 47 1531 1412 445 1355 0 0 0 0 0 0
94 47 803 977 804 1042 812 962 0 0 0 0 0 0 0
1536 444 941 387 711 860 43 47 0 0 0 0 0 0 0
170 1379 913 1048 47 533 1336 387 0 0 0 0 0 0 0
1006 47 994 533 841 1065 635 444 0 0 0 0 0 0 0
1060 1192 1453 778 62 444 1389 0 0 0 0 0 0 0 0
1376 47 711 101 47 1049 25 962 0 0 0 0 0 0 0
1522 1192 1618 444 1526 734 0 0 0 0 0 0 0 0 0
1130 37 1338 1192 428 0 0 0 0 0 0 0 0 0 0
1366 533 1078 444 1379 880 0 0 0 0 0 0 0 0 0
1477 1192 1306 47 127 444 878 387 0 0 0 0 0 0 0
457 444 471 977 1152 1183 444 1379 0 0 0 0 0 0 0
86 962 387 656 1374 387 443 0 0 0 0 0 0 0 0
913 1192 372 533 1258 889 0 0 0 0 0 0 0 0 0
913 1192 372 533 1258 889 0 0 0 0 0 0 0 0 0
1469 1190 681 1277 221 444 672 1486 0 0 0 0 0 0 0
976 428 737 444 0 0 0 0 0 0 0 0 0 0 0
457 444 471 977 1152 1183 444 1379 0 0 0 0 0 0 0
540 1192 72 1080 504 1578 860 0 0 0 0 0 0 0 0
1165 47 574 1049 1428 0 0 0 0 0 0 0 0 0 0
404 455 215 635 444 783 443 1549 0 0 0 0 0 0 0
1165 47 574 1049 1428 0 0 0 0 0 0 0 0 0 0
1536 444 941 387 711 860 43 47 0 0 0 0 0 0 0
1365 1192 1077 1412 1580 778 421 635 444 0 0 0 0 0 0
894 1412 1593 638 47 1188 906 0 0 0 0 0 0 0 0
94 47 803 977 804 1042 812 962 0 0 0 0 0 0 0
1522 1192 1618 444 1526 734 0 0 0 0 0 0 0 0 0
274 455 1330 56 962 1476 444 0 0 0 0 0 0 0 0
1366 533 1078 444 1379 880 0 0 0 0 0 0 0 0 0
913 1192 372 533 1258 889 0 0 0 0 0 0 0 0 0
1208 1572 125 387 1258 1537 0 0 0 0 0 0 0 0 0
274 455 1330 56 962 1476 444 0 0 0 0 0 0 0 0
737 1392 860 251 47 1531 1412 445 1355 0 0 0 0 0 0
274 455 1330 56 962 1476 444 0 0 0 0 0 0 0 0
457 444 471 977 1152 1183 444 1379 0 0 0 0 0 0 0
1288 778 415 1110 778 1319 962 0 0 0 0 0 0 0 0
1090 1192 1378 1049 846 47 830 387 313 0 0 0 0 0 0
737 1392 860 251 47 1531 1412 445 1355 0 0 0 0 0 0
1472 151 1366 450 0 0 0 0 0 0 0 0 0 0 0
94 47 803 977 804 1042 812 962 0 0 0 0 0 0 0
428 530 875 778 1488 962 1549 0 0 0 0 0 0 0 0
94 47 803 977 804 1042 812 962 0 0 0 0 0 0 0
457 444 471 977 1152 1183 444 1379 0 0 0 0 0 0 0
170 1379 913 1048 47 533 1336 387 0 0 0 0 0 0 0
611 533 1120 387 48 962 668 796 0 0 0 0 0 0 0
1288 778 415 1110 778 1319 962 0 0 0 0 0 0 0 0
457 444 471 977 1152 1183 444 1379 0 0 0 0 0 0 0
411 47 803 977 1080 1549 388 0 0 0 0 0 0 0 0
913 1192 372 533 1258 889 0 0 0 0 0 0 0 0 0
457 444 471 977 1152 1183 444 1379 0 0 0 0 0 0 0
510 1549 444 643 1042 0 0 0 0 0 0 0 0 0 0
170 1379 913 1048 47 533 1336 387 0 0 0 0 0 0 0
1286 635 1049 913 1048 47 533 1336 387 0 0 0 0 0 0
942 37 995 1325 1192 899 47 0 0 0 0 0 0 0 0
1006 47 994 533 841 1065 635 444 0 0 0 0 0 0 0
913 1192 372 533 1258 889 0 0 0 0 0 0 0 0 0
552 875 1350 1192 1037 1392 860 0 0 0 0 0 0 0 0
170 1379 913 1048 47 533 1336 387 0 0 0 0 0 0 0
1578 860 1183 444 1491 983 950 179 306 0 0 0 0 0 0
1165 47 574 1049 1428 0 0 0 0 0 0 0 0 0 0
1288 778 415 1110 778 1319 962 0 0 0 0 0 0 0 0
942 37 995 1325 1192 899 47 0 0 0 0 0 0 0 0
450 387 1515 668 1399 914 231 1487 443 0 0 0 0 0 0
457 444 471 977 1152 1183 444 1379 0 0 0 0 0 0 0
918 533 1314 902 47 125 0 0 0 0 0 0 0 0 0
1118 1013 47 512 47 1487 443 1549 0 0 0 0 0 0 0
421 635 444 783 1376 47 711 101 0 0 0 0 0 0 0
1130 37 1338 1192 428 0 0 0 0 0 0 0 0 0 0
611 533 1120 387 48 962 668 796 0 0 0 0 0 0 0
1469 1190 681 1277 221 444 672 1486 0 0 0 0 0 0 0
913 1192 372 533 1258 889 0 0 0 0 0 0 0 0 0
1578 860 1183 444 1491 983 950 179 306 0 0 0 0 0 0
771 1042 1351 635 1412 608 118 962 0 0 0 0 0 0 0
170 1379 913 1048 47 533 1336 387 0 0 0 0 0 0 0
913 1192 372 533 1258 889 0 0 0 0 0 0 0 0 0
421 635 444 783 673 1512 1294 47 0 0 0 0 0 0 0
913 1192 372 533 1258 889 0 0 0 0 0 0 0 0 0
86 962 387 656 1374 387 443 0 0 0 0 0 0 0 0
942 37 980 444 783 443 1549 0 0 0 0 0 0 0 0
274 455 1330 56 962 1476 444 0 0 0 0 0 0 0 0
737 1392 860 251 47 1531 1412 445 1355 0 0 0 0 0 0
1208 1572 125 387 1258 1537 0 0 0 0 0 0 0 0 0
918 533 1314 902 47 125 0 0 0 0 0 0 0 0 0
170 1379 913 1048 47 533 1336 387 0 0 0 0 0 0 0
913 1192 372 533 1258 889 0 0 0 0 0 0 0 0 0
737 1392 860 251 47 1531 1412 445 1355 0 0 0 0 0 0
428 530 875 778 1488 962 1549 0 0 0 0 0 0 0 0
1165 47 574 1049 1428 0 0 0 0 0 0 0 0 0 0
1288 778 1515 450 387 1515 668 0 0 0 0 0 0 0 0
421 635 444 783 1376 47 711 101 0 0 0 0 0 0 0
1165 47 125 0 0 0 0 0 0 0 0 0 0 0 0
1376 47 711 101 47 1049 25 962 0 0 0 0 0 0 0
737 1392 860 251 47 1531 1412 445 1355 0 0 0 0 0 0
457 444 471 977 1152 1183 444 1379 0 0 0 0 0 0 0
1477 1192 1306 47 127 444 878 387 0 0 0 0 0 0 0
1469 1190 681 1277 221 444 672 1486 0 0 0 0 0 0 0
624 444 973 1573 387 1628 444 0 0 0 0 0 0 0 0
86 962 387 656 1374 387 443 0 0 0 0 0 0 0 0
1536 444 941 387 711 860 43 47 0 0 0 0 0 0 0
590 1473 875 1350 1192 1037 1392 860 0 0 0 0 0 0 0
1522 1192 1618 444 1526 734 0 0 0 0 0 0 0 0 0
913 1192 372 533 1258 889 0 0 0 0 0 0 0 0 0
552 875 1350 1192 1037 1392 860 0 0 0 0 0 0 0 0
1090 1192 1378 1049 846 47 830 387 313 0 0 0 0 0 0
942 37 995 1325 1192 899 47 0 0 0 0 0 0 0 0
1522 1192 1618 444 1526 734 0 0 0 0 0 0 0 0 0
170 1379 913 1048 47 533 1336 387 0 0 0 0 0 0 0
1469 1190 681 1277 221 444 672 1486 0 0 0 0 0 0 0
404 455 215 635 444 783 443 1549 0 0 0 0 0 0 0
1578 860 1183 444 1491 983 950 179 306 0 0 0 0 0 0
1469 1190 681 1277 221 444 672 1486 0 0 0 0 0 0 0
1593 1080 1208 307 1037 1392 860 0 0 0 0 0 0 0 0
1235 66 393 37 1596 1366 1192 0 0 0 0 0 0 0 0
894 1412 1593 638 47 1188 906 0 0 0 0 0 0 0 0
540 1192 72 1080 504 1578 860 0 0 0 0 0 0 0 0
849 387 711 1183 444 643 1042 0 0 0 0 0 0 0 0
241 444 1379 704 1192 388 455 1606 444 976 0 0 0 0 0
552 875 1350 1192 708 0 0 0 0 0 0 0 0 0 0
1006 47 994 533 841 1065 635 444 0 0 0 0 0 0 0
552 875 1350 1192 1037 1392 860 0 0 0 0 0 0 0 0
450 387 1515 668 1399 914 231 1487 443 0 0 0 0 0 0
1165 47 125 1549 0 0 0 0 0 0 0 0 0 0 0
913 1192 372 533 1258 889 0 0 0 0 0 0 0 0 0
1376 47 711 101 47 1049 25 962 0 0 0 0 0 0 0
94 47 803 977 804 1042 812 962 0 0 0 0 0 0 0
1288 778 415 1110 778 1319 962 0 0 0 0 0 0 0 0
737 1392 860 251 47 1531 1412 445 1355 0 0 0 0 0 0
552 875 1350 1192 1037 1392 860 0 0 0 0 0 0 0 0
913 1192 372 533 1258 889 0 0 0 0 0 0 0 0 0
1165 47 574 1049 1428 0 0 0 0 0 0 0 0 0 0
1366 533 1078 444 1379 880 0 0 0 0 0 0 0 0 0
1235 66 393 37 1596 1366 1192 0 0 0 0 0 0 0 0
94 47 803 977 804 1042 812 962 0 0 0 0 0 0 0
918 533 1314 902 47 125 0 0 0 0 0 0 0 0 0
1536 444 941 387 711 860 43 47 0 0 0 0 0 0 0
1208 1572 125 387 1258 0 0 0 0 0 0 0 0 0 0
540 1192 72 1080 504 1578 860 0 0 0 0 0 0 0 0
913 1192 372 533 1258 889 0 0 0 0 0 0 0 0 0
1130 37 1338 1192 428 0 0 0 0 0 0 0 0 0 0
540 1192 72 1080 504 1578 860 0 0 0 0 0 0 0 0
457 444 471 977 1152 1183 444 1379 0 0 0 0 0 0 0
1536 444 941 387 711 860 43 47 0 0 0 0 0 0 0
913 1192 372 533 1258 889 0 0 0 0 0 0 0 0 0
1235 66 393 37 1596 1366 1192 0 0 0 0 0 0 0 0
94 47 803 977 804 1042 812 962 0 0 0 0 0 0 0
1118 1013 47 512 47 1487 443 1549 0 0 0 0 0 0 0
1469 1190 681 1277 221 444 672 1486 0 0 0 0 0 0 0
457 444 471 977 1152 1183 444 1379 0 0 0 0 0 0 0
1366 533 1078 444 1379 880 0 0 0 0 0 0 0 0 0
894 1412 1593 638 47 1188 906 0 0 0 0 0 0 0 0
450 387 1515 668 1399 914 231 1487 443 0 0 0 0 0 0
274 455 1330 56 962 1476 444 0 0 0 0 0 0 0 0
913 1192 372 533 1258 889 0 0 0 0 0 0 0 0 0
540 1192 72 1080 504 1578 860 0 0 0 0 0 0 0 0
1165 47 574 1049 1428 0 0 0 0 0 0 0 0 0 0
94 47 803 977 804 1042 812 962 0 0 0 0 0 0 0
1469 1190 681 1277 221 444 672 1486 0 0 0 0 0 0 0
1118 1013 47 512 47 1487 443 1549 0 0 0 0 0 0 0
737 1392 860 251 47 1531 1412 445 1355 0 0 0 0 0 0
1536 444 941 387 711 860 43 47 0 0 0 0 0 0 0
894 1412 1593 638 47 1188 906 0 0 0 0 0 0 0 0
1593 1080 1208 307 1037 1392 860 0 0 0 0 0 0 0 0
624 444 973 1573 387 1628 444 0 0 0 0 0 0 0 0
1090 1192 1378 1049 846 47 830 387 313 0 0 0 0 0 0
1522 1192 1618 444 1526 734 0 0 0 0 0 0 0 0 0
428 530 875 778 1488 962 1549 0 0 0 0 0 0 0 0
552 875 1350 1192 1037 1392 860 0 0 0 0 0 0 0 0
1366 533 1078 444 1379 880 0 0 0 0 0 0 0 0 0
894 1412 1593 638 47 1188 906 0 0 0 0 0 0 0 0
1060 1192 1453 778 62 444 1389 0 0 0 0 0 0 0 0
1288 778 415 1110 778 1319 962 0 0 0 0 0 0 0 0
1366 533 1078 444 1379 880 0 0 0 0 0 0 0 0 0
1368 737 444 783 1376 47 711 101 0 0 0 0 0 0 0
1578 860 1183 444 1491 983 950 179 306 0 0 0 0 0 0
624 444 973 1573 387 1628 444 0 0 0 0 0 0 0 0
307 1192 1178 586 1412 421 635 444 0 0 0 0 0 0 0
540 1192 72 1080 504 1578 860 0 0 0 0 0 0 0 0
274 455 1330 56 962 1476 444 0 0 0 0 0 0 0 0
428 530 875 778 1488 962 1549 0 0 0 0 0 0 0 0
1469 1190 681 1277 221 444 672 1486 0 0 0 0 0 0 0
1578 860 1183 444 1491 983 950 179 306 0 0 0 0 0 0
1536 444 941 387 711 860 43 47 0 0 0 0 0 0 0
918 533 1314 902 47 125 0 0 0 0 0 0 0 0 0
1060 1192 1453 778 62 444 1389 0 0 0 0 0 0 0 0
624 444 973 1573 387 1628 444 0 0 0 0 0 0 0 0
913 1192 372 533 1258 1537 0 0 0 0 0 0 0 0 0
540 1192 72 47 72 1080 0 0 0 0 0 0 0 0 0
1578 860 1183 444 1491 983 950 179 306 0 0 0 0 0 0
1366 533 1078 444 1379 880 0 0 0 0 0 0 0 0 0
918 533 1314 902 47 125 0 0 0 0 0 0 0 0 0
1376 47 711 101 47 1049 25 962 0 0 0 0 0 0 0
1476 47 1037 1392 860 43 47 0 0 0 0 0 0 0 0
1006 47 994 533 841 1065 635 444 0 0 0 0 0 0 0
457 444 471 977 1152 1183 444 1379 0 0 0 0 0 0 0
918 533 1314 902 47 125 0 0 0 0 0 0 0 0 0
457 444 471 977 1152 1183 444 1379 0 0 0 0 0 0 0
1536 444 941 387 711 860 43 47 0 0 0 0 0 0 0
894 1412 1593 638 47 1188 906 0 0 0 0 0 0 0 0
1536 444 941 387 711 860 43 47 0 0 0 0 0 0 0
1522 1192 1618 444 1526 734 0 0 0 0 0 0 0 0 0
1165 47 574 1049 1428 0 0 0 0 0 0 0 0 0 0
421 635 444 783 673 1512 1294 47 0 0 0 0 0 0 0
1006 47 994 533 841 1065 635 444 0 0 0 0 0 0 0
274 455 1330 56 962 1476 444 0 0 0 0 0 0 0 0
1593 1080 1208 307 1037 1392 860 0 0 0 0 0 0 0 0
913 1192 372 533 1258 889 0 0 0 0 0 0 0 0 0
411 47 803 977 1475 962 0 0 0 0 0 0 0 0 0
1208 1572 125 387 1258 1537 0 0 0 0 0 0 0 0 0
404 455 215 635 444 783 443 1549 0 0 0 0 0 0 0
1522 1192 1618 444 1526 734 0 0 0 0 0 0 0 0 0
86 962 387 656 1374 387 443 0 0 0 0 0 0 0 0
1578 860 1183 444 1491 983 950 179 306 0 0 0 0 0 0
1536 444 941 387 711 860 43 47 0 0 0 0 0 0 0
86 962 387 656 1374 387 443 0 0 0 0 0 0 0 0
1208 1572 125 125 0 0 0 0 0 0 0 0 0 0 0
1235 66 393 37 1596 1366 1192 0 0 0 0 0 0 0 0
1477 1192 1306 47 127 444 878 387 0 0 0 0 0 0 0
1118 1013 47 512 47 1487 443 1549 0 0 0 0 0 0 0
918 533 1314 902 47 125 0 0 0 0 0 0 0 0 0
660 444 223 1082 962 1549 483 0 0 0 0 0 0 0 0
307 1192 1178 586 1412 421 635 444 0 0 0 0 0 0 0
552 875 1350 1192 1037 1392 860 0 0 0 0 0 0 0 0
94 47 803 977 804 1042 812 962 0 0 0 0 0 0 0
428 530 875 778 1488 962 1549 0 0 0 0 0 0 0 0
737 1392 860 251 47 1531 1412 445 1355 0 0 0 0 0 0
918 533 1314 902 47 125 0 0 0 0 0 0 0 0 0
624 37 414 444 1187 455 1487 443 0 0 0 0 0 0 0
1522 1192 1618 444 388 0 0 0 0 0 0 0 0 0 0
913 1192 372 533 1258 889 0 0 0 0 0 0 0 0 0
1477 1192 1306 47 127 444 878 387 0 0 0 0 0 0 0
1235 66 393 37 1596 1366 1192 0 0 0 0 0 0 0 0
611 533 1120 387 48 962 668 796 0 0 0 0 0 0 0
894 1412 1593 638 47 1188 906 0 0 0 0 0 0 0 0
421 635 444 783 673 1512 1294 47 0 0 0 0 0 0 0
1382 1325 1596 1486 47 880 388 0 0 0 0 0 0 0 0
170 1379 913 1048 47 533 1336 387 0 0 0 0 0 0 0
170 1379 913 1048 47 533 1336 387 0 0 0 0 0 0 0
894 1412 1593 638 47 1188 906 0 0 0 0 0 0 0 0
1165 47 574 1049 1428 0 0 0 0 0 0 0 0 0 0
1578 860 1183 444 1491 983 950 179 306 0 0 0 0 0 0
1522 1192 1618 444 1526 734 0 0 0 0 0 0 0 0 0
241 444 1379 704 1192 388 455 1606 444 976 0 0 0 0 0
1165 47 574 1049 1428 0 0 0 0 0 0 0 0 0 0
307 1192 1178 586 1412 421 635 444 0 0 0 0 0 0 0
404 455 215 635 444 783 443 1549 0 0 0 0 0 0 0
611 533 1120 387 48 962 668 796 0 0 0 0 0 0 0
170 1379 913 1048 47 533 1336 387 0 0 0 0 0 0 0
1235 66 393 37 1596 1366 1192 0 0 0 0 0 0 0 0
1288 778 1353 387 421 1596 1366 962 0 0 0 0 0 0 0
660 444 223 1082 962 1549 483 0 0 0 0 0 0 0 0
274 455 1330 56 962 1476 444 0 0 0 0 0 0 0 0
737 1392 860 251 47 1531 1412 445 1355 0 0 0 0 0 0
1469 1190 681 1277 221 444 672 1486 0 0 0 0 0 0 0
913 1192 372 533 1258 889 0 0 0 0 0 0 0 0 0
894 1412 1593 638 47 1188 906 0 0 0 0 0 0 0 0
1536 444 941 387 711 860 43 47 0 0 0 0 0 0 0
1522 1192 1618 444 1526 734 0 0 0 0 0 0 0 0 0
421 635 444 783 1376 47 711 101 0 0 0 0 0 0 0
942 37 995 1325 1192 899 47 0 0 0 0 0 0 0 0
1522 1192 1618 444 1526 734 0 0 0 0 0 0 0 0 0
1365 1192 1077 1412 1580 778 1596 1486 0 0 0 0 0 0 0
450 387 1515 668 1399 914 231 1487 443 0 0 0 0 0 0
1477 1192 1306 47 127 444 878 387 0 0 0 0 0 0 0
241 444 1379 704 387 1271 443 1549 0 0 0 0 0 0 0
1593 1080 1208 307 1037 1392 860 0 0 0 0 0 0 0 0
1365 1192 1077 1412 1580 778 421 635 444 0 0 0 0 0 0
307 1192 1178 586 1412 421 635 444 0 0 0 0 0 0 0
86 962 387 656 1374 387 443 0 0 0 0 0 0 0 0
1536 444 941 387 711 860 43 47 0 0 0 0 0 0 0
307 1192 1178 586 1412 421 635 444 0 0 0 0 0 0 0
274 455 1330 56 962 1476 444 0 0 0 0 0 0 0 0
894 1412 1593 638 47 1188 906 0 0 0 0 0 0 0 0
1476 1190 517 977 825 1235 1235 1235 1235 1235 1235 1235 1235 1235 1235
611 533 1120 387 48 962 668 796 0 0 0 0 0 0 0
913 1192 372 533 1258 889 0 0 0 0 0 0 0 0 0
942 37 995 1325 1192 899 47 0 0 0 0 0 0 0 0
1522 1192 1618 444 1526 734 0 0 0 0 0 0 0 0 0
170 1379 913 1048 47 533 1336 387 0 0 0 0 0 0 0
307 1192 1178 586 1412 421 635 444 0 0 0 0 0 0 0
540 1192 72 1080 504 1578 860 0 0 0 0 0 0 0 0
737 1392 860 251 47 1531 1412 445 1355 0 0 0 0 0 0
421 635 444 783 673 66 0 0 0 0 0 0 0 0 0
428 530 875 778 1488 962 1549 0 0 0 0 0 0 0 0
307 1192 1178 586 1412 421 635 444 0 0 0 0 0 0 0
1118 1013 47 512 47 1487 443 1549 0 0 0 0 0 0 0
1006 47 994 533 841 1065 635 444 0 0 0 0 0 0 0
86 962 387 656 1374 387 443 0 0 0 0 0 0 0 0
404 455 215 635 444 783 443 1549 0 0 0 0 0 0 0
421 635 444 783 1376 47 711 101 0 0 0 0 0 0 0
421 635 444 783 1376 47 711 101 0 0 0 0 0 0 0
1118 1013 47 512 47 1487 443 1549 0 0 0 0 0 0 0
1578 860 1183 444 1491 983 950 179 306 0 0 0 0 0 0
552 875 1350 1192 1037 1392 860 0 0 0 0 0 0 0 0
1365 1192 1077 1412 1580 778 421 635 444 0 0 0 0 0 0
428 530 875 778 1488 962 1549 0 0 0 0 0 0 0 0
540 1192 72 1080 504 1578 860 0 0 0 0 0 0 0 0
1165 47 574 1049 1428 0 0 0 0 0 0 0 0 0 0
1469 1190 681 1277 221 444 672 1486 0 0 0 0 0 0 0
552 875 1350 1192 1037 1392 860 0 0 0 0 0 0 0 0
1536 444 941 387 711 860 43 47 0 0 0 0 0 0 0
894 1412 1593 638 47 1188 906 0 0 0 0 0 0 0 0
86 962 387 656 1374 387 443 0 0 0 0 0 0 0 0
1477 1192 1306 47 127 444 878 387 0 0 0 0 0 0 0
94 47 803 977 804 1042 812 962 0 0 0 0 0 0 0
170 1379 913 1048 47 533 1336 387 0 0 0 0 0 0 0
19 1192 737 1192 324 47 0 0 0 0 0 0 0 0 0
170 1379 913 1048 47 533 1336 387 0 0 0 0 0 0 0
1060 1192 1453 778 62 444 1389 0 0 0 0 0 0 0 0
170 1379 913 1048 47 533 1336 387 0 0 0 0 0 0 0
1376 47 711 101 47 1049 25 962 0 0 0 0 0 0 0
913 1192 372 533 1258 889 0 0 0 0 0 0 0 0 0
1366 533 1078 444 1379 880 0 0 0 0 0 0 0 0 0
540 1192 72 1080 504 1578 860 0 0 0 0 0 0 0 0
737 1392 860 251 47 1531 1412 445 1355 0 0 0 0 0 0
457 444 471 977 1152 1183 444 1379 0 0 0 0 0 0 0
918 533 1314 902 47 125 0 0 0 0 0 0 0 0 0
1060 1192 1453 778 62 444 1389 0 0 0 0 0 0 0 0
421 635 444 783 1376 47 711 101 0 0 0 0 0 0 0
1118 1013 47 512 47 1487 443 1549 0 0 0 0 0 0 0
170 1379 913 1048 47 533 1336 387 0 0 0 0 0 0 0
1522 1192 1618 444 1526 734 0 0 0 0 0 0 0 0 0
457 444 471 977 1152 1183 444 1379 0 0 0 0 0 0 0
421 635 444 783 1376 47 711 101 0 0 0 0 0 0 0
1522 1192 1618 444 1526 734 0 0 0 0 0 0 0 0 0
1208 1572 125 125 0 0 0 0 0 0 0 0 0 0 0
918 533 1314 902 47 125 0 0 0 0 0 0 0 0 0
611 533 1120 387 48 962 668 796 0 0 0 0 0 0 0
913 1192 372 533 1258 889 0 0 0 0 0 0 0 0 0
1288 778 415 1110 778 1319 962 0 0 0 0 0 0 0 0
1536 444 941 387 711 860 43 47 0 0 0 0 0 0 0
170 1379 913 1048 47 533 1336 387 0 0 0 0 0 0 0
1469 1190 681 1277 221 444 672 1486 0 0 0 0 0 0 0
552 875 1350 1192 1037 1392 860 0 0 0 0 0 0 0 0
1578 860 1183 444 1491 983 950 179 306 0 0 0 0 0 0
404 455 215 635 444 783 443 1549 0 0 0 0 0 0 0
457 444 471 977 1152 1183 444 1379 0 0 0 0 0 0 0
457 444 471 977 1152 1183 444 1379 0 0 0 0 0 0 0
737 1392 860 251 47 1531 1412 445 1355 0 0 0 0 0 0
404 455 215 635 444 783 443 1549 0 0 0 0 0 0 0
1593 1080 1208 307 1037 1392 860 0 0 0 0 0 0 0 0
552 875 1350 1192 1037 1392 860 0 0 0 0 0 0 0 0
1522 1192 1618 444 1526 734 0 0 0 0 0 0 0 0 0
1536 444 941 387 711 860 43 47 0 0 0 0 0 0 0
1165 47 125 0 0 0 0 0 0 0 0 0 0 0 0
611 533 1120 387 48 962 668 796 0 0 0 0 0 0 0
1366 533 1078 444 1379 880 0 0 0 0 0 0 0 0 0
274 455 1330 56 962 1476 444 0 0 0 0 0 0 0 0
1006 47 994 533 841 1065 635 444 0 0 0 0 0 0 0
737 1392 860 251 47 1531 1412 445 1355 0 0 0 0 0 0
421 635 444 783 1376 47 711 101 0 0 0 0 0 0 0
552 875 1350 1192 1037 1392 860 0 0 0 0 0 0 0 0
737 1392 860 251 47 1531 1412 445 1355 0 0 0 0 0 0
1365 1192 1077 1412 1580 778 421 635 444 0 0 0 0 0 0
1376 47 711 1078 444 125 387 0 0 0 0 0 0 0 0
552 875 1350 1192 1037 1392 860 0 0 0 0 0 0 0 0
241 444 1379 704 1192 388 455 1606 444 976 0 0 0 0 0
428 530 875 778 1488 962 1549 0 0 0 0 0 0 0 0
1118 1013 47 512 47 1487 443 1549 0 0 0 0 0 0 0
170 1379 913 1048 47 533 1336 387 0 0 0 0 0 0 0
1593 1080 1208 307 1037 1392 860 0 0 0 0 0 0 0 0
386 533 1285 444 332 387 0 0 0 0 0 0 0 0 0
1469 1190 681 1277 221 444 672 1486 0 0 0 0 0 0 0
611 533 1120 387 48 962 668 796 0 0 0 0 0 0 0
1593 1080 1208 307 1037 1392 860 0 0 0 0 0 0 0 0
894 1412 1593 638 47 1188 906 0 0 0 0 0 0 0 0
1488 47 1192 1077 1192 388 1493 0 0 0 0 0 0 0 0
1578 860 1183 444 1491 983 950 179 306 0 0 0 0 0 0
624 444 973 1573 387 1628 444 0 0 0 0 0 0 0 0
1536 444 941 387 711 860 43 47 0 0 0 0 0 0 0
660 444 223 1082 962 433 1573 387 313 0 0 0 0 0 0
241 444 1379 704 1192 388 455 1606 444 976 0 0 0 0 0
894 1412 1593 638 47 1188 906 0 0 0 0 0 0 0 0
913 1192 372 533 1258 889 0 0 0 0 0 0 0 0 0
1208 1572 125 387 1258 1537 0 0 0 0 0 0 0 0 0
894 1412 1593 638 47 1188 906 0 0 0 0 0 0 0 0
450 387 1515 668 1399 914 231 1487 443 0 0 0 0 0 0
274 455 1330 56 962 1476 444 0 0 0 0 0 0 0 0
1477 1192 1306 47 127 444 878 387 0 0 0 0 0 0 0
1536 444 941 387 711 860 43 47 0 0 0 0 0 0 0
1115 1192 1378 1049 846 47 830 387 313 0 0 0 0 0 0
1366 533 1078 444 1379 880 0 0 0 0 0 0 0 0 0
404 455 215 635 444 783 443 1549 0 0 0 0 0 0 0
942 37 995 1325 1192 899 47 0 0 0 0 0 0 0 0
1006 47 994 533 841 1065 635 444 0 0 0 0 0 0 0
457 444 471 977 1152 1183 444 1379 0 0 0 0 0 0 0
457 444 471 977 1152 1183 444 1379 0 0 0 0 0 0 0
918 533 1314 902 47 125 0 0 0 0 0 0 0 0 0
1407 778 1596 1366 428 0 0 0 0 0 0 0 0 0 0
1365 1192 1077 1412 1580 778 421 635 444 0 0 0 0 0 0
1536 444 941 387 711 860 43 47 0 0 0 0 0 0 0
1578 860 1183 444 1491 983 950 179 306 0 0 0 0 0 0
1235 66 393 37 1596 1366 1192 0 0 0 0 0 0 0 0
624 444 973 1573 387 1628 444 0 0 0 0 0 0 0 0
1469 1190 681 1277 221 444 672 1486 0 0 0 0 0 0 0
404 455 215 635 444 783 443 1549 0 0 0 0 0 0 0
411 47 803 977 457 1512 1049 0 0 0 0 0 0 0 0
1477 1192 1306 47 127 444 878 387 0 0 0 0 0 0 0
913 1192 372 533 1258 889 0 0 0 0 0 0 0 0 0
1060 1192 1453 778 62 444 1389 0 0 0 0 0 0 0 0
1006 47 994 533 841 1065 635 444 0 0 0 0 0 0 0
611 533 1120 387 48 962 668 796 0 0 0 0 0 0 0
540 1192 72 1080 504 1578 860 0 0 0 0 0 0 0 0
274 455 1330 56 962 1476 444 0 0 0 0 0 0 0 0
241 444 1379 704 1192 388 455 1606 444 976 0 0 0 0 0
94 47 803 977 804 1042 812 962 0 0 0 0 0 0 0
1235 66 393 37 1596 1366 1192 0 0 0 0 0 0 0 0
404 455 215 635 444 783 443 1549 0 0 0 0 0 0 0
1593 1080 1208 307 1037 1392 860 0 0 0 0 0 0 0 0
942 37 995 1325 1192 899 47 0 0 0 0 0 0 0 0
737 1392 860 251 47 1531 1412 445 1355 0 0 0 0 0 0
1366 533 1078 444 1379 880 0 0 0 0 0 0 0 0 0
307 1192 1178 586 1412 421 635 444 0 0 0 0 0 0 0
421 635 444 783 1376 47 711 101 0 0 0 0 0 0 0
1469 1190 681 1277 221 444 672 1486 0 0 0 0 0 0 0
274 455 1330 56 962 1476 444 0 0 0 0 0 0 0 0
421 635 444 783 1376 47 711 101 0 0 0 0 0 0 0
450 387 1515 668 1399 914 231 1487 443 0 0 0 0 0 0
307 1192 1178 586 1412 421 635 444 0 0 0 0 0 0 0
1366 533 1078 444 1379 880 0 0 0 0 0 0 0 0 0
942 37 995 1325 1192 899 47 0 0 0 0 0 0 0 0
540 1192 72 1080 504 1578 0 0 0 0 0 0 0 0 0
1130 37 1338 1192 428 0 0 0 0 0 0 0 0 0 0
337 47 887 1573 443 1549 0 0 0 0 0 0 0 0 0
1522 1192 1618 444 1526 734 0 0 0 0 0 0 0 0 0
1235 66 393 37 1596 1366 1192 0 0 0 0 0 0 0 0
170 1379 913 1048 47 533 1336 387 0 0 0 0 0 0 0
1469 1190 681 1277 221 444 672 1486 0 0 0 0 0 0 0
457 444 471 977 1152 1183 444 1379 0 0 0 0 0 0 0
86 962 387 656 1374 387 443 0 0 0 0 0 0 0 0
1060 1192 1453 778 62 444 1389 0 0 0 0 0 0 0 0
170 1379 913 1048 47 533 1336 387 0 0 0 0 0 0 0
552 875 1350 1192 1037 1392 860 0 0 0 0 0 0 0 0
307 1192 1178 586 1412 421 635 444 0 0 0 0 0 0 0
1366 533 1078 444 1379 880 0 0 0 0 0 0 0 0 0
1165 47 574 1049 1428 0 0 0 0 0 0 0 0 0 0
540 1192 72 1080 504 1578 860 0 0 0 0 0 0 0 0
86 962 387 656 1374 387 443 0 0 0 0 0 0 0 0
1365 1412 1271 802 1234 1412 0 0 0 0 0 0 0 0 0
1365 1192 1077 1412 1580 778 421 635 444 0 0 0 0 0 0
942 37 995 1325 1192 899 47 0 0 0 0 0 0 0 0
1366 533 1078 444 1379 880 0 0 0 0 0 0 0 0 0
450 387 1515 668 1399 914 231 1487 443 0 0 0 0 0 0
421 635 444 783 673 1512 1294 47 0 0 0 0 0 0 0
1365 1192 1077 1412 1580 778 421 635 444 0 0 0 0 0 0
86 962 387 656 1374 387 443 0 0 0 0 0 0 0 0
540 1192 72 1080 504 1578 860 0 0 0 0 0 0 0 0
421 635 444 783 673 1512 1294 47 0 0 0 0 0 0 0
1578 860 1183 444 1491 983 950 179 306 0 0 0 0 0 0
942 37 995 1325 1192 899 47 0 0 0 0 0 0 0 0
86 962 387 656 1374 387 443 0 0 0 0 0 0 0 0
1235 66 393 37 1596 1366 1192 0 0 0 0 0 0 0 0
1208 1572 125 387 1258 1537 0 0 0 0 0 0 0 0 0
1469 1190 681 1277 221 444 672 1486 0 0 0 0 0 0 0
913 1192 372 533 1258 889 0 0 0 0 0 0 0 0 0
942 37 995 1325 1192 899 47 0 0 0 0 0 0 0 0
404 455 215 635 444 783 443 1549 0 0 0 0 0 0 0
1115 1192 1378 1049 846 47 830 387 313 0 0 0 0 0 0
552 875 1350 1192 1037 1392 860 0 0 0 0 0 0 0 0
1578 860 1183 444 1491 983 950 179 306 0 0 0 0 0 0
428 530 875 778 1488 962 1549 0 0 0 0 0 0 0 0
457 444 471 977 1152 1183 444 1379 0 0 0 0 0 0 0
1522 1192 1618 444 1526 734 0 0 0 0 0 0 0 0 0
1365 1192 1077 1412 1580 778 421 635 444 0 0 0 0 0 0
624 444 973 1573 387 1628 444 0 0 0 0 0 0 0 0
86 962 387 656 1374 387 443 0 0 0 0 0 0 0 0
421 635 444 783 1376 47 711 101 0 0 0 0 0 0 0
421 635 444 783 673 1512 1294 47 0 0 0 0 0 0 0
1536 444 941 387 711 860 43 47 0 0 0 0 0 0 0
913 1192 372 533 1258 889 0 0 0 0 0 0 0 0 0
404 455 215 635 444 783 443 1549 0 0 0 0 0 0 0
1288 778 415 1110 778 1319 962 0 0 0 0 0 0 0 0
1366 533 1078 444 1379 880 0 0 0 0 0 0 0 0 0
1288 778 415 1110 778 1319 962 0 0 0 0 0 0 0 0
86 962 387 656 1374 387 443 0 0 0 0 0 0 0 0
1376 47 711 101 47 1049 25 962 0 0 0 0 0 0 0
1536 444 941 387 711 860 43 47 0 0 0 0 0 0 0
913 1192 372 533 1258 889 0 0 0 0 0 0 0 0 0
421 635 444 783 1376 47 711 101 0 0 0 0 0 0 0
1522 1192 1618 444 1379 0 0 0 0 0 0 0 0 0 0
1165 47 574 1049 1428 0 0 0 0 0 0 0 0 0 0
307 1192 1178 586 1412 421 635 444 0 0 0 0 0 0 0
457 444 471 977 1152 1183 444 1379 0 0 0 0 0 0 0
1235 66 393 37 1596 1366 1192 0 0 0 0 0 0 0 0
170 1379 913 1048 47 533 1336 387 0 0 0 0 0 0 0
1477 1192 1306 47 127 444 878 387 0 0 0 0 0 0 0
913 1192 372 533 1258 889 0 0 0 0 0 0 0 0 0
660 444 223 1082 962 1428 0 0 0 0 0 0 0 0 0
1522 1192 1618 444 388 0 0 0 0 0 0 0 0 0 0
1426 1325 1042 802 949 1412 1346 387 457 0 0 0 0 0 0
1235 66 393 37 1596 1366 1192 0 0 0 0 0 0 0 0
450 387 1515 668 1399 914 231 1487 443 0 0 0 0 0 0
1366 533 1078 444 1379 880 0 0 0 0 0 0 0 0 0
942 37 995 1325 1192 899 47 0 0 0 0 0 0 0 0
913 1192 372 533 444 25 962 0 0 0 0 0 0 0 0
1165 47 574 1049 1428 0 0 0 0 0 0 0 0 0 0
1118 1013 47 512 47 1487 443 1549 0 0 0 0 0 0 0
942 37 995 1325 1192 899 47 0 0 0 0 0 0 0 0
913 1192 372 533 1258 889 0 0 0 0 0 0 0 0 0
737 1392 860 251 47 1531 1412 445 1355 0 0 0 0 0 0
428 530 875 778 1488 962 1549 0 0 0 0 0 0 0 0
404 455 215 635 444 783 443 1549 0 0 0 0 0 0 0
1476 47 1192 1037 1392 860 0 0 0 0 0 0 0 0 0
1477 1192 1306 47 127 444 878 387 0 0 0 0 0 0 0
894 1412 1593 638 47 1188 906 0 0 0 0 0 0 0 0
624 444 973 1573 387 1628 444 0 0 0 0 0 0 0 0
894 1412 1593 638 47 1188 906 0 0 0 0 0 0 0 0
94 47 803 977 804 1042 812 962 0 0 0 0 0 0 0
457 444 471 977 1152 1183 444 1379 0 0 0 0 0 0 0
1095 47 1077 444 388 455 1606 444 976 0 0 0 0 0 0
274 455 1330 56 962 1476 444 0 0 0 0 0 0 0 0
94 47 803 977 804 1042 812 962 0 0 0 0 0 0 0
1208 1572 125 387 1258 1537 0 0 0 0 0 0 0 0 0
1382 1325 1596 1486 47 533 268 713 591 0 0 0 0 0 0
1593 1080 1208 307 1037 1392 860 0 0 0 0 0 0 0 0
942 37 995 1325 1192 899 47 0 0 0 0 0 0 0 0
918 533 1314 902 47 125 0 0 0 0 0 0 0 0 0
1536 444 941 387 711 860 43 47 0 0 0 0 0 0 0
1006 47 994 533 841 1065 635 444 0 0 0 0 0 0 0
1469 1190 681 1277 221 444 672 1486 0 0 0 0 0 0 0
86 962 387 656 1374 387 443 0 0 0 0 0 0 0 0
1165 47 574 1049 1428 0 0 0 0 0 0 0 0 0 0
1235 66 393 37 1596 1366 1192 0 0 0 0 0 0 0 0
894 1412 1593 638 47 1188 906 0 0 0 0 0 0 0 0
552 875 1350 1192 1037 1392 860 0 0 0 0 0 0 0 0
624 444 973 1573 387 1628 444 0 0 0 0 0 0 0 0
1208 1572 125 387 1258 1537 0 0 0 0 0 0 0 0 0
1165 47 574 1049 1428 0 0 0 0 0 0 0 0 0 0
737 1392 860 251 47 1531 1412 445 1355 0 0 0 0 0 0
1130 37 1338 1192 428 0 0 0 0 0 0 0 0 0 0
404 455 215 635 444 783 443 1549 0 0 0 0 0 0 0
1006 47 994 533 841 1065 635 444 0 0 0 0 0 0 0
942 37 995 1325 1192 899 47 0 0 0 0 0 0 0 0
1536 444 941 387 711 860 43 47 0 0 0 0 0 0 0
457 444 471 977 1152 1183 444 1379 0 0 0 0 0 0 0
1477 1192 1306 47 127 444 878 387 0 0 0 0 0 0 0
1366 533 1078 444 1379 880 0 0 0 0 0 0 0 0 0
913 1192 372 533 1258 889 0 0 0 0 0 0 0 0 0
170 1379 913 1048 47 533 1336 387 0 0 0 0 0 0 0
540 1192 72 1080 504 1578 860 0 0 0 0 0 0 0 0
1536 444 941 387 711 860 43 47 0 0 0 0 0 0 0
457 444 471 977 1152 1183 444 1379 0 0 0 0 0 0 0
1593 1080 1208 307 1037 1392 860 0 0 0 0 0 0 0 0
1522 1192 1618 444 1526 734 0 0 0 0 0 0 0 0 0
457 444 471 977 1152 1183 444 1379 0 0 0 0 0 0 0
421 635 444 783 1376 47 711 101 0 0 0 0 0 0 0
1366 533 1078 444 1379 880 0 0 0 0 0 0 0 0 0
1522 1192 1618 444 1526 734 0 0 0 0 0 0 0 0 0
274 455 1330 56 962 1476 444 0 0 0 0 0 0 0 0
170 1379 913 1048 47 533 1336 387 0 0 0 0 0 0 0
421 635 444 783 673 1512 1294 47 0 0 0 0 0 0 0
913 1192 372 533 1258 889 0 0 0 0 0 0 0 0 0
1235 66 393 37 1596 1366 1192 0 0 0 0 0 0 0 0
1376 47 711 101 47 1049 25 962 0 0 0 0 0 0 0
918 533 1314 902 47 125 0 0 0 0 0 0 0 0 0
913 1192 372 533 1258 889 0 0 0 0 0 0 0 0 0
86 962 387 656 1374 387 443 0 0 0 0 0 0 0 0
894 1412 1593 638 47 1188 906 0 0 0 0 0 0 0 0
1060 1192 1453 778 62 444 1389 0 0 0 0 0 0 0 0
457 444 471 977 1152 1183 444 1379 0 0 0 0 0 0 0
241 444 1379 704 1192 388 455 1606 444 976 0 0 0 0 0
457 444 471 977 1152 1183 444 1379 0 0 0 0 0 0 0
1366 533 1078 444 1379 880 0 0 0 0 0 0 0 0 0
1593 1080 1208 307 1037 1392 860 0 0 0 0 0 0 0 0
913 1192 372 533 1258 889 0 0 0 0 0 0 0 0 0
94 47 803 977 804 1042 812 962 0 0 0 0 0 0 0
274 455 1330 56 962 1476 444 0 0 0 0 0 0 0 0
1366 533 1078 444 1379 880 0 0 0 0 0 0 0 0 0
404 455 215 635 444 783 443 1549 0 0 0 0 0 0 0
1477 1192 1306 47 127 444 878 387 0 0 0 0 0 0 0
274 455 1330 56 962 1476 444 0 0 0 0 0 0 0 0
1288 778 415 1110 778 1319 962 0 0 0 0 0 0 0 0
1469 1190 681 1277 221 444 672 1486 0 0 0 0 0 0 0
1365 1192 1077 1412 1580 778 421 635 444 0 0 0 0 0 0
1165 47 574 1049 1428 0 0 0 0 0 0 0 0 0 0
1476 47 1192 708 1080 504 1578 860 0 0 0 0 0 0 0
540 1192 72 1080 504 1578 860 0 0 0 0 0 0 0 0
1522 1192 1618 444 1526 734 0 0 0 0 0 0 0 0 0
94 47 803 977 804 1042 812 962 0 0 0 0 0 0 0
1165 47 574 1049 1428 0 0 0 0 0 0 0 0 0 0
386 533 1285 444 332 387 0 0 0 0 0 0 0 0 0
1476 47 1037 1392 860 43 47 0 0 0 0 0 0 0 0
624 37 414 444 34 889 0 0 0 0 0 0 0 0 0
1366 533 1078 444 1379 880 0 0 0 0 0 0 0 0 0
1288 778 415 1110 778 1319 962 0 0 0 0 0 0 0 0
913 1192 372 533 1258 889 0 0 0 0 0 0 0 0 0
457 444 471 977 1152 1183 444 1379 0 0 0 0 0 0 0
1208 1572 125 387 1258 1537 0 0 0 0 0 0 0 0 0
737 1392 860 251 47 1531 1412 445 1355 0 0 0 0 0 0
942 37 995 1325 1192 899 47 0 0 0 0 0 0 0 0
1376 47 711 101 47 1049 25 962 0 0 0 0 0 0 0
94 47 803 977 804 1042 812 962 0 0 0 0 0 0 0
918 533 1314 902 47 125 0 0 0 0 0 0 0 0 0
1522 37 428 1013 0 0 0 0 0 0 0 0 0 0 0
404 455 215 635 444 783 443 1549 0 0 0 0 0 0 0
404 455 215 635 444 783 443 1549 0 0 0 0 0 0 0
274 455 1330 56 962 1476 444 0 0 0 0 0 0 0 0
421 635 444 783 1376 47 711 101 0 0 0 0 0 0 0
274 455 1330 56 962 1476 444 0 0 0 0 0 0 0 0
1118 1013 47 512 47 1487 443 1549 0 0 0 0 0 0 0
540 1192 72 1080 504 1578 860 0 0 0 0 0 0 0 0
1366 533 1078 444 1379 880 0 0 0 0 0 0 0 0 0
1165 47 574 1049 1428 0 0 0 0 0 0 0 0 0 0
457 444 471 977 1152 1183 444 1379 0 0 0 0 0 0 0
274 455 1330 56 962 1476 444 0 0 0 0 0 0 0 0
1469 1190 681 1277 221 444 672 1486 0 0 0 0 0 0 0
1633 1192 1208 1192 1065 635 444 0 0 0 0 0 0 0 0
1522 1192 1618 444 1526 734 0 0 0 0 0 0 0 0 0
428 530 875 778 1488 962 1549 0 0 0 0 0 0 0 0
421 635 444 783 1376 47 711 101 0 0 0 0 0 0 0
913 1192 372 533 1258 889 0 0 0 0 0 0 0 0 0
1235 66 393 37 1596 1366 1192 0 0 0 0 0 0 0 0
404 455 215 635 444 783 443 1549 0 0 0 0 0 0 0
913 1192 372 533 1258 889 0 0 0 0 0 0 0 0 0
1469 1190 681 1277 221 444 672 1486 0 0 0 0 0 0 0
540 1192 72 1080 504 1578 860 0 0 0 0 0 0 0 0
86 962 387 656 1374 387 443 0 0 0 0 0 0 0 0
1118 1013 47 512 47 1487 443 1549 0 0 0 0 0 0 0
1365 1192 1077 1412 1580 778 421 635 444 0 0 0 0 0 0
1165 47 574 1049 1428 0 0 0 0 0 0 0 0 0 0
1477 1192 1306 47 127 444 878 387 0 0 0 0 0 0 0
1060 1192 1453 778 62 444 1389 0 0 0 0 0 0 0 0
241 444 1379 704 1192 388 455 1606 444 976 0 0 0 0 0
1578 860 1183 444 1491 983 950 179 306 0 0 0 0 0 0
170 1379 913 1048 47 533 1336 387 0 0 0 0 0 0 0
428 530 875 778 1488 962 1549 0 0 0 0 0 0 0 0
1235 66 393 37 1596 1366 1192 0 0 0 0 0 0 0 0
913 1192 372 533 1258 889 0 0 0 0 0 0 0 0 0
1288 778 415 1110 778 1319 962 0 0 0 0 0 0 0 0
170 1379 913 1048 47 533 1336 387 0 0 0 0 0 0 0
1165 47 574 1049 1428 0 0 0 0 0 0 0 0 0 0
1578 860 1183 444 1491 983 950 179 306 0 0 0 0 0 0
457 444 471 977 1152 1183 444 1379 0 0 0 0 0 0 0
1563 387 1049 499 714 912 958 533 0 0 0 0 0 0 0
1522 1192 1618 444 1526 734 0 0 0 0 0 0 0 0 0
428 530 875 778 1488 962 1549 0 0 0 0 0 0 0 0
624 444 973 1573 387 1628 444 0 0 0 0 0 0 0 0
404 455 215 635 444 783 443 1549 0 0 0 0 0 0 0
913 1192 372 533 1258 889 0 0 0 0 0 0 0 0 0
913 1192 372 533 1258 889 0 0 0 0 0 0 0 0 0
894 1412 1593 638 47 1188 906 0 0 0 0 0 0 0 0
1165 47 574 1049 1428 0 0 0 0 0 0 0 0 0 0
170 1379 913 1048 47 533 1336 387 0 0 0 0 0 0 0
1165 47 574 1049 1428 0 0 0 0 0 0 0 0 0 0
421 635 444 783 673 1512 1049 1443 0 0 0 0 0 0 0
274 455 1330 56 962 1476 444 0 0 0 0 0 0 0 0
241 444 1379 704 1192 388 455 1606 444 976 0 0 0 0 0
274 455 1330 56 962 1476 444 0 0 0 0 0 0 0 0
1469 1190 681 1277 221 444 672 1486 0 0 0 0 0 0 0
274 455 1330 56 962 1476 444 0 0 0 0 0 0 0 0
457 444 471 977 1152 1183 444 1379 0 0 0 0 0 0 0
170 1379 913 1048 47 533 1336 387 0 0 0 0 0 0 0
540 1192 72 1080 504 1578 860 0 0 0 0 0 0 0 0
1578 860 1183 444 1491 983 950 179 306 0 0 0 0 0 0
274 455 1330 56 962 1476 444 0 0 0 0 0 0 0 0
1165 47 574 1049 1428 0 0 0 0 0 0 0 0 0 0
1165 47 125 1549 0 0 0 0 0 0 0 0 0 0 0
1366 533 1078 444 1379 880 0 0 0 0 0 0 0 0 0
457 444 471 977 1152 1183 444 1379 0 0 0 0 0 0 0
274 455 1330 56 962 1476 444 0 0 0 0 0 0 0 0
1288 778 415 1110 778 1319 962 0 0 0 0 0 0 0 0
404 455 215 635 444 783 443 1549 0 0 0 0 0 0 0
942 37 995 1325 1192 899 47 0 0 0 0 0 0 0 0
1536 444 941 387 711 860 43 47 0 0 0 0 0 0 0
1469 1190 681 1277 221 444 672 1486 0 0 0 0 0 0 0
1477 1192 1306 47 127 444 878 387 0 0 0 0 0 0 0
1522 1192 1618 444 1526 734 0 0 0 0 0 0 0 0 0
421 635 444 783 673 1512 1294 47 0 0 0 0 0 0 0
86 962 387 656 1374 387 443 0 0 0 0 0 0 0 0
1208 1572 125 387 1258 0 0 0 0 0 0 0 0 0 0
1477 1192 1306 47 127 444 878 387 0 0 0 0 0 0 0
1365 1192 1077 1412 1596 1366 1192 0 0 0 0 0 0 0 0
1060 1192 1453 778 62 444 1389 0 0 0 0 0 0 0 0
540 1192 72 1080 504 1578 860 0 0 0 0 0 0 0 0
274 455 1330 56 962 1476 444 0 0 0 0 0 0 0 0
1165 47 574 1049 1428 0 0 0 0 0 0 0 0 0 0
913 1192 372 533 1258 889 0 0 0 0 0 0 0 0 0
894 1412 1593 638 47 1188 906 0 0 0 0 0 0 0 0
894 1412 1593 638 47 1188 906 0 0 0 0 0 0 0 0
1365 1192 1077 1412 1596 1366 962 0 0 0 0 0 0 0 0
307 1192 1178 586 1412 421 635 444 0 0 0 0 0 0 0
1522 1192 1618 444 1526 734 0 0 0 0 0 0 0 0 0
942 37 995 1325 1192 899 47 0 0 0 0 0 0 0 0
894 1412 1593 638 47 1188 906 0 0 0 0 0 0 0 0
1165 47 574 1049 1428 0 0 0 0 0 0 0 0 0 0
1578 860 1183 444 1491 983 950 179 306 0 0 0 0 0 0
552 875 1350 1192 1037 1392 860 0 0 0 0 0 0 0 0
421 635 444 783 673 1512 1294 47 0 0 0 0 0 0 0
1522 1192 1618 444 1526 734 0 0 0 0 0 0 0 0 0
411 47 803 977 457 1512 1049 913 0 0 0 0 0 0 0
274 455 1330 56 962 1476 444 0 0 0 0 0 0 0 0
1235 66 393 37 1596 1366 1192 0 0 0 0 0 0 0 0
1165 47 125 1549 0 0 0 0 0 0 0 0 0 0 0
913 1192 372 533 1258 889 0 0 0 0 0 0 0 0 0
918 533 1314 902 47 125 0 0 0 0 0 0 0 0 0
942 37 995 1325 1192 899 47 0 0 0 0 0 0 0 0
170 1379 913 1048 47 533 1336 387 0 0 0 0 0 0 0
274 455 1330 56 962 1476 444 0 0 0 0 0 0 0 0
1477 1192 1306 47 127 444 878 387 0 0 0 0 0 0 0
1593 1080 1208 307 1037 1392 860 0 0 0 0 0 0 0 0
1469 1190 681 1277 221 444 672 1486 0 0 0 0 0 0 0
737 1392 860 251 47 1531 1412 445 1355 0 0 0 0 0 0
428 530 875 778 1488 962 1549 0 0 0 0 0 0 0 0
170 1379 913 1048 47 533 1336 387 0 0 0 0 0 0 0
942 37 995 1325 1192 899 47 0 0 0 0 0 0 0 0
611 533 1120 387 48 962 668 796 0 0 0 0 0 0 0
894 1412 1593 638 47 1188 906 0 0 0 0 0 0 0 0
1593 1080 1208 307 1037 1392 860 0 0 0 0 0 0 0 0
918 533 1314 902 47 125 0 0 0 0 0 0 0 0 0
170 1379 913 1048 47 533 1336 387 0 0 0 0 0 0 0
1536 444 941 387 711 860 43 47 0 0 0 0 0 0 0
1522 1192 1618 444 388 0 0 0 0 0 0 0 0 0 0
86 962 387 656 1374 387 443 0 0 0 0 0 0 0 0
94 47 803 977 804 1042 812 962 0 0 0 0 0 0 0
170 1379 913 1048 47 533 1336 387 0 0 0 0 0 0 0
94 47 803 977 804 1042 812 962 0 0 0 0 0 0 0
1235 66 393 37 1596 1366 1192 0 0 0 0 0 0 0 0
1165 47 1593 638 47 0 0 0 0 0 0 0 0 0 0
1286 635 1049 913 1048 47 1476 0 0 0 0 0 0 0 0
1235 66 393 37 1596 1366 1192 0 0 0 0 0 0 0 0
913 1192 372 533 1258 889 0 0 0 0 0 0 0 0 0
337 47 887 1573 443 1549 0 0 0 0 0 0 0 0 0
1477 1192 1306 47 127 444 878 387 0 0 0 0 0 0 0
913 1192 372 533 1258 889 0 0 0 0 0 0 0 0 0
894 1412 1593 638 47 1188 906 0 0 0 0 0 0 0 0
913 1192 372 533 1258 889 0 0 0 0 0 0 0 0 0
918 533 1314 902 47 125 0 0 0 0 0 0 0 0 0
942 37 995 1325 1192 899 47 0 0 0 0 0 0 0 0
307 1192 1178 586 1412 421 635 444 0 0 0 0 0 0 0
1536 444 941 387 711 860 43 47 0 0 0 0 0 0 0
386 533 1285 444 332 387 0 0 0 0 0 0 0 0 0
86 962 387 656 1374 387 443 0 0 0 0 0 0 0 0
421 635 444 783 1376 47 711 101 0 0 0 0 0 0 0
552 875 1350 1192 1037 1392 860 0 0 0 0 0 0 0 0
241 444 1379 704 1192 388 455 1606 444 976 0 0 0 0 0
1365 1192 1077 1412 1580 778 421 635 444 0 0 0 0 0 0
1060 1192 1453 778 62 444 1389 0 0 0 0 0 0 0 0
404 455 215 635 444 783 443 1549 0 0 0 0 0 0 0
421 635 444 783 1376 47 711 101 0 0 0 0 0 0 0
19 1192 737 1192 324 47 1487 443 1549 0 0 0 0 0 0
307 1192 1178 586 1412 421 635 444 0 0 0 0 0 0 0
1536 444 941 387 711 860 43 47 0 0 0 0 0 0 0
274 455 1330 56 962 1476 444 0 0 0 0 0 0 0 0
1593 1080 1208 307 1037 1392 860 0 0 0 0 0 0 0 0
1365 1192 1077 1412 1580 778 421 635 444 0 0 0 0 0 0
913 1192 372 533 1258 889 0 0 0 0 0 0 0 0 0
170 1192 72 47 421 635 444 0 0 0 0 0 0 0 0
94 47 803 977 804 1042 812 962 0 0 0 0 0 0 0
457 444 471 977 1152 1183 444 1379 0 0 0 0 0 0 0
913 1192 372 533 1258 889 0 0 0 0 0 0 0 0 0
913 1192 372 533 1258 889 0 0 0 0 0 0 0 0 0
913 1192 372 533 1258 889 0 0 0 0 0 0 0 0 0
1165 47 574 1049 1428 0 0 0 0 0 0 0 0 0 0
1522 1192 1618 444 1526 734 0 0 0 0 0 0 0 0 0
1477 1192 1306 47 127 444 878 387 0 0 0 0 0 0 0
1376 47 711 101 47 1049 25 962 0 0 0 0 0 0 0
1536 444 941 387 711 860 43 47 0 0 0 0 0 0 0
457 444 471 977 1152 1183 444 1379 0 0 0 0 0 0 0
428 530 875 778 1488 962 1549 0 0 0 0 0 0 0 0
1469 1190 681 1277 221 444 672 1486 0 0 0 0 0 0 0
1208 1572 125 125 0 0 0 0 0 0 0 0 0 0 0
142 1412 1066 406 977 825 1235 1235 66 0 0 0 0 0 0
737 1392 860 251 47 1531 1412 445 1355 0 0 0 0 0 0
540 1192 72 1080 504 1578 860 0 0 0 0 0 0 0 0
421 635 444 783 1376 47 711 101 0 0 0 0 0 0 0
1366 533 1078 444 1379 880 0 0 0 0 0 0 0 0 0
450 387 1515 668 1399 914 231 1487 443 0 0 0 0 0 0
86 962 387 656 1374 387 443 0 0 0 0 0 0 0 0
942 37 995 1325 1192 899 47 0 0 0 0 0 0 0 0
737 1392 860 251 47 1531 1412 445 1355 0 0 0 0 0 0
1365 1192 1077 1412 1580 778 421 635 444 0 0 0 0 0 0
1376 47 711 101 47 1049 25 962 0 0 0 0 0 0 0
913 1192 372 533 1258 889 0 0 0 0 0 0 0 0 0
1376 47 711 101 47 1049 25 962 0 0 0 0 0 0 0
1165 47 574 1049 1428 0 0 0 0 0 0 0 0 0 0
1376 47 711 101 47 1049 1044 358 0 0 0 0 0 0 0
421 635 444 783 673 1512 1294 47 0 0 0 0 0 0 0
1288 778 415 1110 778 1319 962 0 0 0 0 0 0 0 0
1366 533 1078 444 1379 880 0 0 0 0 0 0 0 0 0
1365 1192 1077 1412 1580 778 421 635 444 0 0 0 0 0 0
86 962 387 656 1374 387 443 0 0 0 0 0 0 0 0
918 533 1314 902 47 125 0 0 0 0 0 0 0 0 0
94 47 803 977 804 1042 812 962 0 0 0 0 0 0 0
1060 1192 1453 778 62 444 1389 0 0 0 0 0 0 0 0
1235 66 393 37 1596 1366 1192 0 0 0 0 0 0 0 0
1235 66 393 37 1596 1366 1192 0 0 0 0 0 0 0 0
1235 66 393 37 1596 1366 1192 0 0 0 0 0 0 0 0
540 1192 72 1080 504 1578 860 0 0 0 0 0 0 0 0
421 635 444 783 1376 47 711 101 0 0 0 0 0 0 0
737 1392 860 251 47 1531 1412 445 1355 0 0 0 0 0 0
1637 1216 1412 300 47 869 387 889 0 0 0 0 0 0 0
611 533 1120 387 48 962 668 796 0 0 0 0 0 0 0
86 962 387 656 1374 387 443 0 0 0 0 0 0 0 0
457 444 471 977 1152 1183 444 1379 0 0 0 0 0 0 0
1060 1192 1453 778 62 444 1389 0 0 0 0 0 0 0 0
159 1049 1328 0 0 0 0 0 0 0 0 0 0 0 0
1165 47 574 1049 1428 0 0 0 0 0 0 0 0 0 0
918 533 1314 902 47 125 0 0 0 0 0 0 0 0 0
918 533 1314 902 47 125 0 0 0 0 0 0 0 0 0
1235 66 393 37 1596 1366 1192 0 0 0 0 0 0 0 0
913 1192 372 533 1258 889 0 0 0 0 0 0 0 0 0
737 1392 860 251 47 1531 1412 445 1355 0 0 0 0 0 0
1469 1190 681 1277 221 444 672 1486 0 0 0 0 0 0 0
421 635 444 783 1376 47 711 101 0 0 0 0 0 0 0
942 37 995 1325 1192 899 47 0 0 0 0 0 0 0 0
913 1192 372 533 1258 889 0 0 0 0 0 0 0 0 0
274 455 1330 56 962 1476 444 0 0 0 0 0 0 0 0
942 37 995 1325 1192 899 47 0 0 0 0 0 0 0 0
1165 47 574 1049 1428 0 0 0 0 0 0 0 0 0 0
274 455 1330 56 962 1476 444 0 0 0 0 0 0 0 0
1578 860 1183 444 1491 983 950 179 306 0 0 0 0 0 0
1235 66 393 37 1596 1366 1192 0 0 0 0 0 0 0 0
457 444 471 977 1152 1183 444 1379 0 0 0 0 0 0 0
1536 444 941 387 711 860 43 47 0 0 0 0 0 0 0
1578 860 1183 444 1491 983 950 179 306 0 0 0 0 0 0
552 875 1350 1192 1037 1392 860 0 0 0 0 0 0 0 0
457 444 471 977 1152 1183 444 1379 0 0 0 0 0 0 0
1165 47 574 1049 1428 0 0 0 0 0 0 0 0 0 0
307 1192 1178 586 1412 421 635 444 0 0 0 0 0 0 0
1165 47 574 1049 1428 0 0 0 0 0 0 0 0 0 0
428 530 875 778 1488 962 1549 0 0 0 0 0 0 0 0
1006 47 994 533 841 1065 635 444 0 0 0 0 0 0 0
1288 778 415 1110 778 1319 962 0 0 0 0 0 0 0 0
894 1412 1593 638 47 1188 906 0 0 0 0 0 0 0 0
196 1192 1473 906 696 635 444 779 1392 860 443 1549 0 0 0
1060 1192 1453 778 62 444 1389 0 0 0 0 0 0 0 0
86 962 387 656 1374 387 443 0 0 0 0 0 0 0 0
1118 1013 47 512 47 1487 443 1549 0 0 0 0 0 0 0
428 530 875 778 1488 962 0 0 0 0 0 0 0 0 0
894 1412 1593 638 47 1188 906 0 0 0 0 0 0 0 0
421 635 444 783 1376 47 711 101 0 0 0 0 0 0 0
457 444 471 977 1152 1183 444 1379 0 0 0 0 0 0 0
1006 47 994 533 841 1065 635 444 0 0 0 0 0 0 0
1118 1013 47 512 47 1487 443 1549 0 0 0 0 0 0 0
918 533 1314 902 47 125 0 0 0 0 0 0 0 0 0
1536 444 941 387 711 860 43 47 0 0 0 0 0 0 0
457 444 471 977 1152 1183 444 1379 0 0 0 0 0 0 0
1469 1190 681 1277 221 444 672 1486 0 0 0 0 0 0 0
1593 1080 1208 307 1037 1392 860 0 0 0 0 0 0 0 0
457 444 471 977 1152 1183 444 1379 0 0 0 0 0 0 0
1366 533 1078 444 1379 880 0 0 0 0 0 0 0 0 0
918 533 1314 902 47 125 0 0 0 0 0 0 0 0 0
540 1192 72 1080 504 1578 860 0 0 0 0 0 0 0 0
1288 778 1353 387 48 962 1355 0 0 0 0 0 0 0 0
170 1379 913 1048 47 533 1336 387 0 0 0 0 0 0 0
428 530 875 778 1488 962 1549 0 0 0 0 0 0 0 0
421 635 444 783 673 1512 1294 47 0 0 0 0 0 0 0
94 47 803 977 804 1042 812 962 0 0 0 0 0 0 0
1365 1192 1077 1412 1580 778 421 635 444 0 0 0 0 0 0
913 1192 372 533 1258 889 0 0 0 0 0 0 0 0 0
913 1192 372 533 1258 889 0 0 0 0 0 0 0 0 0
611 533 1120 387 48 962 668 796 0 0 0 0 0 0 0
894 1412 1593 638 47 1188 906 0 0 0 0 0 0 0 0
1477 1192 1306 47 127 444 878 387 0 0 0 0 0 0 0
457 444 471 977 1152 1183 444 1379 0 0 0 0 0 0 0
1235 66 393 37 1596 1366 1192 0 0 0 0 0 0 0 0
1366 533 1078 444 1379 880 0 0 0 0 0 0 0 0 0
942 37 995 1325 1192 899 47 0 0 0 0 0 0 0 0
457 444 471 977 1152 1183 444 1379 0 0 0 0 0 0 0
1165 47 574 1049 1428 0 0 0 0 0 0 0 0 0 0
1477 1192 1306 47 127 444 878 387 0 0 0 0 0 0 0
918 533 1314 902 47 125 0 0 0 0 0 0 0 0 0
421 635 444 783 1376 47 711 101 0 0 0 0 0 0 0
1578 860 1183 444 1491 983 950 179 306 0 0 0 0 0 0
170 1379 913 1048 47 533 1336 387 0 0 0 0 0 0 0
86 962 387 656 1374 387 443 0 0 0 0 0 0 0 0
1130 37 1338 1192 428 0 0 0 0 0 0 0 0 0 0
274 455 1330 56 962 1476 444 0 0 0 0 0 0 0 0
94 47 803 977 804 1042 812 962 0 0 0 0 0 0 0
1477 1192 1306 47 127 444 878 387 0 0 0 0 0 0 0
894 1412 1593 638 47 1188 906 0 0 0 0 0 0 0 0
457 444 471 977 1152 1183 444 1379 0 0 0 0 0 0 0
421 635 444 783 1376 47 711 101 0 0 0 0 0 0 0
457 444 471 977 1152 1183 444 1379 0 0 0 0 0 0 0
1366 533 1078 444 1379 880 0 0 0 0 0 0 0 0 0
918 533 1314 902 47 125 0 0 0 0 0 0 0 0 0
1407 778 1596 1366 962 0 0 0 0 0 0 0 0 0 0
94 47 803 977 804 1042 812 962 0 0 0 0 0 0 0
942 37 995 1325 1192 899 47 0 0 0 0 0 0 0 0
1522 444 34 1630 906 1573 0 0 0 0 0 0 0 0 0
1578 860 1183 444 1491 983 950 179 306 0 0 0 0 0 0
1288 778 415 1110 778 1319 962 0 0 0 0 0 0 0 0
1536 444 941 387 711 860 43 47 0 0 0 0 0 0 0
894 1412 1593 638 47 1188 906 0 0 0 0 0 0 0 0
1365 1192 1077 1412 1580 778 421 635 444 0 0 0 0 0 0
737 1392 860 251 47 1531 1412 445 1355 0 0 0 0 0 0
1208 1572 125 387 1258 1537 0 0 0 0 0 0 0 0 0
1365 1192 1077 1412 1580 778 421 635 444 0 0 0 0 0 0
241 444 1379 704 1192 388 455 1606 444 976 0 0 0 0 0
1477 1192 1306 47 127 444 878 387 0 0 0 0 0 0 0
457 444 471 977 1152 1183 444 1379 0 0 0 0 0 0 0
1165 47 574 1049 1428 0 0 0 0 0 0 0 0 0 0
86 962 387 656 1374 387 443 0 0 0 0 0 0 0 0
404 455 215 635 444 783 443 1549 0 0 0 0 0 0 0
411 47 803 977 457 1512 1049 913 906 0 0 0 0 0 0
1366 533 1078 444 1379 880 0 0 0 0 0 0 0 0 0
142 1412 1066 406 977 825 1235 66 0 0 0 0 0 0 0
1366 533 1078 444 1379 880 0 0 0 0 0 0 0 0 0
1006 47 994 533 841 1065 635 444 0 0 0 0 0 0 0
170 1379 913 1048 47 533 1336 387 0 0 0 0 0 0 0
404 455 215 635 444 783 443 1549 0 0 0 0 0 0 0
942 37 995 1325 1192 899 47 0 0 0 0 0 0 0 0
894 1412 1593 638 47 1188 906 0 0 0 0 0 0 0 0
94 47 803 977 804 1042 812 962 0 0 0 0 0 0 0
1118 1013 47 512 47 1487 443 1549 0 0 0 0 0 0 0
1365 1192 1077 1412 1580 778 421 635 444 0 0 0 0 0 0
1477 1192 1306 47 127 444 878 387 0 0 0 0 0 0 0
428 530 875 778 1488 962 1549 0 0 0 0 0 0 0 0
428 530 875 778 1488 962 1549 0 0 0 0 0 0 0 0
428 530 875 778 1488 962 1549 0 0 0 0 0 0 0 0
404 455 215 635 444 783 443 1549 0 0 0 0 0 0 0
913 1192 372 533 1258 889 0 0 0 0 0 0 0 0 0
1208 1572 125 125 0 0 0 0 0 0 0 0 0 0 0
94 47 803 977 804 1042 812 962 0 0 0 0 0 0 0
1130 37 1338 1192 428 0 0 0 0 0 0 0 0 0 0
1477 1192 1306 47 127 444 878 387 0 0 0 0 0 0 0
1477 1192 1306 47 127 444 878 387 0 0 0 0 0 0 0
913 1192 372 533 1258 889 0 0 0 0 0 0 0 0 0
1578 860 1183 444 1491 983 950 179 306 0 0 0 0 0 0
1522 1192 1618 444 1526 734 0 0 0 0 0 0 0 0 0
421 635 444 783 673 1512 1294 47 0 0 0 0 0 0 0
1469 1190 681 1277 221 444 672 1486 0 0 0 0 0 0 0
1469 1190 681 1277 221 444 672 1486 0 0 0 0 0 0 0
1060 1192 1453 778 62 444 1389 0 0 0 0 0 0 0 0
894 1412 1593 638 47 1188 906 0 0 0 0 0 0 0 0
1235 66 393 37 1596 1366 1192 0 0 0 0 0 0 0 0
1376 47 711 101 47 976 0 0 0 0 0 0 0 0 0
1288 778 421 1596 1013 443 1549 0 0 0 0 0 0 0 0
1165 47 574 1049 1428 0 0 0 0 0 0 0 0 0 0
170 1379 913 1048 47 533 1336 387 0 0 0 0 0 0 0
1208 1572 125 125 0 0 0 0 0 0 0 0 0 0 0
918 533 1314 902 47 125 0 0 0 0 0 0 0 0 0
