1245 1049 1363 387 485 1540 860 0 0 0 0 0 0 0 0
171 533 722 1080 1192 104 0 0 0 0 0 0 0 0 0
146 533 855 1233 17 444 0 0 0 0 0 0 0 0 0
1476 1192 845 103 1270 0 0 0 0 0 0 0 0 0 0
1371 1192 1473 444 254 1256 778 0 0 0 0 0 0 0 0
1575 444 10 62 47 367 1573 387 0 0 0 0 0 0 0
884 1573 1549 615 727 1392 1256 778 0 0 0 0 0 0 0
1469 444 1478 860 1112 1052 1192 0 0 0 0 0 0 0 0
1576 1192 1025 1080 1049 137 0 0 0 0 0 0 0 0 0
1286 1048 47 14 1549 1048 47 533 1357 778 0 0 0 0 0
362 533 1434 298 489 1190 1278 204 0 0 0 0 0 0 0
146 533 855 1233 17 444 0 0 0 0 0 0 0 0 0
939 608 9 1192 1447 444 1410 906 1573 0 0 0 0 0 0
128 783 1355 714 462 1049 967 906 1573 0 0 0 0 0 0
366 1192 1362 533 485 1046 443 0 0 0 0 0 0 0 0
85 1192 1208 1192 689 444 1577 0 0 0 0 0 0 0 0
1245 1049 1363 387 485 1540 860 0 0 0 0 0 0 0 0
171 533 722 1080 1192 104 0 0 0 0 0 0 0 0 0
1575 444 10 62 47 367 1573 387 0 0 0 0 0 0 0
1018 1412 962 387 711 1473 444 779 66 0 0 0 0 0 0
253 1286 1473 37 1018 1286 1473 778 0 0 0 0 0 0 0
128 783 1355 714 462 1049 967 906 1573 0 0 0 0 0 0
1173 753 1277 976 860 687 1412 1353 387 1487 0 0 0 0 0
1452 778 14 1549 53 47 1490 0 0 0 0 0 0 0 0
1053 1192 1447 1412 205 276 66 0 0 0 0 0 0 0 0
362 533 1434 298 489 1190 1278 204 0 0 0 0 0 0 0
1452 778 14 1549 53 47 1490 0 0 0 0 0 0 0 0
755 444 783 1355 714 462 1049 967 906 1573 0 0 0 0 0
85 1192 893 798 444 177 387 0 0 0 0 0 0 0 0
566 1478 19 47 1399 443 1549 0 0 0 0 0 0 0 0
85 1192 893 798 444 177 387 0 0 0 0 0 0 0 0
1576 1192 1025 1080 1049 137 0 0 0 0 0 0 0 0 0
884 1573 1549 615 727 1392 1256 778 0 0 0 0 0 0 0
171 533 722 1080 1192 104 0 0 0 0 0 0 0 0 0
510 387 58 1549 714 1190 837 1345 962 0 0 0 0 0 0
253 1286 1473 37 1018 1286 1473 778 0 0 0 0 0 0 0
939 608 9 1192 1447 444 1410 906 1573 0 0 0 0 0 0
1245 1049 1363 387 485 1540 860 0 0 0 0 0 0 0 0
839 778 1192 13 1562 444 154 906 1573 0 0 0 0 0 0
939 608 9 1192 1447 444 1410 906 1573 0 0 0 0 0 0
939 608 9 1192 1447 444 1410 906 1573 0 0 0 0 0 0
362 533 1434 298 489 1190 1278 204 0 0 0 0 0 0 0
1577 1286 47 1049 1478 1190 1479 1355 0 0 0 0 0 0 0
1577 1286 1575 778 1336 387 0 0 0 0 0 0 0 0 0
49 533 317 444 1219 778 0 0 0 0 0 0 0 0 0
1245 1049 1363 387 485 1540 860 0 0 0 0 0 0 0 0
884 1573 1549 615 727 1392 1256 778 0 0 0 0 0 0 0
85 1192 1208 1192 689 444 1577 0 0 0 0 0 0 0 0
1575 444 10 62 47 367 1573 387 0 0 0 0 0 0 0
1256 444 1087 387 711 0 0 0 0 0 0 0 0 0 0
884 1573 1549 615 727 1392 1256 778 0 0 0 0 0 0 0
85 1192 893 798 444 177 387 0 0 0 0 0 0 0 0
128 783 1355 714 462 1049 967 906 1573 0 0 0 0 0 0
939 608 9 1192 1447 444 1410 906 1573 0 0 0 0 0 0
1018 1412 962 387 711 1473 444 779 66 0 0 0 0 0 0
1173 753 1277 976 860 687 1412 1353 387 1487 0 0 0 0 0
984 737 66 714 954 1357 778 0 0 0 0 0 0 0 0
85 1192 893 798 444 177 387 0 0 0 0 0 0 0 0
884 1573 1549 615 727 1392 1256 778 0 0 0 0 0 0 0
1577 1286 1575 778 1336 387 0 0 0 0 0 0 0 0 0
1286 1473 1049 10 915 1286 1572 778 0 0 0 0 0 0 0
1256 1412 1363 387 485 1540 860 0 0 0 0 0 0 0 0
566 1478 19 47 1399 443 1549 0 0 0 0 0 0 0 0
146 533 855 1233 17 444 0 0 0 0 0 0 0 0 0
146 533 855 1233 17 444 0 0 0 0 0 0 0 0 0
1469 444 1478 860 1112 1052 1192 0 0 0 0 0 0 0 0
1577 1286 1575 778 1336 387 0 0 0 0 0 0 0 0 0
1577 1286 1575 778 1336 387 0 0 0 0 0 0 0 0 0
1476 1192 845 103 1270 0 0 0 0 0 0 0 0 0 0
1576 1192 1025 1080 1049 137 0 0 0 0 0 0 0 0 0
1286 1473 1049 10 915 1286 1572 778 0 0 0 0 0 0 0
146 533 855 1233 17 444 0 0 0 0 0 0 0 0 0
1469 444 1478 860 1112 1052 1192 0 0 0 0 0 0 0 0
939 608 9 1192 1447 444 1410 906 1573 0 0 0 0 0 0
171 533 722 1080 1192 104 0 0 0 0 0 0 0 0 0
1500 860 898 709 498 962 0 0 0 0 0 0 0 0 0
939 608 9 1192 1447 444 1410 906 1573 0 0 0 0 0 0
1576 1192 1025 1080 1049 137 0 0 0 0 0 0 0 0 0
839 778 1192 13 1562 444 154 906 1573 0 0 0 0 0 0
529 1192 54 388 533 880 814 816 1146 0 0 0 0 0 0
146 533 855 1233 17 444 0 0 0 0 0 0 0 0 0
253 1286 1473 37 1018 1286 1473 778 0 0 0 0 0 0 0
1577 1286 47 1049 1478 1190 1479 1355 0 0 0 0 0 0 0
128 783 1355 714 462 1049 967 906 1573 0 0 0 0 0 0
1452 778 14 1549 53 47 1490 0 0 0 0 0 0 0 0
1286 1473 444 10 915 1286 1572 778 0 0 0 0 0 0 0
984 737 66 714 954 1357 778 0 0 0 0 0 0 0 0
839 778 1192 13 1562 444 154 906 1573 0 0 0 0 0 0
1053 1192 1447 1412 205 276 66 0 0 0 0 0 0 0 0
1577 1286 1575 778 1336 387 0 0 0 0 0 0 0 0 0
884 1573 1549 615 727 1392 1256 778 0 0 0 0 0 0 0
1286 1473 1049 10 915 1286 1572 778 0 0 0 0 0 0 0
1478 860 146 533 1487 443 1549 0 0 0 0 0 0 0 0
1577 1286 47 1049 1478 1190 1479 1355 0 0 0 0 0 0 0
85 1192 893 798 444 177 387 0 0 0 0 0 0 0 0
1500 860 898 709 498 962 0 0 0 0 0 0 0 0 0
839 778 1192 13 1562 444 154 906 1573 0 0 0 0 0 0
1245 1049 1363 387 485 1540 860 0 0 0 0 0 0 0 0
1577 1286 47 1049 1478 1190 1479 1355 0 0 0 0 0 0 0
1599 962 387 711 1473 444 779 66 0 0 0 0 0 0 0
1173 753 1277 976 860 687 1412 1353 387 1487 0 0 0 0 0
1476 1192 845 103 1270 0 0 0 0 0 0 0 0 0 0
366 1192 1362 533 485 1046 443 0 0 0 0 0 0 0 0
945 1049 1371 1192 689 444 711 942 0 0 0 0 0 0 0
1018 1412 962 387 711 1473 444 779 66 0 0 0 0 0 0
1576 1192 1025 1080 1049 137 0 0 0 0 0 0 0 0 0
839 778 1192 13 1562 444 154 906 1573 0 0 0 0 0 0
1500 860 898 709 498 962 0 0 0 0 0 0 0 0 0
1469 444 1478 860 1112 1052 1192 0 0 0 0 0 0 0 0
1452 778 14 1549 53 47 1490 0 0 0 0 0 0 0 0
1445 47 255 47 1418 444 1379 1363 1488 1286 47 0 0 0 0
1577 1286 1575 778 1336 387 0 0 0 0 0 0 0 0 0
1576 1192 1025 1080 1049 137 0 0 0 0 0 0 0 0 0
1500 860 898 709 498 962 0 0 0 0 0 0 0 0 0
1577 1286 1575 778 1336 387 0 0 0 0 0 0 0 0 0
1469 444 1478 860 1112 1052 1192 0 0 0 0 0 0 0 0
1575 444 10 62 47 367 1573 387 0 0 0 0 0 0 0
171 533 722 1080 1192 104 0 0 0 0 0 0 0 0 0
1053 1192 1447 1412 205 276 66 0 0 0 0 0 0 0 0
128 783 1355 714 462 1049 967 906 1573 0 0 0 0 0 0
1577 1286 1575 778 1336 387 0 0 0 0 0 0 0 0 0
839 778 1192 13 1562 444 154 906 1573 0 0 0 0 0 0
1137 47 1399 1355 880 1500 101 0 0 0 0 0 0 0 0
146 533 855 1233 17 444 0 0 0 0 0 0 0 0 0
1452 778 14 1549 53 47 1490 0 0 0 0 0 0 0 0
510 387 58 1549 714 1190 837 1345 962 0 0 0 0 0 0
573 47 1616 416 1190 1479 1355 0 0 0 0 0 0 0 0
146 533 855 1233 17 444 0 0 0 0 0 0 0 0 0
1452 778 14 1549 53 47 1490 0 0 0 0 0 0 0 0
1476 1192 845 103 1270 0 0 0 0 0 0 0 0 0 0
939 608 9 1192 1447 444 1410 906 1573 0 0 0 0 0 0
1575 444 10 62 47 367 1573 387 0 0 0 0 0 0 0
939 608 9 1192 1447 444 1410 906 1573 0 0 0 0 0 0
146 533 855 1233 17 444 0 0 0 0 0 0 0 0 0
85 1192 893 798 444 177 387 0 0 0 0 0 0 0 0
884 1573 1549 615 727 1392 1256 778 0 0 0 0 0 0 0
49 533 317 444 1219 778 0 0 0 0 0 0 0 0 0
146 533 855 1233 17 444 0 0 0 0 0 0 0 0 0
1256 444 548 778 0 0 0 0 0 0 0 0 0 0 0
146 533 855 1233 17 444 0 0 0 0 0 0 0 0 0
366 1192 1362 533 485 1046 443 0 0 0 0 0 0 0 0
939 608 9 1192 1447 444 1410 906 1573 0 0 0 0 0 0
573 47 1616 416 1190 1479 1355 0 0 0 0 0 0 0 0
510 387 58 1549 714 1190 837 1345 962 0 0 0 0 0 0
984 737 66 714 954 1357 778 0 0 0 0 0 0 0 0
1286 1473 1049 10 915 1286 1572 313 1487 0 0 0 0 0 0
128 783 1355 714 462 1049 967 906 1573 0 0 0 0 0 0
1476 1192 845 103 1270 0 0 0 0 0 0 0 0 0 0
1053 1192 1447 1412 205 276 66 0 0 0 0 0 0 0 0
573 47 1616 416 1190 1479 1355 0 0 0 0 0 0 0 0
366 1192 1362 533 485 1046 443 0 0 0 0 0 0 0 0
1577 1286 1575 778 1336 387 0 0 0 0 0 0 0 0 0
1577 1286 47 1049 1478 1190 1479 1355 0 0 0 0 0 0 0
1286 1473 1049 10 915 1286 1572 778 0 0 0 0 0 0 0
1576 1192 1025 1080 1049 137 0 0 0 0 0 0 0 0 0
253 1286 1473 37 1018 1286 1473 778 0 0 0 0 0 0 0
573 47 1616 416 1190 1479 1355 0 0 0 0 0 0 0 0
1173 753 1277 976 860 687 1412 1353 387 1487 0 0 0 0 0
146 533 855 1233 17 444 0 0 0 0 0 0 0 0 0
1256 1049 1363 387 485 1540 860 0 0 0 0 0 0 0 0
1256 1192 1418 444 908 1190 313 1355 0 0 0 0 0 0 0
1577 1286 47 1049 1478 1190 1479 1355 0 0 0 0 0 0 0
1469 444 1478 860 1112 1052 1192 0 0 0 0 0 0 0 0
1452 778 14 1549 53 47 1490 0 0 0 0 0 0 0 0
1575 444 10 62 47 367 1573 387 0 0 0 0 0 0 0
939 608 9 1192 1447 444 1410 906 1573 0 0 0 0 0 0
566 1478 19 47 1399 443 1549 0 0 0 0 0 0 0 0
573 47 1616 416 1190 1479 1355 0 0 0 0 0 0 0 0
573 47 1616 416 1190 1479 1355 0 0 0 0 0 0 0 0
1469 444 1478 860 1112 1052 1192 0 0 0 0 0 0 0 0
1500 860 898 709 498 962 0 0 0 0 0 0 0 0 0
1575 444 10 62 47 367 1573 387 0 0 0 0 0 0 0
984 737 66 714 954 1357 778 0 0 0 0 0 0 0 0
171 533 722 1080 1192 104 0 0 0 0 0 0 0 0 0
984 737 66 714 954 1357 778 0 0 0 0 0 0 0 0
366 1192 1362 533 485 1046 443 0 0 0 0 0 0 0 0
1452 778 14 1549 53 47 1490 0 0 0 0 0 0 0 0
1018 1412 962 387 711 1473 444 779 66 0 0 0 0 0 0
366 1192 1362 533 485 1046 443 0 0 0 0 0 0 0 0
1018 1412 962 387 711 1473 444 779 66 0 0 0 0 0 0
1452 778 14 1549 53 47 1490 0 0 0 0 0 0 0 0
85 1192 893 798 444 177 387 0 0 0 0 0 0 0 0
939 608 9 1192 1447 444 1410 906 1573 0 0 0 0 0 0
939 608 9 1192 1447 444 1410 906 1573 0 0 0 0 0 0
366 1192 1362 533 485 1046 443 0 0 0 0 0 0 0 0
1577 1286 47 1049 1478 1190 1479 1355 0 0 0 0 0 0 0
1576 1192 1025 1080 1049 137 0 0 0 0 0 0 0 0 0
1576 1192 1025 1080 1049 137 0 0 0 0 0 0 0 0 0
1053 1192 1447 1412 205 276 66 0 0 0 0 0 0 0 0
510 387 58 1549 714 1190 837 1345 962 0 0 0 0 0 0
984 737 66 714 954 1357 778 0 0 0 0 0 0 0 0
510 387 58 1549 714 1190 837 1345 962 0 0 0 0 0 0
590 1473 875 1596 533 1357 778 0 0 0 0 0 0 0 0
939 608 9 1192 1447 444 1410 906 1573 0 0 0 0 0 0
939 608 9 1192 1447 444 1410 906 1573 0 0 0 0 0 0
1245 444 1478 860 1112 1052 1192 0 0 0 0 0 0 0 0
1575 444 10 62 47 367 1573 387 0 0 0 0 0 0 0
1286 1473 1049 10 915 1286 1572 778 0 0 0 0 0 0 0
253 1286 1473 37 1018 1286 1473 778 0 0 0 0 0 0 0
1371 1192 1473 444 254 1256 778 0 0 0 0 0 0 0 0
1576 1192 1025 1080 1049 137 0 0 0 0 0 0 0 0 0
146 533 855 1233 17 444 0 0 0 0 0 0 0 0 0
253 1286 1473 37 1018 1286 1473 778 0 0 0 0 0 0 0
1469 444 1478 860 1112 1052 1192 0 0 0 0 0 0 0 0
1053 1192 845 1270 1447 816 0 0 0 0 0 0 0 0 0
1245 444 1478 860 1112 1052 1192 0 0 0 0 0 0 0 0
1053 1192 1447 1412 205 276 66 0 0 0 0 0 0 0 0
171 533 722 1080 1192 104 0 0 0 0 0 0 0 0 0
366 1192 1362 533 485 1046 443 0 0 0 0 0 0 0 0
566 1478 19 47 1399 443 1549 0 0 0 0 0 0 0 0
839 778 1192 13 1562 444 154 906 1573 0 0 0 0 0 0
1575 444 10 62 47 367 1573 387 0 0 0 0 0 0 0
362 533 1434 298 489 1190 1278 204 0 0 0 0 0 0 0
566 1478 19 47 1399 443 1549 0 0 0 0 0 0 0 0
1371 1192 1473 444 254 1256 778 0 0 0 0 0 0 0 0
984 737 66 714 954 1357 778 0 0 0 0 0 0 0 0
1053 1192 1447 1412 205 276 66 0 0 0 0 0 0 0 0
1576 1192 1025 1080 1049 137 0 0 0 0 0 0 0 0 0
1245 1049 1363 387 485 1540 860 0 0 0 0 0 0 0 0
362 533 1434 298 489 1190 1278 204 0 0 0 0 0 0 0
529 1192 54 388 533 880 814 816 0 0 0 0 0 0 0
1192 689 262 533 1361 1277 1357 778 0 0 0 0 0 0 0
1018 1412 962 387 711 1473 444 779 66 0 0 0 0 0 0
1576 1192 1025 1080 1049 137 0 0 0 0 0 0 0 0 0
1286 1473 1049 10 915 1286 1572 778 0 0 0 0 0 0 0
1173 753 1277 976 860 687 1412 1353 387 1487 0 0 0 0 0
1245 1049 1363 387 485 1540 860 0 0 0 0 0 0 0 0
1053 1192 1447 1412 205 276 66 0 0 0 0 0 0 0 0
1500 860 898 709 498 962 0 0 0 0 0 0 0 0 0
1018 1412 962 387 711 1473 444 779 66 0 0 0 0 0 0
1576 1192 1025 1080 533 137 0 0 0 0 0 0 0 0 0
1577 1286 47 1049 1478 1190 1479 1355 0 0 0 0 0 0 0
253 1286 1473 37 1018 1286 1473 778 0 0 0 0 0 0 0
272 1192 319 1192 1511 713 101 1577 0 0 0 0 0 0 0
366 1192 1362 533 485 1046 443 0 0 0 0 0 0 0 0
1286 1473 444 10 915 1286 1572 778 0 0 0 0 0 0 0
85 1192 893 798 444 177 387 0 0 0 0 0 0 0 0
1599 962 387 711 1473 444 779 66 0 0 0 0 0 0 0
85 1192 893 798 444 177 387 0 0 0 0 0 0 0 0
566 1478 19 47 1399 443 1549 0 0 0 0 0 0 0 0
984 737 66 714 954 1357 778 0 0 0 0 0 0 0 0
1452 778 14 1549 53 47 1490 0 0 0 0 0 0 0 0
85 1192 893 798 444 177 387 0 0 0 0 0 0 0 0
366 1192 1362 533 485 1046 443 0 0 0 0 0 0 0 0
1575 444 10 62 47 367 1573 387 0 0 0 0 0 0 0
510 387 58 1549 714 1190 837 1345 962 0 0 0 0 0 0
1137 47 1399 1355 880 1500 101 0 0 0 0 0 0 0 0
1575 444 10 62 47 367 1573 387 0 0 0 0 0 0 0
939 608 9 1192 1447 444 1410 906 1573 0 0 0 0 0 0
1469 444 1478 860 1112 1052 1192 0 0 0 0 0 0 0 0
839 778 1192 13 1562 444 154 906 1573 0 0 0 0 0 0
85 1192 893 798 444 177 387 0 0 0 0 0 0 0 0
85 1192 1208 1192 689 444 1577 0 0 0 0 0 0 0 0
1286 1473 1049 10 915 1286 689 0 0 0 0 0 0 0 0
1577 1286 1575 778 1336 387 0 0 0 0 0 0 0 0 0
939 608 9 1192 1447 444 1410 906 1573 0 0 0 0 0 0
253 1286 1473 37 1018 1286 1473 778 0 0 0 0 0 0 0
1018 1412 962 387 711 1473 444 779 66 0 0 0 0 0 0
1018 1412 962 387 711 1473 444 779 66 0 0 0 0 0 0
171 533 722 1080 1192 104 0 0 0 0 0 0 0 0 0
884 1573 1549 615 727 1392 1256 778 0 0 0 0 0 0 0
1577 1286 689 1049 779 66 0 0 0 0 0 0 0 0 0
171 533 722 1080 1192 104 0 0 0 0 0 0 0 0 0
128 783 1355 714 462 1049 967 906 1573 0 0 0 0 0 0
1452 778 14 1549 53 47 1490 0 0 0 0 0 0 0 0
1577 1286 1575 778 1336 387 0 0 0 0 0 0 0 0 0
984 737 66 714 954 1357 778 0 0 0 0 0 0 0 0
146 533 855 1233 17 444 0 0 0 0 0 0 0 0 0
146 533 855 1233 17 444 0 0 0 0 0 0 0 0 0
1577 1286 47 1049 1478 1190 1479 1355 0 0 0 0 0 0 0
1245 1049 1363 387 485 1540 860 0 0 0 0 0 0 0 0
1576 1192 1025 1080 1049 137 0 0 0 0 0 0 0 0 0
1452 778 14 1549 53 47 1490 0 0 0 0 0 0 0 0
566 1478 19 47 1399 443 1549 0 0 0 0 0 0 0 0
573 47 533 376 47 880 814 816 0 0 0 0 0 0 0
85 1192 893 798 444 177 387 0 0 0 0 0 0 0 0
529 1192 54 388 533 880 814 816 1549 0 0 0 0 0 0
1018 1412 962 387 711 1473 444 779 66 0 0 0 0 0 0
366 1192 1362 533 485 1046 443 0 0 0 0 0 0 0 0
884 1573 1549 615 727 1392 1256 778 0 0 0 0 0 0 0
362 533 1434 298 489 1190 1278 204 0 0 0 0 0 0 0
85 1192 893 798 444 177 387 0 0 0 0 0 0 0 0
839 778 1192 13 1562 444 154 906 1573 0 0 0 0 0 0
510 387 58 1549 714 1190 837 1345 962 0 0 0 0 0 0
1476 1192 845 103 1270 0 0 0 0 0 0 0 0 0 0
529 1192 54 388 533 880 814 816 0 0 0 0 0 0 0
510 387 58 1549 714 1190 837 1345 962 0 0 0 0 0 0
783 66 1348 47 389 489 444 444 0 0 0 0 0 0 0
1245 1049 1363 387 485 1540 860 0 0 0 0 0 0 0 0
1173 753 1277 976 860 687 1412 1353 387 1487 0 0 0 0 0
1577 1286 47 1049 1478 1190 1479 1355 0 0 0 0 0 0 0
362 533 1434 298 489 1190 1278 204 0 0 0 0 0 0 0
1256 1049 1363 387 485 1540 860 0 0 0 0 0 0 0 0
146 533 855 1233 17 444 0 0 0 0 0 0 0 0 0
508 47 367 1573 387 711 1291 1412 0 0 0 0 0 0 0
1500 860 898 709 498 962 0 0 0 0 0 0 0 0 0
1371 1192 1473 444 254 1256 778 0 0 0 0 0 0 0 0
1371 1192 1192 444 1478 1522 533 0 0 0 0 0 0 0 0
1500 860 898 709 498 962 0 0 0 0 0 0 0 0 0
1577 1286 1575 778 1336 387 0 0 0 0 0 0 0 0 0
566 1478 19 47 1399 443 1549 0 0 0 0 0 0 0 0
1500 860 898 709 498 962 0 0 0 0 0 0 0 0 0
128 783 1355 714 462 1049 967 906 1573 0 0 0 0 0 0
146 533 855 1233 17 444 0 0 0 0 0 0 0 0 0
1577 1286 1575 778 1336 387 0 0 0 0 0 0 0 0 0
884 1573 1549 615 727 1392 1256 778 0 0 0 0 0 0 0
1577 1286 47 1049 1478 1190 1479 1355 0 0 0 0 0 0 0
85 1192 893 798 444 177 387 0 0 0 0 0 0 0 0
1452 778 14 1549 53 47 1490 0 0 0 0 0 0 0 0
146 533 855 1233 17 444 0 0 0 0 0 0 0 0 0
939 608 9 1192 1447 444 1410 906 1573 0 0 0 0 0 0
49 533 317 444 1219 778 0 0 0 0 0 0 0 0 0
1173 753 1277 976 860 687 1412 1353 387 1487 0 0 0 0 0
1371 1192 1473 444 254 1256 778 0 0 0 0 0 0 0 0
85 1192 1208 1192 689 444 1577 0 0 0 0 0 0 0 0
362 533 1434 298 489 1190 1278 204 0 0 0 0 0 0 0
85 1192 1208 1192 689 444 1577 0 0 0 0 0 0 0 0
1053 1192 1447 1412 205 276 66 0 0 0 0 0 0 0 0
366 1192 1362 533 485 1046 443 0 0 0 0 0 0 0 0
85 1192 893 798 444 177 387 0 0 0 0 0 0 0 0
1522 1192 1511 1192 1596 533 708 47 726 1572 778 0 0 0 0
1575 444 10 62 47 367 1573 387 0 0 0 0 0 0 0
362 533 1434 298 489 1190 1278 204 0 0 0 0 0 0 0
1286 1473 1049 10 915 1286 1572 778 0 0 0 0 0 0 0
171 533 722 1080 1192 104 0 0 0 0 0 0 0 0 0
366 1192 1362 533 485 1046 443 0 0 0 0 0 0 0 0
85 1192 1208 1192 689 444 1577 0 0 0 0 0 0 0 0
146 533 855 1233 17 444 0 0 0 0 0 0 0 0 0
253 1286 1473 37 1018 1286 1473 778 0 0 0 0 0 0 0
839 778 1192 13 1562 444 154 906 1573 0 0 0 0 0 0
128 783 1355 714 462 1049 967 906 1573 0 0 0 0 0 0
984 737 66 714 954 1357 778 0 0 0 0 0 0 0 0
1245 444 1478 860 1112 1052 1192 0 0 0 0 0 0 0 0
1018 1412 962 387 711 1473 444 779 66 0 0 0 0 0 0
1256 1049 1363 387 485 1540 860 0 0 0 0 0 0 0 0
1371 1192 1473 444 254 1256 778 0 0 0 0 0 0 0 0
1452 778 14 1549 53 47 1490 0 0 0 0 0 0 0 0
566 1478 19 47 1399 443 1549 0 0 0 0 0 0 0 0
1577 1286 47 1049 1478 1190 1479 1355 0 0 0 0 0 0 0
1452 778 14 1549 53 47 1490 0 0 0 0 0 0 0 0
1576 1192 1025 1080 1049 137 0 0 0 0 0 0 0 0 0
1053 1192 1447 1412 205 276 66 0 0 0 0 0 0 0 0
171 533 722 1080 1192 104 0 0 0 0 0 0 0 0 0
984 737 66 714 954 1357 778 0 0 0 0 0 0 0 0
939 608 9 1192 1447 444 1410 906 1573 0 0 0 0 0 0
1469 444 1478 860 1112 1052 1192 0 0 0 0 0 0 0 0
510 387 58 1549 714 1190 837 1345 962 0 0 0 0 0 0
884 1573 1549 615 727 1392 1256 778 0 0 0 0 0 0 0
573 47 1616 416 1190 1479 1355 0 0 0 0 0 0 0 0
1286 1473 1049 10 915 1286 1572 313 1487 0 0 0 0 0 0
884 1573 1549 615 727 1392 1256 778 0 0 0 0 0 0 0
1452 778 14 1549 53 47 1490 0 0 0 0 0 0 0 0
508 47 367 1573 387 711 1572 778 0 0 0 0 0 0 0
128 783 1355 714 462 1049 967 906 1573 0 0 0 0 0 0
146 533 855 1233 17 444 0 0 0 0 0 0 0 0 0
939 608 9 1192 1447 444 1410 906 1573 0 0 0 0 0 0
622 1192 1473 444 409 860 0 0 0 0 0 0 0 0 0
1577 1286 47 1049 1478 1190 1479 1355 0 0 0 0 0 0 0
1137 47 1399 47 255 47 1399 1146 0 0 0 0 0 0 0
1476 1192 18 1412 599 962 0 0 0 0 0 0 0 0 0
1018 1412 962 387 711 1473 444 779 66 0 0 0 0 0 0
1476 1192 18 1412 599 962 0 0 0 0 0 0 0 0 0
1286 1473 444 10 915 1286 1572 778 0 0 0 0 0 0 0
146 533 855 1233 17 444 0 0 0 0 0 0 0 0 0
1018 1412 962 387 711 1473 444 779 66 0 0 0 0 0 0
1476 1192 845 103 1270 0 0 0 0 0 0 0 0 0 0
1173 753 1277 976 860 687 1412 1353 387 1487 0 0 0 0 0
449 533 1434 1080 123 0 0 0 0 0 0 0 0 0 0
984 737 66 714 954 1357 778 0 0 0 0 0 0 0 0
1575 444 10 62 47 367 1573 387 0 0 0 0 0 0 0
1469 444 1478 860 1112 1052 1192 0 0 0 0 0 0 0 0
1245 1049 1363 387 485 1540 860 0 0 0 0 0 0 0 0
1575 444 10 62 47 367 1573 387 0 0 0 0 0 0 0
573 47 1616 416 1190 1479 1355 0 0 0 0 0 0 0 0
1500 860 898 709 498 962 0 0 0 0 0 0 0 0 0
1053 1192 1447 1412 205 276 66 0 0 0 0 0 0 0 0
566 1478 19 47 1399 443 1549 0 0 0 0 0 0 0 0
1500 860 898 709 498 962 0 0 0 0 0 0 0 0 0
1245 1049 1363 387 485 1540 860 0 0 0 0 0 0 0 0
1137 47 1399 1355 880 1500 101 0 0 0 0 0 0 0 0
171 533 722 1080 1192 104 0 0 0 0 0 0 0 0 0
1286 1473 1049 10 915 1286 1572 778 0 0 0 0 0 0 0
1286 1473 1049 10 915 1286 1572 778 0 0 0 0 0 0 0
1053 1192 1447 1412 205 276 66 0 0 0 0 0 0 0 0
253 1286 1473 37 1018 1286 1473 778 0 0 0 0 0 0 0
1053 1192 1447 1412 205 276 66 0 0 0 0 0 0 0 0
573 47 1616 416 1190 1479 1355 0 0 0 0 0 0 0 0
984 737 66 714 954 1357 778 0 0 0 0 0 0 0 0
1577 1286 47 1049 1478 1190 1479 1355 0 0 0 0 0 0 0
566 1478 19 47 1399 443 1549 0 0 0 0 0 0 0 0
1469 444 1478 860 1112 1052 1192 0 0 0 0 0 0 0 0
1500 860 898 709 498 962 0 0 0 0 0 0 0 0 0
1256 1049 1363 387 485 1540 860 0 0 0 0 0 0 0 0
1452 778 14 1549 53 47 1490 0 0 0 0 0 0 0 0
1053 1192 1447 1412 205 276 66 0 0 0 0 0 0 0 0
1575 444 10 62 47 367 1573 387 0 0 0 0 0 0 0
1599 962 387 711 1473 1049 779 66 0 0 0 0 0 0 0
510 387 58 1549 714 1190 837 1345 962 0 0 0 0 0 0
510 387 1616 416 1190 1479 1355 0 0 0 0 0 0 0 0
146 533 855 1233 17 444 0 0 0 0 0 0 0 0 0
85 1192 893 798 444 177 387 0 0 0 0 0 0 0 0
1575 444 10 62 47 367 1573 387 0 0 0 0 0 0 0
1286 1473 1049 10 915 1286 1572 778 0 0 0 0 0 0 0
171 533 722 1080 1192 104 0 0 0 0 0 0 0 0 0
1577 1286 1575 778 1336 387 0 0 0 0 0 0 0 0 0
939 608 9 1192 1447 444 1410 906 1573 0 0 0 0 0 0
529 1192 54 388 313 1355 714 1190 1479 1355 0 0 0 0 0
510 387 58 1549 714 1190 837 1345 962 0 0 0 0 0 0
146 533 855 1233 17 444 0 0 0 0 0 0 0 0 0
1576 1192 1025 1080 533 1035 387 0 0 0 0 0 0 0 0
128 783 1355 714 462 1049 967 906 1573 0 0 0 0 0 0
1476 1192 845 103 1270 0 0 0 0 0 0 0 0 0 0
85 1192 893 798 444 177 387 0 0 0 0 0 0 0 0
362 533 1434 298 489 1190 1278 204 0 0 0 0 0 0 0
1577 1286 1575 778 1336 387 0 0 0 0 0 0 0 0 0
984 737 66 714 954 1357 778 0 0 0 0 0 0 0 0
1452 778 14 1549 53 47 1490 0 0 0 0 0 0 0 0
1576 1192 1025 1080 1049 137 0 0 0 0 0 0 0 0 0
171 533 722 1080 1192 104 0 0 0 0 0 0 0 0 0
171 533 722 1080 1192 104 0 0 0 0 0 0 0 0 0
1220 444 1379 1363 1476 1192 388 778 0 0 0 0 0 0 0
1476 1192 845 103 1270 0 0 0 0 0 0 0 0 0 0
146 533 855 1233 17 444 0 0 0 0 0 0 0 0 0
128 783 1355 714 462 1049 967 906 1573 0 0 0 0 0 0
1469 444 1478 860 1112 1052 1192 0 0 0 0 0 0 0 0
1427 1049 1379 389 1049 1379 688 1412 1146 0 0 0 0 0 0
1245 444 1478 860 1112 1052 1192 0 0 0 0 0 0 0 0
1245 444 1478 860 1112 1052 1192 0 0 0 0 0 0 0 0
1577 1286 1575 778 1336 387 0 0 0 0 0 0 0 0 0
839 778 1192 13 1562 444 154 906 1573 0 0 0 0 0 0
984 737 66 714 954 1357 778 0 0 0 0 0 0 0 0
1245 444 1478 860 1112 1052 1192 0 0 0 0 0 0 0 0
1245 1049 1363 387 485 1540 860 0 0 0 0 0 0 0 0
1577 1286 1575 778 1336 387 0 0 0 0 0 0 0 0 0
128 783 1355 714 462 1049 967 906 1573 0 0 0 0 0 0
884 1573 1549 615 727 1392 1256 778 0 0 0 0 0 0 0
267 1286 1048 47 14 1549 1048 47 1487 0 0 0 0 0 0
1576 1192 1025 1080 1049 137 0 0 0 0 0 0 0 0 0
1256 1049 1478 860 1112 1052 1192 0 0 0 0 0 0 0 0
1577 1286 47 1049 1478 1190 1479 1355 0 0 0 0 0 0 0
171 533 722 1080 1192 104 0 0 0 0 0 0 0 0 0
984 737 66 714 954 1357 778 0 0 0 0 0 0 0 0
1053 1192 1447 1412 205 276 66 0 0 0 0 0 0 0 0
939 608 9 1192 1447 444 1410 906 1573 0 0 0 0 0 0
1577 1286 47 1049 1478 1190 1479 1355 0 0 0 0 0 0 0
839 778 1192 13 1562 444 154 906 1573 0 0 0 0 0 0
839 778 1192 13 1562 444 154 906 1573 0 0 0 0 0 0
85 1192 893 798 444 177 387 0 0 0 0 0 0 0 0
366 1192 1362 533 485 1046 443 0 0 0 0 0 0 0 0
1476 1192 845 103 1270 0 0 0 0 0 0 0 0 0 0
884 1573 1549 615 727 1392 1256 778 0 0 0 0 0 0 0
362 533 1434 298 489 1190 1278 204 0 0 0 0 0 0 0
884 1573 1549 615 727 1392 1256 778 0 0 0 0 0 0 0
984 737 66 714 954 1357 778 0 0 0 0 0 0 0 0
984 737 66 714 954 1357 778 0 0 0 0 0 0 0 0
85 1192 893 798 444 177 387 0 0 0 0 0 0 0 0
1245 1379 1363 387 485 1540 860 0 0 0 0 0 0 0 0
984 737 66 714 954 1357 778 0 0 0 0 0 0 0 0
1575 444 10 62 47 367 1573 387 0 0 0 0 0 0 0
171 533 722 1080 1192 104 0 0 0 0 0 0 0 0 0
1286 1473 1049 10 915 1286 1572 778 0 0 0 0 0 0 0
529 1192 54 388 533 880 814 816 0 0 0 0 0 0 0
1173 753 1277 976 860 687 1412 1353 387 1487 0 0 0 0 0
939 608 9 1192 1447 444 1410 906 1573 0 0 0 0 0 0
839 778 1192 13 1562 444 154 906 1573 0 0 0 0 0 0
146 533 855 1233 17 444 0 0 0 0 0 0 0 0 0
1371 1192 1473 444 254 1256 778 0 0 0 0 0 0 0 0
146 533 855 1233 17 444 0 0 0 0 0 0 0 0 0
510 387 58 1549 714 1190 837 1345 962 0 0 0 0 0 0
49 533 317 444 1219 778 0 0 0 0 0 0 0 0 0
128 783 1355 714 462 1049 967 906 1573 0 0 0 0 0 0
1577 1286 47 1049 1478 1190 1479 1355 0 0 0 0 0 0 0
939 608 9 1192 1447 444 1410 906 1573 0 0 0 0 0 0
984 737 66 714 954 1357 778 0 0 0 0 0 0 0 0
362 533 1434 298 489 1190 1278 204 0 0 0 0 0 0 0
1452 778 14 1549 53 47 1490 0 0 0 0 0 0 0 0
1286 1473 444 10 387 313 1355 0 0 0 0 0 0 0 0
1245 1049 1363 387 485 1540 860 0 0 0 0 0 0 0 0
362 533 1434 298 489 1190 1278 204 0 0 0 0 0 0 0
1173 753 1277 976 860 687 1412 1353 387 1487 0 0 0 0 0
1245 1049 1363 387 485 1540 860 0 0 0 0 0 0 0 0
1500 860 898 709 498 962 0 0 0 0 0 0 0 0 0
1245 1049 1363 387 485 1540 860 0 0 0 0 0 0 0 0
510 387 58 1549 714 1190 837 1345 962 0 0 0 0 0 0
1577 1286 1575 778 1336 387 0 0 0 0 0 0 0 0 0
171 533 722 1080 1192 104 0 0 0 0 0 0 0 0 0
939 608 9 1192 1447 444 1410 906 1573 0 0 0 0 0 0
1286 1473 1049 10 915 1286 689 0 0 0 0 0 0 0 0
884 1573 1549 615 727 1392 1256 778 0 0 0 0 0 0 0
510 387 58 1549 714 1190 837 1345 962 0 0 0 0 0 0
566 1478 19 47 1399 443 1549 0 0 0 0 0 0 0 0
1476 1192 845 103 1270 0 0 0 0 0 0 0 0 0 0
573 47 1616 416 1190 1479 1355 0 0 0 0 0 0 0 0
1452 778 14 1549 53 47 1490 0 0 0 0 0 0 0 0
1245 1049 1363 387 485 1540 860 0 0 0 0 0 0 0 0
510 387 58 1549 714 1190 837 1345 962 0 0 0 0 0 0
839 778 1192 13 1562 444 154 906 1573 0 0 0 0 0 0
1577 1286 1575 778 1336 387 0 0 0 0 0 0 0 0 0
362 533 1434 298 489 1190 1278 204 0 0 0 0 0 0 0
85 1192 893 798 444 177 387 0 0 0 0 0 0 0 0
1245 1049 1363 387 485 1540 860 0 0 0 0 0 0 0 0
1500 860 898 709 498 962 0 0 0 0 0 0 0 0 0
1577 1286 1575 778 1336 387 0 0 0 0 0 0 0 0 0
1245 1049 1363 387 485 1540 860 0 0 0 0 0 0 0 0
85 1192 893 798 444 177 387 0 0 0 0 0 0 0 0
128 783 1355 714 462 1049 967 906 1573 0 0 0 0 0 0
1469 444 1478 860 1112 1052 1192 0 0 0 0 0 0 0 0
1577 1286 1575 778 1336 387 0 0 0 0 0 0 0 0 0
146 533 855 1233 17 444 0 0 0 0 0 0 0 0 0
253 1286 1473 37 1018 1286 1473 778 0 0 0 0 0 0 0
1173 753 1277 976 860 687 1412 1353 387 1487 0 0 0 0 0
1576 1192 1025 1080 1049 137 0 0 0 0 0 0 0 0 0
884 1573 1549 615 727 1392 1256 778 0 0 0 0 0 0 0
1476 1192 845 103 1270 0 0 0 0 0 0 0 0 0 0
510 387 58 1549 714 1190 837 1345 962 0 0 0 0 0 0
1173 753 1277 976 860 687 1412 1353 387 1487 0 0 0 0 0
1245 1049 1363 387 485 1540 860 0 0 0 0 0 0 0 0
649 444 634 1355 444 1500 860 396 0 0 0 0 0 0 0
510 387 58 1549 714 1190 837 1345 962 0 0 0 0 0 0
1469 444 1478 860 1112 1052 1192 0 0 0 0 0 0 0 0
128 783 1355 714 462 1049 967 906 1573 0 0 0 0 0 0
366 1192 1362 533 485 1046 443 0 0 0 0 0 0 0 0
1577 1286 1575 778 1336 387 0 0 0 0 0 0 0 0 0
1173 753 1277 976 860 687 1412 1353 387 1487 0 0 0 0 0
573 47 1616 416 1190 1479 1355 0 0 0 0 0 0 0 0
1469 444 1478 860 1112 1052 1192 0 0 0 0 0 0 0 0
1286 1473 1049 10 915 1286 1572 778 0 0 0 0 0 0 0
1053 1192 1447 1412 205 276 66 0 0 0 0 0 0 0 0
1577 1286 47 1049 1478 1190 1479 1355 0 0 0 0 0 0 0
1575 444 10 62 47 367 1573 387 0 0 0 0 0 0 0
1575 444 10 62 47 367 1573 387 0 0 0 0 0 0 0
1576 1192 1025 1080 137 0 0 0 0 0 0 0 0 0 0
146 533 855 1233 17 444 0 0 0 0 0 0 0 0 0
128 783 1355 714 462 1049 967 906 1573 0 0 0 0 0 0
573 47 1616 416 1190 1479 1355 0 0 0 0 0 0 0 0
1245 1049 1363 387 485 1540 860 0 0 0 0 0 0 0 0
1575 444 10 62 47 367 1573 387 0 0 0 0 0 0 0
1018 1412 962 387 711 689 1049 779 66 0 0 0 0 0 0
510 387 58 1549 714 1190 837 1345 962 0 0 0 0 0 0
566 1478 19 47 1399 443 1549 0 0 0 0 0 0 0 0
573 47 1616 416 1190 1479 1355 0 0 0 0 0 0 0 0
984 737 66 714 954 1357 778 0 0 0 0 0 0 0 0
1053 1192 1447 1412 205 276 66 0 0 0 0 0 0 0 0
1286 1473 1049 10 915 1286 1572 778 0 0 0 0 0 0 0
1220 444 1379 1161 1190 1379 802 783 389 0 0 0 0 0 0
1469 444 1478 860 1112 1052 1192 0 0 0 0 0 0 0 0
1469 444 1478 860 1112 1052 1192 0 0 0 0 0 0 0 0
1476 1192 845 103 1270 0 0 0 0 0 0 0 0 0 0
171 533 722 1080 1192 104 0 0 0 0 0 0 0 0 0
1576 1192 1025 1080 1049 137 0 0 0 0 0 0 0 0 0
839 778 1192 13 1562 444 154 906 1573 0 0 0 0 0 0
984 737 66 714 954 1357 778 0 0 0 0 0 0 0 0
939 608 9 1192 1447 444 1410 906 1573 0 0 0 0 0 0
939 608 9 1192 1447 444 1410 906 1573 0 0 0 0 0 0
939 608 9 1192 1447 444 1410 906 1573 0 0 0 0 0 0
171 533 722 1080 1192 104 0 0 0 0 0 0 0 0 0
1445 47 255 444 1379 1363 1374 387 485 962 0 0 0 0 0
1577 1286 47 1049 1478 1190 1479 1355 0 0 0 0 0 0 0
146 533 855 1233 17 444 0 0 0 0 0 0 0 0 0
1575 444 10 62 47 367 1573 387 0 0 0 0 0 0 0
85 1192 1208 1192 689 444 1577 0 0 0 0 0 0 0 0
253 1286 1575 778 1018 1286 1473 778 0 0 0 0 0 0 0
1576 1192 1025 1080 1049 137 0 0 0 0 0 0 0 0 0
939 608 9 1192 1447 444 1410 906 1573 0 0 0 0 0 0
146 533 855 1233 17 444 0 0 0 0 0 0 0 0 0
366 1192 1362 533 485 1046 443 0 0 0 0 0 0 0 0
1053 1192 1447 1412 205 276 66 0 0 0 0 0 0 0 0
573 47 1616 416 1190 1479 1355 0 0 0 0 0 0 0 0
1053 1192 1447 1412 205 276 66 0 0 0 0 0 0 0 0
939 608 9 1192 1447 444 1410 906 1573 0 0 0 0 0 0
566 1478 19 47 1399 443 1549 0 0 0 0 0 0 0 0
884 1573 1549 615 727 1392 1256 778 0 0 0 0 0 0 0
839 778 976 860 779 66 0 0 0 0 0 0 0 0 0
1500 860 898 709 498 962 0 0 0 0 0 0 0 0 0
253 1286 47 1065 1278 1412 1473 1572 778 0 0 0 0 0 0
171 533 722 1080 1192 104 0 0 0 0 0 0 0 0 0
1577 1286 47 1049 1478 1190 1479 1355 0 0 0 0 0 0 0
253 1286 1473 37 1018 1286 1473 778 0 0 0 0 0 0 0
253 1286 1473 37 1018 1286 1473 778 0 0 0 0 0 0 0
1577 1286 1575 778 1336 387 0 0 0 0 0 0 0 0 0
1256 1192 1418 444 1466 1418 444 308 1549 0 0 0 0 0 0
984 737 66 714 954 1357 778 0 0 0 0 0 0 0 0
1245 1049 1363 387 485 1540 860 0 0 0 0 0 0 0 0
85 1192 893 798 444 177 387 0 0 0 0 0 0 0 0
884 1573 1549 615 727 1392 1256 778 0 0 0 0 0 0 0
1173 753 1277 976 860 687 1412 1353 387 1487 0 0 0 0 0
1577 1286 1473 37 444 1164 387 0 0 0 0 0 0 0 0
128 783 1355 714 462 1049 967 906 1573 0 0 0 0 0 0
1577 1286 1575 778 1336 387 0 0 0 0 0 0 0 0 0
1256 1192 1418 444 125 387 468 387 1061 1487 0 0 0 0 0
1371 1192 1473 444 254 1256 778 0 0 0 0 0 0 0 0
128 783 1355 714 462 1049 967 906 1573 0 0 0 0 0 0
1575 444 10 62 47 367 1573 387 0 0 0 0 0 0 0
1575 444 10 62 47 367 1573 387 0 0 0 0 0 0 0
1476 1192 18 1412 599 962 0 0 0 0 0 0 0 0 0
1500 860 898 709 498 962 0 0 0 0 0 0 0 0 0
884 1573 1549 615 727 1392 1256 778 0 0 0 0 0 0 0
146 533 855 1233 17 444 0 0 0 0 0 0 0 0 0
1452 778 14 1549 53 47 1490 0 0 0 0 0 0 0 0
366 1192 1362 533 485 1046 443 0 0 0 0 0 0 0 0
85 1192 893 798 444 177 387 0 0 0 0 0 0 0 0
1095 1412 1363 387 1080 533 376 0 0 0 0 0 0 0 0
1575 444 10 62 47 367 1573 387 0 0 0 0 0 0 0
362 533 1434 298 489 1190 1278 204 0 0 0 0 0 0 0
1256 1192 1418 444 125 387 468 387 1061 0 0 0 0 0 0
1576 1192 1025 1080 137 0 0 0 0 0 0 0 0 0 0
128 783 1355 714 462 1049 967 906 1573 0 0 0 0 0 0
1286 1473 1049 10 915 1286 1572 778 0 0 0 0 0 0 0
1245 1049 1363 387 485 1540 860 0 0 0 0 0 0 0 0
1053 1192 1447 1412 205 276 66 0 0 0 0 0 0 0 0
573 47 1616 416 1190 1479 1355 0 0 0 0 0 0 0 0
1469 444 1478 860 1112 1052 1192 0 0 0 0 0 0 0 0
146 533 855 1233 17 444 0 0 0 0 0 0 0 0 0
366 1192 1362 533 485 1046 443 0 0 0 0 0 0 0 0
1500 860 898 709 498 962 0 0 0 0 0 0 0 0 0
128 783 1355 714 462 1049 967 906 1573 0 0 0 0 0 0
566 1478 19 47 1399 443 1549 0 0 0 0 0 0 0 0
566 1478 19 47 1399 443 1549 0 0 0 0 0 0 0 0
85 1192 893 798 444 177 387 0 0 0 0 0 0 0 0
146 533 855 1233 17 444 0 0 0 0 0 0 0 0 0
1576 1192 1025 1080 1049 137 0 0 0 0 0 0 0 0 0
1476 1192 845 103 1270 0 0 0 0 0 0 0 0 0 0
253 1286 1473 37 1018 1286 1473 778 0 0 0 0 0 0 0
1577 1286 47 1049 1478 1190 1479 1355 0 0 0 0 0 0 0
366 1192 1362 533 485 1046 443 0 0 0 0 0 0 0 0
884 1573 1549 615 727 1392 1256 778 0 0 0 0 0 0 0
1576 1192 1025 1080 1049 137 0 0 0 0 0 0 0 0 0
566 1478 19 47 1399 443 1549 0 0 0 0 0 0 0 0
566 1478 19 47 1399 443 1549 0 0 0 0 0 0 0 0
1575 444 10 62 47 367 1573 387 0 0 0 0 0 0 0
1476 1192 845 103 1270 0 0 0 0 0 0 0 0 0 0
1053 1192 1447 1412 205 276 66 0 0 0 0 0 0 0 0
1245 1049 1363 387 485 1540 860 0 0 0 0 0 0 0 0
1245 1049 1363 387 485 1540 860 0 0 0 0 0 0 0 0
171 533 722 1080 1192 104 0 0 0 0 0 0 0 0 0
128 783 1355 714 462 1049 967 906 1573 0 0 0 0 0 0
1286 1473 1049 10 915 1286 1572 778 0 0 0 0 0 0 0
128 783 1355 714 462 1049 967 906 1573 0 0 0 0 0 0
1452 778 14 1549 53 47 1490 0 0 0 0 0 0 0 0
1577 1286 1575 778 1336 387 0 0 0 0 0 0 0 0 0
510 387 58 1549 714 1190 837 1345 962 0 0 0 0 0 0
573 47 1616 416 1190 1479 1355 0 0 0 0 0 0 0 0
1577 1286 47 1049 1478 1190 1479 1355 0 0 0 0 0 0 0
1256 1049 1363 387 485 1540 860 0 0 0 0 0 0 0 0
1575 444 10 62 47 367 1573 387 0 0 0 0 0 0 0
146 533 855 1233 17 444 0 0 0 0 0 0 0 0 0
1577 1286 1575 778 1336 387 0 0 0 0 0 0 0 0 0
573 47 1616 416 1190 1479 1355 0 0 0 0 0 0 0 0
566 1478 19 47 1399 443 1549 0 0 0 0 0 0 0 0
1576 1192 1025 1080 1049 137 0 0 0 0 0 0 0 0 0
49 533 317 444 1219 778 0 0 0 0 0 0 0 0 0
1371 1192 1473 444 254 1256 778 0 0 0 0 0 0 0 0
566 1478 19 47 1399 443 1549 0 0 0 0 0 0 0 0
171 533 319 444 1478 66 0 0 0 0 0 0 0 0 0
839 778 1192 13 1562 444 154 906 1573 0 0 0 0 0 0
1245 1049 1363 387 485 1540 860 0 0 0 0 0 0 0 0
1256 1049 1478 860 1112 1052 1192 0 0 0 0 0 0 0 0
1286 1473 1049 10 915 1286 1572 778 0 0 0 0 0 0 0
884 1573 1549 615 727 1392 1256 778 0 0 0 0 0 0 0
85 1192 1208 1192 689 444 1577 0 0 0 0 0 0 0 0
884 1573 1549 615 727 1392 1256 778 0 0 0 0 0 0 0
146 533 855 1233 17 444 0 0 0 0 0 0 0 0 0
171 533 722 1080 1192 104 0 0 0 0 0 0 0 0 0
128 783 1355 714 462 1049 967 906 1573 0 0 0 0 0 0
510 387 58 1549 714 1190 837 1345 962 0 0 0 0 0 0
1173 753 1277 976 860 687 1412 1353 387 1487 0 0 0 0 0
366 1192 1362 533 485 1046 443 0 0 0 0 0 0 0 0
1476 1192 845 103 1270 0 0 0 0 0 0 0 0 0 0
1575 444 10 62 47 367 1573 387 0 0 0 0 0 0 0
366 1192 1362 533 485 1046 443 0 0 0 0 0 0 0 0
1575 444 10 62 47 367 1573 387 0 0 0 0 0 0 0
573 47 1616 416 1190 1479 1355 0 0 0 0 0 0 0 0
573 47 1616 416 1190 1479 1355 0 0 0 0 0 0 0 0
85 1192 1208 1192 689 444 1577 0 0 0 0 0 0 0 0
146 533 855 1233 17 444 0 0 0 0 0 0 0 0 0
1137 47 1399 1355 880 1500 389 1192 0 0 0 0 0 0 0
1577 1286 47 1049 1478 1190 1479 1355 0 0 0 0 0 0 0
884 1573 1549 615 727 1392 1256 778 0 0 0 0 0 0 0
884 1573 1549 615 727 1392 1256 778 0 0 0 0 0 0 0
146 533 855 1233 17 444 0 0 0 0 0 0 0 0 0
146 533 855 1233 17 444 0 0 0 0 0 0 0 0 0
865 465 714 372 533 813 0 0 0 0 0 0 0 0 0
362 533 1434 298 489 1190 1278 204 0 0 0 0 0 0 0
1577 1286 1575 778 1336 387 0 0 0 0 0 0 0 0 0
939 608 9 1192 1447 444 1410 906 1573 0 0 0 0 0 0
1577 1286 47 1049 1478 1190 1479 1355 0 0 0 0 0 0 0
85 1192 893 798 444 177 387 0 0 0 0 0 0 0 0
362 533 1434 298 489 1190 1278 204 0 0 0 0 0 0 0
939 608 9 1192 1447 444 1410 906 1573 0 0 0 0 0 0
839 778 1192 13 1562 444 154 906 1573 0 0 0 0 0 0
146 533 855 1233 17 444 0 0 0 0 0 0 0 0 0
939 608 9 1192 1447 444 1410 906 1573 0 0 0 0 0 0
1577 1286 1575 778 1336 387 0 0 0 0 0 0 0 0 0
1286 1473 1049 10 915 1286 1572 778 0 0 0 0 0 0 0
85 1192 893 798 444 177 387 0 0 0 0 0 0 0 0
253 1286 1473 37 1018 1286 1473 778 0 0 0 0 0 0 0
1452 778 14 1549 53 47 1490 0 0 0 0 0 0 0 0
1469 444 1478 860 1112 1052 1192 0 0 0 0 0 0 0 0
1633 1192 845 103 1270 0 0 0 0 0 0 0 0 0 0
146 533 855 1233 17 444 0 0 0 0 0 0 0 0 0
85 1192 893 798 444 177 387 0 0 0 0 0 0 0 0
884 1573 1549 615 727 1392 1256 778 0 0 0 0 0 0 0
1500 860 898 709 498 962 0 0 0 0 0 0 0 0 0
1286 1473 1049 10 915 1286 1572 778 0 0 0 0 0 0 0
1452 778 14 1549 53 47 1490 0 0 0 0 0 0 0 0
366 1192 1362 533 485 1046 443 0 0 0 0 0 0 0 0
1469 444 1478 860 1112 1052 1192 0 0 0 0 0 0 0 0
1577 1286 47 1049 1478 1190 1479 1355 0 0 0 0 0 0 0
939 608 9 1192 1447 444 1410 906 1573 0 0 0 0 0 0
1452 778 14 1549 53 47 1490 0 0 0 0 0 0 0 0
1452 778 14 1549 53 47 1490 0 0 0 0 0 0 0 0
573 47 1616 416 1190 1479 1355 0 0 0 0 0 0 0 0
573 47 1616 416 1190 1479 1355 0 0 0 0 0 0 0 0
1018 1412 962 387 711 1473 444 779 66 0 0 0 0 0 0
939 608 9 1192 1447 444 1410 906 1573 0 0 0 0 0 0
1371 1192 1473 444 254 1256 778 0 0 0 0 0 0 0 0
1469 444 1478 860 1112 1052 1192 0 0 0 0 0 0 0 0
1469 444 1478 860 1112 1052 1192 0 0 0 0 0 0 0 0
529 1192 54 388 533 880 814 816 0 0 0 0 0 0 0
1500 860 898 709 498 962 0 0 0 0 0 0 0 0 0
253 1286 366 1192 1473 444 779 860 0 0 0 0 0 0 0
884 1573 1549 615 727 1392 1256 778 0 0 0 0 0 0 0
146 533 855 1233 17 444 0 0 0 0 0 0 0 0 0
1173 753 1277 976 860 687 1412 1353 387 1487 0 0 0 0 0
1371 1192 1473 444 254 1256 778 0 0 0 0 0 0 0 0
1563 387 711 1473 778 533 0 0 0 0 0 0 0 0 0
939 608 9 444 1478 860 1486 816 1190 1479 1355 0 0 0 0
573 47 1616 416 1190 1479 1355 0 0 0 0 0 0 0 0
573 47 1616 416 1190 1479 1355 0 0 0 0 0 0 0 0
253 1286 1473 37 1018 1286 1473 778 0 0 0 0 0 0 0
85 1192 1208 1192 689 444 1577 0 0 0 0 0 0 0 0
1575 444 10 62 47 367 1573 387 0 0 0 0 0 0 0
503 47 1018 1412 962 802 783 1355 1245 1049 967 906 1573 0 0
128 783 1355 714 462 1049 967 906 1573 0 0 0 0 0 0
366 1192 1362 533 485 1046 443 0 0 0 0 0 0 0 0
939 608 9 1192 1447 444 1410 906 1573 0 0 0 0 0 0
1286 1473 37 10 915 1286 1572 778 0 0 0 0 0 0 0
1476 1192 845 103 1270 0 0 0 0 0 0 0 0 0 0
1452 778 14 1549 53 47 1490 0 0 0 0 0 0 0 0
839 778 1192 13 1562 444 154 906 1573 0 0 0 0 0 0
1469 444 1478 860 1112 1052 1192 0 0 0 0 0 0 0 0
510 387 58 1549 714 1190 837 1345 962 0 0 0 0 0 0
1053 1192 1447 1412 205 276 66 0 0 0 0 0 0 0 0
1018 1412 962 387 711 1473 444 779 66 0 0 0 0 0 0
566 1478 19 47 1399 443 1549 0 0 0 0 0 0 0 0
573 47 1616 416 1190 1479 1355 0 0 0 0 0 0 0 0
1500 860 898 709 498 962 0 0 0 0 0 0 0 0 0
1452 778 14 1549 53 47 1490 0 0 0 0 0 0 0 0
171 533 722 1080 1192 104 0 0 0 0 0 0 0 0 0
362 533 1434 298 489 1190 1278 204 0 0 0 0 0 0 0
939 608 9 1192 1447 444 1410 906 1573 0 0 0 0 0 0
1500 860 898 709 498 962 0 0 0 0 0 0 0 0 0
884 1573 1549 615 727 1392 1256 778 0 0 0 0 0 0 0
171 533 722 1080 1192 104 0 0 0 0 0 0 0 0 0
884 1573 1549 615 727 1392 1256 778 0 0 0 0 0 0 0
72 1080 1412 962 387 711 1473 1049 779 66 0 0 0 0 0
1427 1286 1473 37 1018 1286 47 1487 0 0 0 0 0 0 0
1256 1192 1418 444 628 976 860 1340 0 0 0 0 0 0 0
984 737 66 714 954 1357 778 0 0 0 0 0 0 0 0
1256 1049 1363 387 485 1540 860 0 0 0 0 0 0 0 0
128 783 1355 714 462 1049 967 906 1573 0 0 0 0 0 0
128 783 1355 714 462 1049 967 906 1573 0 0 0 0 0 0
171 533 722 1080 1192 104 0 0 0 0 0 0 0 0 0
171 533 722 1080 1192 104 0 0 0 0 0 0 0 0 0
1500 860 898 709 498 962 0 0 0 0 0 0 0 0 0
839 778 1192 13 1562 444 154 906 1573 0 0 0 0 0 0
1469 444 1478 860 1112 1052 1192 0 0 0 0 0 0 0 0
529 1192 54 388 533 880 814 816 0 0 0 0 0 0 0
1576 1192 1025 1080 1049 137 0 0 0 0 0 0 0 0 0
1476 1192 18 1412 599 962 0 0 0 0 0 0 0 0 0
253 1286 1473 37 1018 1286 1473 778 0 0 0 0 0 0 0
884 1573 1549 615 727 1392 1256 778 0 0 0 0 0 0 0
85 1192 893 798 444 177 387 0 0 0 0 0 0 0 0
1173 753 1277 976 860 687 1412 1353 387 1487 0 0 0 0 0
1575 444 10 62 47 367 1573 387 0 0 0 0 0 0 0
510 387 58 1549 714 1190 837 1345 962 0 0 0 0 0 0
171 533 722 1080 1192 104 0 0 0 0 0 0 0 0 0
128 783 1355 714 462 1049 967 906 1573 0 0 0 0 0 0
85 1192 1208 1192 689 444 1577 0 0 0 0 0 0 0 0
1137 47 1399 1355 880 1500 101 0 0 0 0 0 0 0 0
1576 1192 1025 1080 1049 137 0 0 0 0 0 0 0 0 0
171 533 722 1080 1192 104 0 0 0 0 0 0 0 0 0
1576 1192 1025 1080 1049 137 0 0 0 0 0 0 0 0 0
362 533 1434 298 489 1190 1278 204 0 0 0 0 0 0 0
566 1478 19 47 1399 443 1549 0 0 0 0 0 0 0 0
939 608 9 1192 1447 444 1410 906 1573 0 0 0 0 0 0
1452 778 14 1549 53 47 1490 0 0 0 0 0 0 0 0
1245 1049 1363 387 485 1540 860 0 0 0 0 0 0 0 0
362 533 1434 298 489 1190 1278 204 0 0 0 0 0 0 0
573 47 1616 416 1190 1479 1355 0 0 0 0 0 0 0 0
884 1573 1549 615 727 1392 1256 778 0 0 0 0 0 0 0
884 1573 1549 615 727 1392 1256 778 0 0 0 0 0 0 0
253 1286 1473 37 1018 1286 1473 778 0 0 0 0 0 0 0
1452 778 14 1549 53 47 1490 0 0 0 0 0 0 0 0
529 1192 54 388 533 880 814 816 1549 0 0 0 0 0 0
1576 1192 1025 1080 1049 137 0 0 0 0 0 0 0 0 0
1371 1192 1473 444 254 1256 778 0 0 0 0 0 0 0 0
128 783 1355 714 462 1049 967 906 1573 0 0 0 0 0 0
1018 1412 962 387 711 1473 444 779 66 0 0 0 0 0 0
85 1192 893 798 444 177 387 0 0 0 0 0 0 0 0
1137 47 1399 1355 880 1500 101 0 0 0 0 0 0 0 0
1173 753 1277 976 860 687 1412 1353 387 1487 0 0 0 0 0
128 783 1355 714 462 1049 967 906 1573 0 0 0 0 0 0
1053 1192 1447 1412 205 276 66 0 0 0 0 0 0 0 0
1452 778 14 1549 53 47 1490 0 0 0 0 0 0 0 0
510 387 58 1549 714 1190 837 1345 962 0 0 0 0 0 0
1577 1286 47 1049 1478 1190 1479 1355 0 0 0 0 0 0 0
171 533 722 1080 1192 104 0 0 0 0 0 0 0 0 0
362 533 1434 298 489 1190 1278 204 0 0 0 0 0 0 0
1452 778 14 1549 53 47 1490 0 0 0 0 0 0 0 0
1286 1473 1049 10 915 1286 1572 778 0 0 0 0 0 0 0
566 1478 19 47 1399 443 1549 0 0 0 0 0 0 0 0
1452 778 14 1549 53 47 1490 0 0 0 0 0 0 0 0
984 737 66 714 954 1357 778 0 0 0 0 0 0 0 0
839 778 1192 13 1562 444 154 906 1573 0 0 0 0 0 0
566 1478 19 47 1399 443 1549 0 0 0 0 0 0 0 0
1452 778 14 1549 53 47 1490 0 0 0 0 0 0 0 0
839 778 1192 13 1562 444 154 906 1573 0 0 0 0 0 0
984 737 66 714 954 1357 778 0 0 0 0 0 0 0 0
984 737 66 714 954 1357 778 0 0 0 0 0 0 0 0
839 778 1192 645 1286 47 533 0 0 0 0 0 0 0 0
1500 860 898 709 498 962 0 0 0 0 0 0 0 0 0
1053 1192 1447 1412 205 276 66 0 0 0 0 0 0 0 0
1575 444 10 62 47 367 1573 387 0 0 0 0 0 0 0
1427 1286 47 1065 241 444 1500 101 0 0 0 0 0 0 0
1575 444 10 62 47 367 1573 387 0 0 0 0 0 0 0
146 533 855 1233 17 444 0 0 0 0 0 0 0 0 0
1476 1192 845 103 1270 0 0 0 0 0 0 0 0 0 0
1577 1286 1575 778 1336 387 0 0 0 0 0 0 0 0 0
984 737 66 714 954 1357 778 0 0 0 0 0 0 0 0
1245 1049 1363 387 485 1540 860 0 0 0 0 0 0 0 0
146 533 855 1233 17 444 0 0 0 0 0 0 0 0 0
939 608 9 1192 1447 444 1410 906 1573 0 0 0 0 0 0
1245 1049 1363 387 485 1540 860 0 0 0 0 0 0 0 0
1476 1192 845 103 1270 0 0 0 0 0 0 0 0 0 0
253 1286 1473 37 1018 1286 1473 778 0 0 0 0 0 0 0
1577 1286 1575 778 1336 387 0 0 0 0 0 0 0 0 0
1577 1286 1575 778 1336 387 0 0 0 0 0 0 0 0 0
1173 753 1277 976 860 687 1412 1353 387 1487 0 0 0 0 0
85 1192 1208 1192 689 444 1577 0 0 0 0 0 0 0 0
884 1573 1549 615 727 1392 1256 778 0 0 0 0 0 0 0
1500 860 898 709 498 962 0 0 0 0 0 0 0 0 0
171 533 722 1080 1192 104 0 0 0 0 0 0 0 0 0
1245 1049 1363 387 485 1540 860 0 0 0 0 0 0 0 0
1577 1286 1575 778 1336 387 0 0 0 0 0 0 0 0 0
566 1478 19 47 1399 443 1549 0 0 0 0 0 0 0 0
1575 444 10 62 47 367 1573 387 0 0 0 0 0 0 0
1452 778 14 1549 53 47 1490 0 0 0 0 0 0 0 0
939 608 9 1192 1447 444 1410 906 1573 0 0 0 0 0 0
146 533 855 1233 17 444 0 0 0 0 0 0 0 0 0
85 1192 893 798 444 177 387 0 0 0 0 0 0 0 0
171 533 722 1080 1192 104 0 0 0 0 0 0 0 0 0
1633 1192 845 103 1270 0 0 0 0 0 0 0 0 0 0
510 387 58 1549 714 1190 837 1345 962 0 0 0 0 0 0
839 778 1192 13 1562 444 154 906 1573 0 0 0 0 0 0
146 533 855 1233 17 444 0 0 0 0 0 0 0 0 0
884 1573 1549 615 727 1392 1256 778 0 0 0 0 0 0 0
1286 1473 1049 10 915 1286 1572 778 0 0 0 0 0 0 0
1173 753 1277 976 860 687 1412 1353 387 1487 0 0 0 0 0
510 387 58 1549 714 1190 837 1345 962 0 0 0 0 0 0
510 387 58 1549 714 1190 837 1345 962 0 0 0 0 0 0
366 1192 1362 533 485 1046 443 0 0 0 0 0 0 0 0
1577 1286 47 1049 1478 1190 1479 1355 0 0 0 0 0 0 0
85 1192 893 798 444 177 387 0 0 0 0 0 0 0 0
171 533 722 1080 1192 104 0 0 0 0 0 0 0 0 0
366 1192 1362 533 485 1046 443 0 0 0 0 0 0 0 0
1500 860 898 709 498 962 0 0 0 0 0 0 0 0 0
984 737 66 714 954 1357 778 0 0 0 0 0 0 0 0
1053 1192 1447 1412 205 276 66 0 0 0 0 0 0 0 0
1577 1286 47 1049 1478 1190 1479 1355 0 0 0 0 0 0 0
1575 444 10 62 47 367 1573 387 0 0 0 0 0 0 0
1577 1286 1575 778 1336 387 0 0 0 0 0 0 0 0 0
1018 1412 962 387 711 689 1049 779 66 0 0 0 0 0 0
366 1192 1362 533 485 1046 443 0 0 0 0 0 0 0 0
1256 1049 1363 387 485 1540 860 0 0 0 0 0 0 0 0
171 533 722 1080 1192 104 0 0 0 0 0 0 0 0 0
1018 1412 962 387 711 1473 444 779 66 0 0 0 0 0 0
85 1192 893 798 444 177 387 0 0 0 0 0 0 0 0
128 783 1355 714 462 1049 967 906 1573 0 0 0 0 0 0
85 1192 893 798 444 177 387 0 0 0 0 0 0 0 0
1575 444 10 62 47 367 1573 387 0 0 0 0 0 0 0
783 1355 714 9 1412 1410 906 1573 0 0 0 0 0 0 0
1577 1286 47 1049 1478 1190 1479 1355 0 0 0 0 0 0 0
1577 1286 1575 778 1336 387 0 0 0 0 0 0 0 0 0
85 1192 893 798 444 177 387 0 0 0 0 0 0 0 0
171 533 722 1080 1192 104 0 0 0 0 0 0 0 0 0
1500 860 898 709 498 962 0 0 0 0 0 0 0 0 0
884 1573 1549 615 727 1392 1256 778 0 0 0 0 0 0 0
884 1573 1549 615 727 1392 1256 778 0 0 0 0 0 0 0
128 783 1355 714 462 1049 967 906 1573 0 0 0 0 0 0
884 1573 1549 615 727 1392 1256 778 0 0 0 0 0 0 0
253 1286 1473 37 1018 1286 1473 778 0 0 0 0 0 0 0
1576 1192 1025 1080 744 1418 444 0 0 0 0 0 0 0 0
1575 444 10 62 47 367 1573 387 0 0 0 0 0 0 0
1469 444 1478 860 1112 1052 1192 0 0 0 0 0 0 0 0
1452 778 14 1549 53 47 1490 0 0 0 0 0 0 0 0
253 1286 1473 37 1018 1286 1473 778 0 0 0 0 0 0 0
984 737 66 714 954 1357 778 0 0 0 0 0 0 0 0
1452 778 14 1549 53 47 1490 0 0 0 0 0 0 0 0
1018 1412 962 387 711 1473 444 779 66 0 0 0 0 0 0
1245 1049 1363 387 485 1540 860 0 0 0 0 0 0 0 0
1371 1192 1473 444 254 1256 778 0 0 0 0 0 0 0 0
128 783 1355 714 462 1049 967 906 1573 0 0 0 0 0 0
884 1573 1549 615 727 1392 1256 778 0 0 0 0 0 0 0
146 533 855 1233 17 444 0 0 0 0 0 0 0 0 0
1286 1473 1049 10 915 1286 1572 778 0 0 0 0 0 0 0
171 533 722 1080 1192 104 0 0 0 0 0 0 0 0 0
366 1192 1362 533 485 1046 443 0 0 0 0 0 0 0 0
128 783 1355 714 462 1049 967 906 1573 0 0 0 0 0 0
984 737 66 714 954 1357 778 0 0 0 0 0 0 0 0
253 1286 1473 37 1018 1286 1473 778 0 0 0 0 0 0 0
1286 1473 1049 10 915 1286 1572 778 0 0 0 0 0 0 0
1576 1192 1025 1080 1049 137 0 0 0 0 0 0 0 0 0
572 1049 1379 146 533 855 1233 17 444 0 0 0 0 0 0
85 1192 893 798 444 177 387 0 0 0 0 0 0 0 0
85 1192 893 798 444 177 387 0 0 0 0 0 0 0 0
573 47 1616 416 1190 1479 1355 0 0 0 0 0 0 0 0
146 533 855 1233 17 444 0 0 0 0 0 0 0 0 0
939 608 9 1192 1447 444 1410 906 1573 0 0 0 0 0 0
171 533 722 1080 1192 104 0 0 0 0 0 0 0 0 0
1053 1192 1447 1412 205 276 66 0 0 0 0 0 0 0 0
128 783 1355 714 462 1049 967 906 1573 0 0 0 0 0 0
1452 778 14 1549 53 47 1490 0 0 0 0 0 0 0 0
171 533 722 1080 1192 104 0 0 0 0 0 0 0 0 0
128 783 1355 714 462 1049 967 906 1573 0 0 0 0 0 0
1173 753 1277 976 860 687 1412 1353 387 1487 0 0 0 0 0
1245 1049 1363 387 485 1540 860 0 0 0 0 0 0 0 0
276 47 1540 1192 689 66 0 0 0 0 0 0 0 0 0
839 778 1192 13 1562 444 154 906 1573 0 0 0 0 0 0
171 533 722 1080 1192 104 0 0 0 0 0 0 0 0 0
85 1192 893 798 444 177 387 0 0 0 0 0 0 0 0
984 737 66 714 954 1357 778 0 0 0 0 0 0 0 0
85 1192 1208 1192 689 444 1577 0 0 0 0 0 0 0 0
510 387 58 1549 714 1190 837 1345 962 0 0 0 0 0 0
85 1192 893 798 444 177 387 0 0 0 0 0 0 0 0
573 47 1616 416 1190 1479 1355 0 0 0 0 0 0 0 0
362 533 1434 298 489 1190 1278 204 0 0 0 0 0 0 0
1577 1286 47 1049 1478 1190 1479 1355 0 0 0 0 0 0 0
1173 753 1277 976 860 687 1412 1353 387 1487 0 0 0 0 0
1220 444 1379 1161 1190 1379 783 0 0 0 0 0 0 0 0
1053 1192 1447 1412 205 276 66 0 0 0 0 0 0 0 0
1500 860 898 709 498 962 0 0 0 0 0 0 0 0 0
362 533 1434 298 489 1190 1278 204 0 0 0 0 0 0 0
510 387 58 1549 714 1190 837 1345 962 0 0 0 0 0 0
253 1286 1473 37 1018 1286 1473 778 0 0 0 0 0 0 0
1327 1549 1048 47 14 1549 1048 47 533 855 1357 778 0 0 0
1469 444 1478 860 1112 1052 1192 0 0 0 0 0 0 0 0
939 608 9 1192 1447 444 1410 906 1573 0 0 0 0 0 0
1452 778 14 1549 53 47 1490 0 0 0 0 0 0 0 0
984 737 66 714 954 1357 778 0 0 0 0 0 0 0 0
1173 753 1277 976 860 687 1412 1353 387 1487 0 0 0 0 0
146 533 855 1233 17 444 0 0 0 0 0 0 0 0 0
1469 444 1478 860 1112 1052 1192 0 0 0 0 0 0 0 0
1576 1192 1025 1080 1049 137 0 0 0 0 0 0 0 0 0
984 737 66 714 954 1357 778 0 0 0 0 0 0 0 0
1053 1192 1447 1412 205 276 66 0 0 0 0 0 0 0 0
1577 1286 47 1049 1478 1190 1479 1355 0 0 0 0 0 0 0
362 533 1434 298 489 1190 1278 204 0 0 0 0 0 0 0
1575 444 10 62 47 367 1573 387 0 0 0 0 0 0 0
510 387 58 1549 714 1190 837 1345 962 0 0 0 0 0 0
1286 1473 1049 10 915 1286 1572 778 0 0 0 0 0 0 0
1577 1286 1575 778 1336 387 0 0 0 0 0 0 0 0 0
253 1286 1473 37 1018 1286 1473 778 0 0 0 0 0 0 0
1256 1049 1363 387 485 1540 860 0 0 0 0 0 0 0 0
1445 47 255 47 1418 444 444 1418 444 688 1192 689 444 1500 108
1286 1473 1049 10 915 1286 1572 778 0 0 0 0 0 0 0
884 1573 1549 615 727 1392 1256 778 0 0 0 0 0 0 0
146 533 855 1233 17 444 0 0 0 0 0 0 0 0 0
146 533 855 1233 17 444 0 0 0 0 0 0 0 0 0
1452 778 14 1549 53 47 1490 0 0 0 0 0 0 0 0
253 1286 1473 37 1018 1286 1473 778 0 0 0 0 0 0 0
1053 1192 1447 1412 205 276 66 0 0 0 0 0 0 0 0
253 1286 1473 37 1018 1286 1473 778 0 0 0 0 0 0 0
128 783 1355 714 462 1049 967 906 1573 0 0 0 0 0 0
1256 1412 1491 66 396 977 1018 1412 0 0 0 0 0 0 0
1427 1049 1379 389 1049 389 489 1146 444 0 0 0 0 0 0
1452 778 14 1549 53 47 1490 0 0 0 0 0 0 0 0
128 783 1355 714 462 1049 967 906 1573 0 0 0 0 0 0
146 533 855 1233 17 444 0 0 0 0 0 0 0 0 0
366 1192 1362 533 485 1046 443 0 0 0 0 0 0 0 0
366 1192 1362 533 485 1046 443 0 0 0 0 0 0 0 0
510 387 58 1549 714 1190 837 1345 962 0 0 0 0 0 0
1256 1192 1418 444 125 387 468 387 1061 1487 0 0 0 0 0
566 1478 19 47 1399 443 1549 0 0 0 0 0 0 0 0
1245 444 1478 860 1112 1052 1192 0 0 0 0 0 0 0 0
128 783 1355 714 462 1049 967 906 1573 0 0 0 0 0 0
884 1573 1549 615 727 1392 1256 778 0 0 0 0 0 0 0
253 1286 1473 37 1018 1286 1473 778 0 0 0 0 0 0 0
1577 1286 1575 778 1336 387 0 0 0 0 0 0 0 0 0
510 387 58 1549 714 1190 837 1345 962 0 0 0 0 0 0
984 737 66 714 954 1357 778 0 0 0 0 0 0 0 0
573 47 1616 416 1190 1479 1355 0 0 0 0 0 0 0 0
253 1286 1473 37 1018 1286 1473 778 0 0 0 0 0 0 0
1452 778 14 1549 53 47 1490 0 0 0 0 0 0 0 0
1577 1286 47 1049 1478 1190 1479 1355 0 0 0 0 0 0 0
1452 778 14 1549 53 47 1490 0 0 0 0 0 0 0 0
839 778 1192 13 1562 444 154 906 1573 0 0 0 0 0 0
171 533 722 1080 1192 104 0 0 0 0 0 0 0 0 0
1286 1473 1049 10 915 1286 1572 778 0 0 0 0 0 0 0
1577 1286 1575 778 1336 387 0 0 0 0 0 0 0 0 0
1469 444 1478 860 1112 1052 1192 0 0 0 0 0 0 0 0
566 1478 19 47 1399 443 1549 0 0 0 0 0 0 0 0
573 47 1616 416 1190 1479 1355 0 0 0 0 0 0 0 0
1371 1192 1473 444 254 1256 778 0 0 0 0 0 0 0 0
984 737 66 714 954 1357 778 0 0 0 0 0 0 0 0
85 1192 893 798 444 177 387 0 0 0 0 0 0 0 0
85 1192 893 798 444 177 387 0 0 0 0 0 0 0 0
884 1573 1549 615 727 1392 1256 778 0 0 0 0 0 0 0
839 778 1192 13 1562 444 154 906 1573 0 0 0 0 0 0
85 1192 1208 1192 689 444 1577 0 0 0 0 0 0 0 0
146 533 855 1233 17 444 0 0 0 0 0 0 0 0 0
1469 444 1478 860 1112 1052 1192 0 0 0 0 0 0 0 0
1577 1286 1575 778 1336 387 0 0 0 0 0 0 0 0 0
1469 444 908 1190 290 47 408 387 313 0 0 0 0 0 0
939 608 9 1192 1447 444 1410 906 1573 0 0 0 0 0 0
366 1192 1362 533 485 1046 443 0 0 0 0 0 0 0 0
884 1573 1549 615 727 1392 1256 778 0 0 0 0 0 0 0
253 1286 1473 37 1018 1286 1473 778 0 0 0 0 0 0 0
1286 1473 1049 10 915 1286 1572 778 0 0 0 0 0 0 0
573 47 1616 416 1190 1479 1355 0 0 0 0 0 0 0 0
1476 1192 845 103 1270 0 0 0 0 0 0 0 0 0 0
939 608 9 1192 1447 444 1410 906 1573 0 0 0 0 0 0
1286 1473 1049 10 915 1286 1572 778 0 0 0 0 0 0 0
253 1286 1473 37 1018 1286 1473 778 0 0 0 0 0 0 0
