1433 1194 1192 1586 444 271 47 473 778 313 0 0 0 0 0
370 1192 809 97 778 243 114 444 0 0 0 0 0 0 0
1430 1192 1437 1412 1271 151 0 0 0 0 0 0 0 0 0
385 619 890 1573 1549 1572 778 970 962 0 0 0 0 0 0
1371 1192 319 444 1035 387 0 0 0 0 0 0 0 0 0
1192 1143 387 74 1190 1479 1355 0 0 0 0 0 0 0 0
159 1192 645 1049 1434 1266 273 0 0 0 0 0 0 0 0
724 1192 1300 444 37 979 1192 1218 0 0 0 0 0 0 0
1432 37 150 1465 1192 1218 0 0 0 0 0 0 0 0 0
606 47 510 1549 1048 47 533 813 0 0 0 0 0 0 0
724 1192 1300 444 37 979 1192 1218 0 0 0 0 0 0 0
606 47 510 1549 1048 47 533 813 0 0 0 0 0 0 0
159 1192 645 1049 1434 1266 273 0 0 0 0 0 0 0 0
1095 47 1103 1049 125 387 178 1192 0 0 0 0 0 0 0
1541 37 12 444 1327 387 1475 1190 0 0 0 0 0 0 0
1300 1192 1466 1359 1258 511 66 0 0 0 0 0 0 0 0
724 1192 1300 444 37 979 1192 1218 0 0 0 0 0 0 0
178 1192 1359 1258 511 66 0 0 0 0 0 0 0 0 0
1062 1192 319 1049 779 66 0 0 0 0 0 0 0 0 0
379 444 334 860 760 1392 0 0 0 0 0 0 0 0 0
384 1192 731 1192 388 778 1365 1192 0 0 0 0 0 0 0
1424 1049 361 1355 1259 1436 962 0 0 0 0 0 0 0 0
24 387 313 387 1623 778 206 1612 1277 564 443 0 0 0 0
1452 778 14 1549 1233 1473 1049 1417 0 0 0 0 0 0 0
188 1412 1497 1192 444 1295 1192 1281 1192 0 0 0 0 0 0
1432 37 150 1465 1192 1218 0 0 0 0 0 0 0 0 0
1305 1392 1437 1192 1218 0 0 0 0 0 0 0 0 0 0
458 1412 969 860 1332 1412 299 1192 533 0 0 0 0 0 0
384 1192 731 1192 388 778 1365 1192 0 0 0 0 0 0 0
1371 1192 484 778 1336 387 0 0 0 0 0 0 0 0 0
468 387 1049 1261 701 444 162 0 0 0 0 0 0 0 0
390 1380 1192 917 1412 1353 387 1271 443 1549 0 0 0 0 0
379 444 334 860 760 1392 0 0 0 0 0 0 0 0 0
379 444 334 860 760 1392 0 0 0 0 0 0 0 0 0
1433 1194 1192 1586 444 271 47 473 778 313 0 0 0 0 0
429 1192 4 174 1465 1412 1271 0 0 0 0 0 0 0 0
384 1192 731 1192 388 778 1365 1192 0 0 0 0 0 0 0
795 1587 778 756 778 756 778 756 778 243 114 444 0 0 0
1371 1192 319 444 1035 387 0 0 0 0 0 0 0 0 0
1003 618 760 1392 0 0 0 0 0 0 0 0 0 0 0
384 1192 731 1192 388 778 1365 1192 0 0 0 0 0 0 0
724 1192 1300 444 37 979 1192 1218 0 0 0 0 0 0 0
928 47 533 1324 1192 388 47 326 1412 0 0 0 0 0 0
385 619 890 1573 1549 1572 778 970 962 0 0 0 0 0 0
147 1448 1192 174 979 1412 1271 151 0 0 0 0 0 0 0
178 1192 1359 1258 511 66 0 0 0 0 0 0 0 0 0
1433 1194 1192 1586 444 271 47 473 778 313 0 0 0 0 0
24 387 313 387 1623 778 206 1612 1277 564 443 0 0 0 0
159 1192 645 1049 1434 1266 273 0 0 0 0 0 0 0 0
1433 1194 1192 1586 444 271 47 473 778 313 0 0 0 0 0
24 387 313 387 1623 778 206 1612 1277 564 443 0 0 0 0
1436 1412 1459 1162 1412 788 962 0 0 0 0 0 0 0 0
370 1192 809 97 778 243 114 444 0 0 0 0 0 0 0
1436 1412 1174 151 1480 962 0 0 0 0 0 0 0 0 0
1167 1192 1143 444 711 561 66 0 0 0 0 0 0 0 0
795 912 1226 1192 751 1192 0 0 0 0 0 0 0 0 0
606 47 510 1549 1048 47 533 813 0 0 0 0 0 0 0
526 1192 438 1136 1392 671 0 0 0 0 0 0 0 0 0
1436 1412 1437 1412 1271 151 0 0 0 0 0 0 0 0 0
1424 1412 1174 151 1480 962 0 0 0 0 0 0 0 0 0
806 1192 319 444 0 0 0 0 0 0 0 0 0 0 0
147 1448 1192 174 979 1412 1271 151 0 0 0 0 0 0 0
526 1192 438 1136 1392 671 0 0 0 0 0 0 0 0 0
1029 1549 1056 1080 645 962 0 0 0 0 0 0 0 0 0
1167 1192 1143 444 711 561 66 0 0 0 0 0 0 0 0
1167 1192 1143 444 711 561 66 0 0 0 0 0 0 0 0
1029 1549 1056 1080 645 962 0 0 0 0 0 0 0 0 0
881 1190 1422 444 1292 47 0 0 0 0 0 0 0 0 0
1062 1192 319 196 1412 299 1192 0 0 0 0 0 0 0 0
1305 1392 1437 1434 1474 1146 0 0 0 0 0 0 0 0 0
468 387 1049 1261 701 444 162 0 0 0 0 0 0 0 0
1633 778 1168 416 912 778 0 0 0 0 0 0 0 0 0
1506 635 1611 184 47 1480 962 0 0 0 0 0 0 0 0
1433 1194 1192 1586 444 271 47 473 778 313 0 0 0 0 0
1095 47 1103 1049 125 387 178 1192 0 0 0 0 0 0 0
1095 47 1103 1049 125 387 178 1192 0 0 0 0 0 0 0
385 619 890 1573 1549 1572 778 970 962 0 0 0 0 0 0
24 387 313 387 1623 778 206 1612 1277 564 443 0 0 0 0
1506 635 1611 184 47 1480 962 0 0 0 0 0 0 0 0
724 1192 1437 1412 1271 151 0 0 0 0 0 0 0 0 0
1475 444 330 1007 1190 1479 1355 0 0 0 0 0 0 0 0
724 1192 1437 1412 1271 151 0 0 0 0 0 0 0 0 0
390 1380 1192 917 1412 1353 387 1271 443 1549 0 0 0 0 0
1095 47 1103 1049 125 387 178 1192 0 0 0 0 0 0 0
1452 778 14 1549 1233 1473 1049 1417 0 0 0 0 0 0 0
865 911 975 1412 1157 1504 778 0 0 0 0 0 0 0 0
1433 1194 1192 1586 444 271 47 473 778 313 0 0 0 0 0
911 1412 264 1572 778 500 0 0 0 0 0 0 0 0 0
1167 1192 1143 444 271 47 473 778 313 0 0 0 0 0 0
1436 47 1054 1042 743 0 0 0 0 0 0 0 0 0 0
1433 1194 1192 1586 444 271 47 473 778 313 0 0 0 0 0
434 1192 565 1412 1232 1192 989 47 0 0 0 0 0 0 0
724 1192 1300 444 37 979 1192 1218 0 0 0 0 0 0 0
417 1392 1209 778 340 788 962 0 0 0 0 0 0 0 0
1433 1194 1192 1586 444 271 47 473 778 313 0 0 0 0 0
526 1192 438 1136 1392 671 0 0 0 0 0 0 0 0 0
384 1192 731 1192 388 778 1365 1192 0 0 0 0 0 0 0
696 1192 1168 1588 533 316 1192 0 0 0 0 0 0 0 0
1585 1192 1437 1412 1271 354 0 0 0 0 0 0 0 0 0
370 1192 809 97 778 243 114 444 0 0 0 0 0 0 0
429 1192 4 174 1465 1049 83 1549 0 0 0 0 0 0 0
384 1192 731 1192 388 778 1365 1192 0 0 0 0 0 0 0
379 444 334 860 760 1392 0 0 0 0 0 0 0 0 0
945 1049 1545 962 151 984 0 0 0 0 0 0 0 0 0
159 1192 645 1049 1434 1266 273 0 0 0 0 0 0 0 0
724 1192 1300 444 37 979 1192 1218 0 0 0 0 0 0 0
1430 1192 1437 1412 131 1192 444 0 0 0 0 0 0 0 0
384 1192 731 1192 388 778 1365 1192 0 0 0 0 0 0 0
1167 1192 1143 444 711 561 66 0 0 0 0 0 0 0 0
976 795 1465 444 222 969 187 0 0 0 0 0 0 0 0
370 1192 809 97 778 243 114 444 0 0 0 0 0 0 0
561 1574 167 1295 1425 47 645 962 0 0 0 0 0 0 0
1506 635 1611 184 47 1480 962 0 0 0 0 0 0 0 0
1563 387 1049 269 902 47 0 0 0 0 0 0 0 0 0
1029 1549 1056 1080 645 962 0 0 0 0 0 0 0 0 0
384 1192 731 1192 388 778 1365 1192 0 0 0 0 0 0 0
724 1192 1300 444 37 979 1192 1218 0 0 0 0 0 0 0
429 1192 4 174 1465 1412 1271 443 0 0 0 0 0 0 0
1095 47 1103 1049 125 387 178 1192 0 0 0 0 0 0 0
1585 1192 1437 1412 1271 354 0 0 0 0 0 0 0 0 0
1241 635 798 444 308 1549 0 0 0 0 0 0 0 0 0
911 1412 264 1572 778 500 0 0 0 0 0 0 0 0 0
178 1192 1359 1258 511 66 0 0 0 0 0 0 0 0 0
213 1412 174 979 1412 1271 151 0 0 0 0 0 0 0 0
1475 444 136 387 782 416 912 1295 1224 1027 47 0 0 0 0
911 1412 264 1572 778 500 0 0 0 0 0 0 0 0 0
1003 618 760 1392 0 0 0 0 0 0 0 0 0 0 0
561 1574 167 1295 1425 47 645 962 0 0 0 0 0 0 0
1452 778 14 1549 1233 1473 1049 1417 0 0 0 0 0 0 0
1090 1192 174 979 1412 969 187 0 0 0 0 0 0 0 0
1506 635 1611 184 47 1480 962 0 0 0 0 0 0 0 0
724 1192 1437 1412 1271 151 0 0 0 0 0 0 0 0 0
384 1192 731 1192 388 778 1365 1192 0 0 0 0 0 0 0
1436 1412 1174 151 1480 962 0 0 0 0 0 0 0 0 0
24 387 313 387 1623 778 206 1612 1277 564 443 0 0 0 0
724 1192 1300 444 37 979 1192 1218 0 0 0 0 0 0 0
1095 47 1103 1049 125 387 178 1192 0 0 0 0 0 0 0
147 1448 1192 174 979 1412 1271 151 0 0 0 0 0 0 0
510 1549 1192 533 1361 1320 816 0 0 0 0 0 0 0 0
1633 778 1168 416 912 778 0 444 0 0 0 0 0 0 0
370 1192 809 97 778 243 114 444 0 0 0 0 0 0 0
1029 1549 1056 1080 645 962 0 0 0 0 0 0 0 0 0
1029 1549 1056 1080 645 962 0 0 0 0 0 0 0 0 0
510 1549 1192 533 1361 1320 816 0 0 0 0 0 0 0 0
1432 1192 1359 455 287 444 0 0 0 0 0 0 0 0 0
1433 1194 1192 1586 444 271 47 473 778 313 0 0 0 0 0
945 1049 1545 962 151 984 0 0 0 0 0 0 0 0 0
724 1192 1300 444 37 979 1192 1218 0 0 0 0 0 0 0
384 1192 731 1192 388 778 1365 1192 0 0 0 0 0 0 0
1293 56 389 781 1326 1192 603 0 0 0 0 0 0 0 0
458 1412 969 860 1332 1412 299 1192 533 0 0 0 0 0 0
1541 37 12 444 1327 387 1475 1190 0 0 0 0 0 0 0
526 1192 438 1136 1392 671 0 0 0 0 0 0 0 0 0
945 1049 1545 962 151 984 0 0 0 0 0 0 0 0 0
1029 1549 1056 1080 645 962 0 0 0 0 0 0 0 0 0
1430 1192 1437 1412 1271 354 0 0 0 0 0 0 0 0 0
606 47 510 1549 1048 47 533 813 0 0 0 0 0 0 0
1371 1192 484 778 1336 387 0 0 0 0 0 0 0 0 0
795 1587 778 756 778 890 778 500 0 0 0 0 0 0 0
468 387 1049 1261 701 444 162 0 0 0 0 0 0 0 0
1029 1549 1056 1080 645 962 0 0 0 0 0 0 0 0 0
1433 1194 1192 1586 444 271 47 473 778 313 0 0 0 0 0
724 1192 1300 444 37 979 1192 1218 0 0 0 0 0 0 0
1452 778 14 1549 1233 1473 1049 1417 0 0 0 0 0 0 0
1062 1192 319 1049 779 66 0 0 0 0 0 0 0 0 0
1585 1192 989 47 711 0 0 0 0 0 0 0 0 0 0
24 387 313 387 1623 778 206 1612 1277 564 443 0 0 0 0
1371 1192 484 778 1336 387 0 0 0 0 0 0 0 0 0
1452 778 14 1549 1233 1473 1049 1417 0 0 0 0 0 0 0
390 1380 1192 917 1412 1353 387 1271 443 1549 0 0 0 0 0
24 387 313 387 1623 778 206 1612 1277 564 443 0 0 0 0
1633 778 1168 416 912 778 0 0 0 0 0 0 0 0 0
24 387 313 387 1623 778 206 1612 1277 564 443 0 0 0 0
159 1192 645 1049 1434 1266 273 0 0 0 0 0 0 0 0
1029 1549 1056 1080 645 962 0 0 0 0 0 0 0 0 0
1433 1194 1192 1586 444 271 47 473 778 313 0 0 0 0 0
911 1412 264 1572 778 500 0 0 0 0 0 0 0 0 0
147 1448 1192 174 979 1412 969 187 0 0 0 0 0 0 0
188 1412 1497 1192 444 1295 1192 1281 1192 0 0 0 0 0 0
384 1192 731 1192 388 778 1365 1192 0 0 0 0 0 0 0
213 1412 174 979 1412 1271 151 0 0 0 0 0 0 0 0
384 1192 731 1192 388 778 1365 1192 0 0 0 0 0 0 0
385 619 890 1573 1549 1572 778 970 962 0 0 0 0 0 0
1436 1412 1174 151 1480 962 0 0 0 0 0 0 0 0 0
1062 1192 319 1049 779 66 0 0 0 0 0 0 0 0 0
1475 444 330 1007 1190 1479 1355 0 0 0 0 0 0 0 0
1371 1192 319 444 1035 387 0 0 0 0 0 0 0 0 0
1167 1192 1143 444 711 561 66 0 0 0 0 0 0 0 0
370 1192 809 97 778 243 114 444 0 0 0 0 0 0 0
1506 635 1611 184 47 1480 962 0 0 0 0 0 0 0 0
147 1448 1192 174 979 1412 969 187 0 0 0 0 0 0 0
510 1549 1192 533 1361 1320 816 0 0 0 0 0 0 0 0
1432 37 460 1192 319 778 1336 387 0 0 0 0 0 0 0
1003 618 760 1392 0 0 0 0 0 0 0 0 0 0 0
806 1049 145 47 1007 287 444 308 1549 0 0 0 0 0 0
1436 1412 1174 151 1480 962 0 0 0 0 0 0 0 0 0
1090 1192 1459 1162 1412 788 962 0 0 0 0 0 0 0 0
1059 906 1573 836 1192 1291 47 394 0 0 0 0 0 0 0
24 387 313 387 1623 778 206 1612 1277 564 443 0 0 0 0
1371 1192 319 444 1035 387 0 0 0 0 0 0 0 0 0
724 1192 1437 1412 1271 151 0 0 0 0 0 0 0 0 0
1436 1192 1459 1162 1412 788 962 0 0 0 0 0 0 0 0
429 1192 4 174 1465 1049 1290 0 0 0 0 0 0 0 0
468 387 1049 1261 701 444 162 0 0 0 0 0 0 0 0
1003 618 760 1392 0 0 0 0 0 0 0 0 0 0 0
384 1192 731 1192 388 778 1365 1192 0 0 0 0 0 0 0
1432 37 150 1465 1412 1271 151 0 0 0 0 0 0 0 0
1541 37 12 444 1327 387 1475 1190 0 0 0 0 0 0 0
159 1192 645 1049 1434 1266 273 0 0 0 0 0 0 0 0
1433 1194 1192 1586 444 271 47 473 778 313 0 0 0 0 0
24 387 313 387 1623 778 206 1612 1277 564 443 0 0 0 0
1371 1192 484 778 1336 387 0 0 0 0 0 0 0 0 0
1436 47 1054 1042 743 0 0 0 0 0 0 0 0 0 0
213 1412 174 979 1412 1271 151 0 0 0 0 0 0 0 0
1371 1192 484 778 1336 387 0 0 0 0 0 0 0 0 0
1404 778 880 979 1412 969 187 0 0 0 0 0 0 0 0
1432 37 150 1465 1192 1218 0 0 0 0 0 0 0 0 0
159 1192 645 1049 1434 1266 273 0 0 0 0 0 0 0 0
379 444 334 860 760 1392 0 0 0 0 0 0 0 0 0
370 1192 809 97 778 243 114 444 0 0 0 0 0 0 0
724 1192 1300 444 37 979 1192 1218 0 0 0 0 0 0 0
429 1192 4 174 1465 1049 1290 0 0 0 0 0 0 0 0
1062 1192 319 1049 779 66 0 0 0 0 0 0 0 0 0
434 1192 565 1412 1232 1192 989 47 0 0 0 0 0 0 0
881 1190 1422 444 1292 47 0 0 0 0 0 0 0 0 0
379 444 334 860 760 1392 0 0 0 0 0 0 0 0 0
1506 635 1611 184 47 1480 962 0 0 0 0 0 0 0 0
458 1412 969 860 1332 1412 299 1192 533 0 0 0 0 0 0
24 387 313 387 1623 778 206 1612 1277 564 443 0 0 0 0
1432 37 150 1465 1192 1218 0 0 0 0 0 0 0 0 0
434 1192 565 1412 1232 1192 989 47 0 0 0 0 0 0 0
384 1192 731 1192 388 778 1365 1192 0 0 0 0 0 0 0
1293 56 389 781 1326 1192 603 0 0 0 0 0 0 0 0
272 1192 319 444 779 66 0 0 0 0 0 0 0 0 0
24 387 313 387 1623 778 206 1612 1277 564 443 0 0 0 0
724 1192 1300 444 37 979 1192 1218 0 0 0 0 0 0 0
1475 47 367 1573 387 711 1190 0 0 0 0 0 0 0 0
429 1192 4 174 1465 1412 1271 443 0 0 0 0 0 0 0
945 1049 1545 962 151 984 0 0 0 0 0 0 0 0 0
1305 1392 1437 444 24 0 0 0 0 0 0 0 0 0 0
379 444 334 860 760 1392 0 0 0 0 0 0 0 0 0
385 619 890 1573 1549 1572 778 970 962 0 0 0 0 0 0
1436 1412 1174 151 1480 962 0 0 0 0 0 0 0 0 0
1095 47 1103 1049 125 387 178 1192 0 0 0 0 0 0 0
1424 1412 1174 151 1480 962 0 0 0 0 0 0 0 0 0
510 1549 1192 533 1361 1320 816 0 0 0 0 0 0 0 0
1371 1192 484 778 1336 387 0 0 0 0 0 0 0 0 0
178 1192 1359 1258 511 66 0 0 0 0 0 0 0 0 0
1371 1192 484 778 1336 387 0 0 0 0 0 0 0 0 0
606 47 510 1549 1048 47 533 813 0 0 0 0 0 0 0
24 387 313 387 1623 778 206 1612 1277 564 443 0 0 0 0
370 1192 809 97 778 243 114 444 0 0 0 0 0 0 0
1029 1549 1056 1080 645 962 0 0 0 0 0 0 0 0 0
1167 1192 1143 444 711 561 66 0 0 0 0 0 0 0 0
1432 37 150 1465 1412 969 187 0 0 0 0 0 0 0 0
1432 37 150 1465 1412 24 387 0 0 0 0 0 0 0 0
24 387 313 387 1623 778 206 1612 1277 564 443 0 0 0 0
188 1412 1497 1192 444 1295 1192 1281 1192 0 0 0 0 0 0
1436 1412 1174 151 1480 962 0 0 0 0 0 0 0 0 0
1436 1192 174 979 1412 969 187 0 0 0 0 0 0 0 0
1436 1049 842 1049 292 0 0 0 0 0 0 0 0 0 0
1436 1412 1174 151 1480 962 0 0 0 0 0 0 0 0 0
1371 1192 319 444 1035 387 0 0 0 0 0 0 0 0 0
561 1574 167 1295 1425 47 645 962 0 0 0 0 0 0 0
911 1412 264 1572 778 500 0 0 0 0 0 0 0 0 0
881 1190 1422 444 1292 47 0 0 0 0 0 0 0 0 0
390 1380 1192 917 1412 1353 387 1271 443 1549 0 0 0 0 0
1506 635 1611 184 47 1480 962 0 0 0 0 0 0 0 0
468 387 1049 1261 701 444 162 0 0 0 0 0 0 0 0
24 387 313 387 1271 387 74 1190 1479 1355 0 0 0 0 0
1062 1192 319 1049 779 66 0 0 0 0 0 0 0 0 0
881 1190 1422 444 1292 47 0 0 0 0 0 0 0 0 0
881 1190 1422 444 1292 47 0 0 0 0 0 0 0 0 0
724 1192 1300 444 37 979 1192 1218 0 0 0 0 0 0 0
147 1448 1192 174 979 1412 1157 1080 0 0 0 0 0 0 0
1433 1194 1192 1586 444 271 47 473 778 313 0 0 0 0 0
147 1448 1192 174 979 1412 1271 151 0 0 0 0 0 0 0
213 1412 174 979 1412 1271 151 0 0 0 0 0 0 0 0
724 1192 1300 444 37 979 1192 1218 0 0 0 0 0 0 0
312 47 782 416 912 1295 444 0 0 0 0 0 0 0 0
1424 1192 1359 1258 511 66 0 0 0 0 0 0 0 0 0
1432 37 150 1465 1192 1218 0 0 0 0 0 0 0 0 0
390 1380 1192 917 1412 1353 387 1271 443 1549 0 0 0 0 0
510 1549 1192 533 1361 1320 816 0 0 0 0 0 0 0 0
1476 47 1327 416 912 1295 444 36 443 0 0 0 0 0 0
1436 47 1054 1042 743 0 0 0 0 0 0 0 0 0 0
510 1549 1192 533 1361 1320 816 0 0 0 0 0 0 0 0
724 1192 1437 1412 1271 151 0 0 0 0 0 0 0 0 0
724 1192 1300 444 37 979 1192 1218 0 0 0 0 0 0 0
1305 1392 1437 444 24 0 0 0 0 0 0 0 0 0 0
429 1192 4 174 1465 1049 1290 0 0 0 0 0 0 0 0
390 1380 1192 917 1412 1353 387 1271 443 1549 0 0 0 0 0
379 444 334 860 760 1392 0 0 0 0 0 0 0 0 0
795 1587 444 756 778 890 778 500 0 0 0 0 0 0 0
1436 1412 1174 151 1480 962 0 0 0 0 0 0 0 0 0
178 1192 1359 1258 511 66 0 0 0 0 0 0 0 0 0
1371 1192 319 444 1035 387 0 0 0 0 0 0 0 0 0
1371 1192 319 444 1035 387 0 0 0 0 0 0 0 0 0
1432 37 150 1465 1192 1218 0 0 0 0 0 0 0 0 0
795 1587 778 756 778 890 778 500 0 0 0 0 0 0 0
795 1587 778 756 778 756 778 243 114 444 0 0 0 0 0
384 1192 731 1192 388 778 1365 1192 0 0 0 0 0 0 0
724 1192 1300 444 37 979 1192 1218 0 0 0 0 0 0 0
213 1412 174 979 1412 1271 151 0 0 0 0 0 0 0 0
799 1192 791 618 562 1573 387 711 1192 0 0 0 0 0 0
724 1192 1300 444 37 979 1192 1218 0 0 0 0 0 0 0
1371 1192 484 778 1336 387 0 0 0 0 0 0 0 0 0
945 1271 151 1355 444 0 0 0 0 0 0 0 0 0 0
1452 778 14 1549 1233 1473 1049 1417 0 0 0 0 0 0 0
724 1192 1437 1412 1271 151 0 0 0 0 0 0 0 0 0
606 47 510 1549 1048 47 533 813 0 0 0 0 0 0 0
49 1192 174 979 1412 1157 962 0 0 0 0 0 0 0 0
1424 533 1183 1192 533 867 1412 0 0 0 0 0 0 0 0
1029 1549 1056 1080 645 962 0 0 0 0 0 0 0 0 0
390 1380 1192 917 1412 1353 387 1271 443 1549 0 0 0 0 0
384 1192 731 1192 388 778 1365 1192 0 0 0 0 0 0 0
468 387 1049 1261 701 444 162 0 0 0 0 0 0 0 0
213 1412 1232 1412 962 816 0 0 0 0 0 0 0 0 0
384 1192 731 1192 388 778 1365 1192 0 0 0 0 0 0 0
385 619 890 1573 1549 1572 778 970 962 0 0 0 0 0 0
1436 1412 1437 1412 1271 151 0 0 0 0 0 0 0 0 0
147 1448 1192 174 979 1412 1271 151 0 0 0 0 0 0 0
526 1192 438 1136 1392 671 0 0 0 0 0 0 0 0 0
24 387 313 387 1623 778 206 1612 1277 564 443 0 0 0 0
390 1380 1192 917 1412 1353 387 1271 443 1549 0 0 0 0 0
385 619 890 1573 1549 1572 778 970 962 0 0 0 0 0 0
1436 1192 174 444 571 443 0 0 0 0 0 0 0 0 0
1003 618 760 1392 0 0 0 0 0 0 0 0 0 0 0
1541 37 12 444 1327 387 1475 1190 0 0 0 0 0 0 0
928 47 533 1324 1192 388 47 326 1412 0 0 0 0 0 0
696 1192 1168 1588 533 316 1192 0 0 0 0 0 0 0 0
799 1192 791 618 443 1549 444 678 1190 0 0 0 0 0 0
724 1192 1300 444 37 979 1192 1218 0 0 0 0 0 0 0
379 444 334 860 760 1392 0 0 0 0 0 0 0 0 0
213 1412 174 979 1412 1271 151 0 0 0 0 0 0 0 0
1371 1192 484 778 1336 387 0 0 0 0 0 0 0 0 0
1167 1192 1143 444 711 561 66 0 0 0 0 0 0 0 0
806 1049 145 47 1007 287 444 308 1549 0 0 0 0 0 0
1433 1194 1192 1586 444 271 47 473 778 313 0 0 0 0 0
390 1380 1192 917 1412 1353 387 1271 443 1549 0 0 0 0 0
1433 1194 1192 1586 444 271 47 473 778 313 0 0 0 0 0
178 1192 1359 1258 511 66 0 0 0 0 0 0 0 0 0
429 1192 4 174 1465 1049 1290 0 0 0 0 0 0 0 0
1432 37 150 1465 1192 1218 0 0 0 0 0 0 0 0 0
1475 444 1506 635 1611 184 47 0 0 0 0 0 0 0 0
1029 1549 1056 1080 645 962 0 0 0 0 0 0 0 0 0
510 1549 1192 533 1361 1320 816 0 0 0 0 0 0 0 0
434 1192 565 1412 1232 1192 989 47 0 0 0 0 0 0 0
1062 1192 319 1049 779 66 0 0 0 0 0 0 0 0 0
1436 1192 1459 1162 1412 788 962 0 0 0 0 0 0 0 0
1436 1412 1174 151 1480 962 0 0 0 0 0 0 0 0 0
1585 1192 1437 1412 1271 354 0 0 0 0 0 0 0 0 0
385 619 890 1573 1549 1572 778 970 962 0 0 0 0 0 0
471 977 892 510 444 0 0 0 0 0 0 0 0 0 0
147 1448 1192 174 979 1412 969 187 0 0 0 0 0 0 0
1436 1412 1174 151 1480 962 0 0 0 0 0 0 0 0 0
1029 1549 1056 1080 645 962 0 0 0 0 0 0 0 0 0
379 444 334 860 760 1392 0 0 0 0 0 0 0 0 0
1371 1192 319 444 1035 387 0 0 0 0 0 0 0 0 0
188 1412 1497 1192 444 1295 1475 0 0 0 0 0 0 0 0
945 1049 1545 962 151 984 0 0 0 0 0 0 0 0 0
468 387 1049 1261 701 444 162 0 0 0 0 0 0 0 0
1062 1192 319 1049 779 66 0 0 0 0 0 0 0 0 0
1433 1194 1192 1586 444 271 47 473 778 313 0 0 0 0 0
696 1192 1168 1588 533 316 1192 0 0 0 0 0 0 0 0
1436 1412 1174 151 1480 962 0 0 0 0 0 0 0 0 0
1432 37 150 1465 1192 1218 0 0 0 0 0 0 0 0 0
147 1448 1192 174 979 1412 969 187 0 0 0 0 0 0 0
1345 457 47 1007 1190 418 444 474 0 0 0 0 0 0 0
1029 1549 1056 1080 645 962 0 0 0 0 0 0 0 0 0
526 1192 438 1136 1392 671 0 0 0 0 0 0 0 0 0
928 47 533 1324 1192 388 47 326 1412 0 0 0 0 0 0
313 1549 1192 533 1361 1320 816 0 0 0 0 0 0 0 0
188 1412 1497 1192 444 1295 1192 1281 1192 0 0 0 0 0 0
724 1192 1437 1412 1271 151 0 0 0 0 0 0 0 0 0
390 1380 1192 917 1412 1353 387 1271 443 1549 0 0 0 0 0
1436 1412 1174 151 1480 962 0 0 0 0 0 0 0 0 0
429 1192 4 174 1465 1412 1271 0 0 0 0 0 0 0 0
1436 1412 1174 151 1480 962 0 0 0 0 0 0 0 0 0
370 1192 809 97 778 243 114 444 0 0 0 0 0 0 0
724 1192 1300 444 37 979 1192 1218 0 0 0 0 0 0 0
1436 1412 1174 151 1480 962 0 0 0 0 0 0 0 0 0
1003 618 760 1392 0 0 0 0 0 0 0 0 0 0 0
1293 56 389 781 1326 1192 603 0 0 0 0 0 0 0 0
429 1192 4 174 1465 1049 779 66 0 0 0 0 0 0 0
213 1412 174 979 1412 1271 151 0 0 0 0 0 0 0 0
188 1412 1497 1192 444 1295 1192 1281 1192 0 0 0 0 0 0
384 1192 731 1192 388 778 1365 1192 0 0 0 0 0 0 0
1432 37 150 1465 1192 1218 0 0 0 0 0 0 0 0 0
724 1192 1300 444 37 979 1192 1218 0 0 0 0 0 0 0
379 444 334 860 760 1392 0 0 0 0 0 0 0 0 0
1506 635 1611 184 47 1480 962 0 0 0 0 0 0 0 0
471 977 892 510 444 0 0 0 0 0 0 0 0 0 0
1371 1192 319 444 1035 387 0 0 0 0 0 0 0 0 0
1095 47 1103 1049 125 387 178 1192 0 0 0 0 0 0 0
429 1192 4 174 1465 1049 83 1549 0 0 0 0 0 0 0
384 1192 731 1192 388 778 1365 1192 0 0 0 0 0 0 0
952 1192 1021 1412 1022 1540 737 0 0 0 0 0 0 0 0
510 1549 1192 533 1361 1320 816 0 0 0 0 0 0 0 0
1167 1192 1143 444 711 561 66 0 0 0 0 0 0 0 0
1371 1192 484 778 1336 387 0 444 0 0 0 0 0 0 0
1506 635 1611 184 47 1480 962 0 0 0 0 0 0 0 0
370 1192 809 97 778 243 114 444 0 0 0 0 0 0 0
390 1380 1192 917 1412 1353 387 1271 443 1549 0 0 0 0 0
1541 37 12 444 1327 387 1475 1190 0 0 0 0 0 0 0
178 1192 1359 1258 511 66 0 0 0 0 0 0 0 0 0
1371 1192 484 778 313 1549 0 0 0 0 0 0 0 0 0
510 1549 1192 533 1361 1320 816 0 0 0 0 0 0 0 0
1062 1192 319 1049 779 66 0 0 0 0 0 0 0 0 0
1585 1192 1437 1412 1271 354 0 0 0 0 0 0 0 0 0
1436 1412 1174 151 1480 962 0 0 0 0 0 0 0 0 0
370 1192 809 97 778 243 114 444 0 0 0 0 0 0 0
429 1192 4 174 1465 1049 1290 0 0 0 0 0 0 0 0
385 619 890 1573 1549 1572 778 970 962 0 0 0 0 0 0
1433 1194 1192 1586 444 271 47 473 778 313 0 0 0 0 0
178 1192 1359 1258 511 66 0 0 0 0 0 0 0 0 0
881 1190 1422 444 1292 47 0 0 0 0 0 0 0 0 0
379 444 334 860 760 1392 0 0 0 0 0 0 0 0 0
1436 1412 1174 151 1480 962 0 0 0 0 0 0 0 0 0
1432 37 150 1465 1192 1218 0 0 0 0 0 0 0 0 0
945 1049 1545 962 151 984 0 0 0 0 0 0 0 0 0
945 1049 1545 962 151 984 0 0 0 0 0 0 0 0 0
178 1192 1359 1258 511 66 0 0 0 0 0 0 0 0 0
468 387 1049 1261 701 444 162 0 0 0 0 0 0 0 0
724 1192 1300 444 1412 1271 443 1549 0 0 0 0 0 0 0
1371 1192 319 444 1035 387 0 0 0 0 0 0 0 0 0
24 387 313 387 1623 778 206 1612 1277 564 443 0 0 0 0
384 1192 731 1192 388 778 1365 1192 0 0 0 0 0 0 0
1475 444 976 860 0 0 0 0 0 0 0 0 0 0 0
384 1192 731 1192 388 778 1365 1192 0 0 0 0 0 0 0
147 1448 1192 174 979 1412 969 187 0 0 0 0 0 0 0
1371 1192 319 444 1035 387 0 0 0 0 0 0 0 0 0
385 619 890 1573 1549 1572 778 970 962 0 0 0 0 0 0
724 1192 1300 444 37 979 1192 1218 0 0 0 0 0 0 0
159 1192 645 1049 1434 1266 273 0 0 0 0 0 0 0 0
526 1192 438 1136 1392 671 0 0 0 0 0 0 0 0 0
429 1192 4 174 1465 1049 1290 0 0 0 0 0 0 0 0
385 619 890 1573 1549 1572 778 970 962 0 0 0 0 0 0
1371 1192 319 444 1035 387 0 0 0 0 0 0 0 0 0
1436 1412 1174 151 1480 962 0 0 0 0 0 0 0 0 0
385 619 890 1573 1549 1572 778 970 962 0 0 0 0 0 0
1475 444 330 1007 1190 1479 1355 0 0 0 0 0 0 0 0
24 387 313 1355 912 778 206 0 0 0 0 0 0 0 0
724 1192 1300 444 37 979 1192 1218 0 0 0 0 0 0 0
468 387 1049 269 902 47 608 0 0 0 0 0 0 0 0
384 1192 731 1192 388 778 1365 1192 0 0 0 0 0 0 0
1371 1192 319 444 1035 387 0 0 0 0 0 0 0 0 0
881 1190 1422 444 1292 47 0 0 0 0 0 0 0 0 0
510 1549 1192 533 1361 1320 816 0 0 0 0 0 0 0 0
637 1192 1168 47 533 0 0 0 0 0 0 0 0 0 0
806 1049 145 47 1007 287 444 308 1549 0 0 0 0 0 0
1541 37 12 444 1327 387 1475 1190 0 0 0 0 0 0 0
606 47 510 1549 1048 47 533 813 0 0 0 0 0 0 0
386 1049 269 1575 1042 0 0 0 0 0 0 0 0 0 0
1371 1192 319 444 1035 387 0 0 0 0 0 0 0 0 0
188 1412 1497 1192 444 1295 1192 1281 1192 0 0 0 0 0 0
147 1448 1192 174 979 1412 1271 151 0 0 0 0 0 0 0
1305 1392 1437 444 24 387 0 0 0 0 0 0 0 0 0
561 1574 167 1295 1425 47 645 962 0 0 0 0 0 0 0
1506 635 1611 184 47 1480 962 0 0 0 0 0 0 0 0
1506 635 1611 184 47 1480 962 0 0 0 0 0 0 0 0
1506 635 1611 184 47 1480 962 0 0 0 0 0 0 0 0
1585 1192 1437 1412 1271 354 0 0 0 0 0 0 0 0 0
1029 1549 1056 1080 645 962 0 0 0 0 0 0 0 0 0
724 1192 1300 444 37 979 1192 1218 0 0 0 0 0 0 0
724 1192 1437 1412 1271 151 0 0 0 0 0 0 0 0 0
1371 1192 319 444 1035 387 0 0 0 0 0 0 0 0 0
159 1192 645 1049 1434 1266 273 0 0 0 0 0 0 0 0
434 1192 565 1412 1232 1192 989 47 0 0 0 0 0 0 0
928 47 533 1324 1192 388 47 326 1412 0 0 0 0 0 0
1436 1412 1174 151 1480 962 0 0 0 0 0 0 0 0 0
1433 1194 1192 1586 444 271 47 473 778 313 0 0 0 0 0
429 1192 4 174 1465 1049 1290 0 0 0 0 0 0 0 0
1029 1549 1056 1080 645 962 0 0 0 0 0 0 0 0 0
370 1192 809 97 778 243 114 444 0 0 0 0 0 0 0
1432 37 150 1280 151 1480 962 0 0 0 0 0 0 0 0
911 1412 264 1572 778 500 0 0 0 0 0 0 0 0 0
724 1192 1300 444 37 979 1192 1218 0 0 0 0 0 0 0
379 444 334 860 760 1392 0 0 0 0 0 0 0 0 0
1475 444 330 1007 1190 1479 1355 0 0 0 0 0 0 0 0
1506 635 1611 184 47 1480 962 0 0 0 0 0 0 0 0
724 1192 1300 444 37 979 1192 1218 0 0 0 0 0 0 0
1480 47 1054 1042 743 0 0 0 0 0 0 0 0 0 0
510 1549 1192 533 1361 1320 816 0 0 0 0 0 0 0 0
1371 1192 484 778 1336 387 0 0 0 0 0 0 0 0 0
1436 1192 1459 1162 1412 788 962 0 0 0 0 0 0 0 0
1305 1392 79 1080 1192 697 0 0 0 0 0 0 0 0 0
1095 47 1103 1049 125 387 178 1192 0 0 0 0 0 0 0
188 1412 1497 1192 444 1295 1192 1281 1192 0 0 0 0 0 0
1506 635 1611 184 47 1480 962 0 0 0 0 0 0 0 0
945 1049 1545 962 151 984 0 0 0 0 0 0 0 0 0
1433 1194 1192 1586 444 271 47 473 778 313 0 0 0 0 0
385 619 890 1573 1549 1572 778 970 962 0 0 0 0 0 0
1452 778 14 1549 1233 1473 1049 1417 0 0 0 0 0 0 0
178 1192 1359 1258 511 66 0 0 0 0 0 0 0 0 0
1003 618 760 1392 0 0 0 0 0 0 0 0 0 0 0
1371 1192 319 444 1035 387 0 0 0 0 0 0 0 0 0
1436 1192 1459 1162 1412 788 962 0 0 0 0 0 0 0 0
1029 1549 1056 1080 645 962 0 0 0 0 0 0 0 0 0
526 1192 438 1136 1392 671 0 0 0 0 0 0 0 0 0
1095 47 1103 1049 125 387 178 1192 0 0 0 0 0 0 0
724 1192 1300 444 37 979 1192 1218 0 0 0 0 0 0 0
1003 618 760 1392 0 0 0 0 0 0 0 0 0 0 0
1095 47 1103 1049 125 387 178 1192 0 0 0 0 0 0 0
159 1192 645 1049 1434 1266 273 0 0 0 0 0 0 0 0
379 444 334 860 760 1392 0 0 0 0 0 0 0 0 0
159 1192 645 1049 1434 1266 273 0 0 0 0 0 0 0 0
188 1412 1497 1192 444 1295 1192 1281 1192 0 0 0 0 0 0
1436 1412 1174 151 1480 962 0 0 0 0 0 0 0 0 0
24 387 313 387 1623 778 206 1612 1277 564 443 0 0 0 0
1029 1549 1056 1080 645 962 0 0 0 0 0 0 0 0 0
434 1192 565 1412 1232 1192 989 47 0 0 0 0 0 0 0
928 47 533 1324 1192 388 47 326 1412 0 0 0 0 0 0
379 444 334 860 760 1392 0 0 0 0 0 0 0 0 0
384 1192 731 1192 388 778 1365 1192 0 0 0 0 0 0 0
724 1192 1437 1412 1271 151 0 0 0 0 0 0 0 0 0
1095 47 1103 1049 125 387 178 1192 0 0 0 0 0 0 0
1167 1192 1143 444 711 561 66 0 0 0 0 0 0 0 0
510 1549 1192 533 1361 1320 816 0 0 0 0 0 0 0 0
724 1192 1300 444 37 979 1192 1218 0 0 0 0 0 0 0
945 1049 1545 962 151 984 0 0 0 0 0 0 0 0 0
159 1192 645 1049 1434 1266 273 0 0 0 0 0 0 0 0
1062 1192 319 1049 779 66 0 0 0 0 0 0 0 0 0
1305 1392 1437 444 24 387 0 0 0 0 0 0 0 0 0
806 1049 145 47 1007 287 444 308 1549 0 0 0 0 0 0
147 1448 1192 174 979 1412 1271 151 0 0 0 0 0 0 0
159 1192 645 1049 1434 1266 273 0 0 0 0 0 0 0 0
952 1192 1021 1412 1022 1540 737 0 0 0 0 0 0 0 0
724 1192 1300 444 37 979 1192 1218 0 0 0 0 0 0 0
724 1192 1300 444 37 979 1192 1218 0 0 0 0 0 0 0
952 1192 1021 1412 1022 1540 737 0 0 0 0 0 0 0 0
1633 778 1168 416 912 1192 444 0 0 0 0 0 0 0 0
147 1448 1192 174 979 1412 1271 151 0 0 0 0 0 0 0
272 1192 319 444 443 1549 0 0 0 0 0 0 0 0 0
178 1192 1359 1258 511 66 0 0 0 0 0 0 0 0 0
458 1412 969 860 1332 1412 299 1192 533 0 0 0 0 0 0
384 1192 731 1192 388 778 1365 1192 0 0 0 0 0 0 0
1167 1192 1143 444 711 561 66 0 0 0 0 0 0 0 0
724 1192 1300 444 37 979 1192 1218 0 0 0 0 0 0 0
24 387 313 387 1623 778 206 1612 1277 564 443 0 0 0 0
188 1412 1497 1192 444 1295 1192 1281 1192 0 0 0 0 0 0
724 1192 1300 444 37 979 1192 1218 0 0 0 0 0 0 0
188 1412 1497 1192 444 1295 1192 1281 1192 0 0 0 0 0 0
178 1192 1359 1258 511 66 0 0 0 0 0 0 0 0 0
1506 635 1611 184 47 1480 962 0 0 0 0 0 0 0 0
1433 1194 1192 1586 444 271 47 473 778 313 0 0 0 0 0
385 619 890 1573 1549 1572 778 970 962 0 0 0 0 0 0
213 1412 174 979 1412 1271 151 0 0 0 0 0 0 0 0
799 1192 791 618 562 1573 387 711 1192 0 0 0 0 0 0
1029 1549 1056 1080 645 962 0 0 0 0 0 0 0 0 0
1029 1549 1056 1080 645 962 0 0 0 0 0 0 0 0 0
1371 1192 484 778 1336 387 0 0 0 0 0 0 0 0 0
468 387 1049 1261 701 444 162 0 0 0 0 0 0 0 0
24 387 313 387 1623 778 206 1612 1277 564 443 0 0 0 0
1436 1412 1174 151 1480 962 0 0 0 0 0 0 0 0 0
379 444 334 860 760 1392 0 0 0 0 0 0 0 0 0
724 1192 1300 444 37 979 1192 1218 0 0 0 0 0 0 0
1541 37 12 444 1327 387 1475 1190 0 0 0 0 0 0 0
1436 1412 1459 1162 1412 788 962 0 0 0 0 0 0 0 0
1062 1192 319 1049 779 66 0 0 0 0 0 0 0 0 0
188 1412 1497 1192 444 1295 1192 1281 1192 0 0 0 0 0 0
379 444 334 860 760 1392 0 0 0 0 0 0 0 0 0
379 444 334 860 760 1392 0 0 0 0 0 0 0 0 0
429 1192 4 174 1465 1049 1290 0 0 0 0 0 0 0 0
1475 444 330 1007 1190 1479 1355 0 0 0 0 0 0 0 0
1062 1192 319 1049 779 66 0 0 0 0 0 0 0 0 0
1433 1194 1192 1586 444 271 47 473 778 313 0 0 0 0 0
1371 1192 484 778 1336 387 0 0 0 0 0 0 0 0 0
390 1380 1192 917 1412 1353 387 1271 443 1549 0 0 0 0 0
458 1412 969 860 1332 1412 299 1192 533 0 0 0 0 0 0
370 1192 809 97 778 243 114 444 0 0 0 0 0 0 0
952 1192 1021 1412 1022 1540 737 0 0 0 0 0 0 0 0
1436 1412 1174 151 1480 962 0 0 0 0 0 0 0 0 0
606 47 510 1549 1048 47 533 813 0 0 0 0 0 0 0
385 619 890 1573 1549 1572 778 970 962 0 0 0 0 0 0
1436 1412 1174 151 1480 962 0 0 0 0 0 0 0 0 0
1433 1194 1192 1586 444 271 47 473 778 313 0 0 0 0 0
1003 618 760 1392 0 0 0 0 0 0 0 0 0 0 0
1433 1194 1192 1586 444 271 47 473 778 313 0 0 0 0 0
188 1412 1497 1192 444 1295 1192 1281 1192 0 0 0 0 0 0
1433 1194 1192 1586 444 271 47 473 778 313 0 0 0 0 0
1506 635 1611 184 47 1480 962 0 0 0 0 0 0 0 0
1436 1049 842 1049 292 0 0 0 0 0 0 0 0 0 0
806 1049 145 47 1007 287 444 308 1549 0 0 0 0 0 0
188 1412 1497 1192 444 1295 1192 1281 1192 0 0 0 0 0 0
1371 1192 484 778 1336 387 0 0 0 0 0 0 0 0 0
1029 1549 1056 1080 645 962 0 0 0 0 0 0 0 0 0
390 1380 1192 917 1412 1353 387 1271 443 1549 0 0 0 0 0
24 387 313 387 1623 778 206 1612 1277 564 443 0 0 0 0
468 387 1049 1261 701 444 162 0 0 0 0 0 0 0 0
1371 1192 319 444 1035 387 0 0 0 0 0 0 0 0 0
724 1192 1437 1412 1271 151 0 0 0 0 0 0 0 0 0
1506 635 1611 184 47 1480 47 0 0 0 0 0 0 0 0
1371 1192 319 444 1035 387 0 0 0 0 0 0 0 0 0
1476 47 782 416 912 1295 444 1164 443 0 0 0 0 0 0
1371 1192 484 778 1336 387 0 0 0 0 0 0 0 0 0
1436 1412 1174 151 1480 962 0 0 0 0 0 0 0 0 0
24 387 313 387 1623 778 206 1612 1277 564 443 0 0 0 0
370 1192 809 97 778 243 114 444 0 0 0 0 0 0 0
159 1192 645 1049 1434 1266 273 0 0 0 0 0 0 0 0
1541 37 12 444 1327 387 1475 1190 0 0 0 0 0 0 0
1095 47 1103 1049 125 387 178 1192 0 0 0 0 0 0 0
213 1412 174 979 1412 1271 151 0 0 0 0 0 0 0 0
1029 1549 1056 1080 645 962 0 0 0 0 0 0 0 0 0
159 1192 645 1049 1434 1266 273 0 0 0 0 0 0 0 0
24 387 313 387 1623 778 206 1612 1277 564 443 0 0 0 0
1430 1192 1437 1412 1271 443 0 0 0 0 0 0 0 0 0
434 1192 565 1412 1232 1192 989 47 0 0 0 0 0 0 0
510 1549 1192 533 1361 1320 816 0 0 0 0 0 0 0 0
468 387 1049 1261 701 444 162 0 0 0 0 0 0 0 0
390 1380 1192 917 1412 1353 387 1271 443 1549 0 0 0 0 0
213 1412 174 979 1412 1271 151 0 0 0 0 0 0 0 0
1430 1192 1437 1412 131 1192 444 0 0 0 0 0 0 0 0
213 1412 174 979 1412 1271 151 0 0 0 0 0 0 0 0
1371 1192 484 778 1336 387 0 0 0 0 0 0 0 0 0
384 1192 731 1192 388 778 1365 1192 0 0 0 0 0 0 0
606 47 510 1549 1048 47 533 813 0 0 0 0 0 0 0
429 1192 4 174 1465 1049 1290 0 0 0 0 0 0 0 0
434 1192 565 1412 1232 1192 989 47 0 0 0 0 0 0 0
1436 47 1054 1042 743 0 0 0 0 0 0 0 0 0 0
1432 1192 1359 1258 511 66 0 0 0 0 0 0 0 0 0
795 1587 444 756 778 890 778 500 0 0 0 0 0 0 0
795 1587 444 756 778 890 778 500 0 0 0 0 0 0 0
213 1412 174 979 1412 1271 151 0 0 0 0 0 0 0 0
724 1192 1300 444 37 979 1192 1218 0 0 0 0 0 0 0
724 1192 1437 1412 1271 151 0 0 0 0 0 0 0 0 0
928 47 533 1324 1192 388 47 326 1412 0 0 0 0 0 0
213 1412 1054 1412 984 0 0 0 0 0 0 0 0 0 0
178 1192 1359 1258 511 66 0 0 0 0 0 0 0 0 0
429 1192 4 174 1465 444 0 0 0 0 0 0 0 0 0
778 1327 387 711 1190 1065 635 0 0 0 0 0 0 0 0
1432 37 150 1465 1192 1218 0 0 0 0 0 0 0 0 0
1506 635 1611 184 47 1480 962 0 0 0 0 0 0 0 0
526 1192 438 1136 1392 671 0 0 0 0 0 0 0 0 0
806 1049 145 47 1007 287 444 308 1549 0 0 0 0 0 0
1371 1192 484 778 1336 387 0 0 0 0 0 0 0 0 0
384 1192 731 1192 388 778 1365 1192 0 0 0 0 0 0 0
213 1412 174 979 1412 1271 151 0 0 0 0 0 0 0 0
1029 1549 1056 1080 645 962 0 0 0 0 0 0 0 0 0
390 1380 836 1192 1291 1392 671 0 0 0 0 0 0 0 0
510 1549 1192 533 1361 1320 816 0 0 0 0 0 0 0 0
724 1192 1300 444 37 979 1192 1218 0 0 0 0 0 0 0
1433 1194 1192 1586 444 271 47 473 778 313 0 0 0 0 0
1029 1549 1056 1080 645 962 0 0 0 0 0 0 0 0 0
1506 635 1611 184 47 1480 962 0 0 0 0 0 0 0 0
390 1380 1192 917 1412 1353 387 1271 443 1549 0 0 0 0 0
526 1192 438 1136 1392 671 0 0 0 0 0 0 0 0 0
1062 1192 319 1049 779 66 0 0 0 0 0 0 0 0 0
1293 56 389 781 1326 1192 603 0 0 0 0 0 0 0 0
881 1190 1422 444 1292 47 0 0 0 0 0 0 0 0 0
606 47 510 1549 1048 47 533 813 0 0 0 0 0 0 0
1371 1192 484 778 1336 387 0 0 0 0 0 0 0 0 0
390 1380 1192 917 1412 1353 387 1271 443 1549 0 0 0 0 0
526 1192 438 1136 1392 671 0 0 0 0 0 0 0 0 0
213 1412 174 979 1412 1271 151 0 0 0 0 0 0 0 0
24 387 313 387 1623 778 206 1612 1277 564 443 0 0 0 0
390 1380 1192 917 1412 1353 387 1271 443 1549 0 0 0 0 0
24 387 313 387 1623 778 206 1612 1277 564 443 0 0 0 0
213 1412 174 979 1412 1271 151 0 0 0 0 0 0 0 0
606 47 510 1549 1048 47 533 813 0 0 0 0 0 0 0
379 444 334 860 760 1392 0 0 0 0 0 0 0 0 0
724 1192 1437 1412 1271 151 0 0 0 0 0 0 0 0 0
171 533 1062 1080 1192 751 0 0 0 0 0 0 0 0 0
384 1192 731 1192 388 778 1365 1192 0 0 0 0 0 0 0
385 619 890 1573 1549 1572 0 0 0 0 0 0 0 0 0
865 911 975 1412 1157 1504 778 0 0 0 0 0 0 0 0
188 1412 1497 1192 444 1295 1192 1281 1192 0 0 0 0 0 0
1095 47 1103 1049 125 387 178 1192 0 0 0 0 0 0 0
1436 1412 1174 151 1480 962 0 0 0 0 0 0 0 0 0
724 1192 1300 444 37 979 1192 1218 0 0 0 0 0 0 0
526 1192 438 1136 1392 671 0 0 0 0 0 0 0 0 0
1062 1192 319 1049 779 66 0 0 0 0 0 0 0 0 0
312 47 1327 416 912 1295 1224 1512 0 0 0 0 0 0 0
147 1448 1192 174 979 1412 969 187 0 0 0 0 0 0 0
902 47 1456 444 1043 387 0 0 0 0 0 0 0 0 0
1293 56 389 781 1326 1192 603 0 0 0 0 0 0 0 0
1293 56 389 781 1326 1192 603 0 0 0 0 0 0 0 0
1433 1194 1192 1586 444 271 47 473 778 313 0 0 0 0 0
911 1412 264 1572 778 500 0 0 0 0 0 0 0 0 0
1436 1412 1174 151 1480 962 0 0 0 0 0 0 0 0 0
1293 56 389 781 1326 1192 603 0 0 0 0 0 0 0 0
911 1412 264 1572 778 500 0 0 0 0 0 0 0 0 0
1436 1412 1174 151 1480 962 0 0 0 0 0 0 0 0 0
385 619 890 1573 1549 1572 0 0 0 0 0 0 0 0 0
945 1049 1545 962 151 984 0 0 0 0 0 0 0 0 0
1371 1192 484 778 1336 387 0 0 0 0 0 0 0 0 0
24 387 313 387 1623 778 206 1612 1277 564 443 0 0 0 0
510 1549 1192 533 1361 1320 816 0 0 0 0 0 0 0 0
606 47 510 1549 1048 47 533 813 0 0 0 0 0 0 0
24 387 313 387 1623 778 206 1612 1277 564 443 0 0 0 0
1436 1412 1174 151 1480 962 0 0 0 0 0 0 0 0 0
458 1412 969 860 1332 1412 299 1192 533 0 0 0 0 0 0
526 1192 438 1136 1392 671 0 0 0 0 0 0 0 0 0
806 1049 145 47 1007 287 444 308 1549 0 0 0 0 0 0
724 1192 1437 1412 1271 151 0 0 0 0 0 0 0 0 0
24 387 313 387 1623 778 206 1612 1277 564 443 0 0 0 0
1029 1549 1056 1080 645 962 0 0 0 0 0 0 0 0 0
188 1412 1497 1192 444 1295 1192 1281 1192 0 0 0 0 0 0
1633 778 1168 416 912 778 0 0 0 0 0 0 0 0 0
1432 37 150 1465 1412 1271 151 0 0 0 0 0 0 0 0
561 1574 167 1295 1425 47 645 962 0 0 0 0 0 0 0
1436 1412 1174 151 1480 962 0 0 0 0 0 0 0 0 0
1430 1192 1437 1412 131 1192 444 0 0 0 0 0 0 0 0
1371 1192 319 444 1035 387 0 0 0 0 0 0 0 0 0
147 1448 1192 174 979 1412 1271 151 0 0 0 0 0 0 0
1452 778 14 1549 1233 1473 1049 1611 0 0 0 0 0 0 0
1469 1192 1359 1258 511 66 0 0 0 0 0 0 0 0 0
24 387 313 387 1623 778 206 1612 1277 564 443 0 0 0 0
1475 444 330 1007 1190 1479 1355 0 0 0 0 0 0 0 0
1371 1192 319 444 1035 387 0 0 0 0 0 0 0 0 0
1585 1192 1437 1412 1271 354 0 0 0 0 0 0 0 0 0
1633 778 1168 769 485 984 0 0 0 0 0 0 0 0 0
1371 1192 484 778 1336 387 0 0 0 0 0 0 0 0 0
379 444 334 860 760 1392 0 0 0 0 0 0 0 0 0
147 1448 1192 174 979 1412 1271 151 0 0 0 0 0 0 0
1371 1192 319 444 1035 387 0 0 0 0 0 0 0 0 0
379 444 334 860 760 1392 0 0 0 0 0 0 0 0 0
633 1080 1007 1385 444 0 0 0 0 0 0 0 0 0 0
1305 1392 429 778 1336 387 0 0 0 0 0 0 0 0 0
1541 37 12 444 1327 387 1475 1190 0 0 0 0 0 0 0
1432 1192 1459 1162 1412 788 962 0 0 0 0 0 0 0 0
724 1192 1300 444 37 979 1192 1218 0 0 0 0 0 0 0
1167 1192 1143 444 711 561 66 0 0 0 0 0 0 0 0
510 1549 1192 533 1361 1320 816 0 0 0 0 0 0 0 0
1371 1192 319 444 1035 387 0 0 0 0 0 0 0 0 0
1563 387 1049 269 902 47 473 778 0 0 0 0 0 0 0
379 444 334 860 760 1392 0 0 0 0 0 0 0 0 0
390 1380 1192 917 1412 1353 387 1271 443 1549 0 0 0 0 0
724 1192 1300 444 37 979 1192 1218 0 0 0 0 0 0 0
799 1192 791 618 562 1573 387 711 1192 0 0 0 0 0 0
159 1192 645 1049 1434 1266 273 0 0 0 0 0 0 0 0
1433 1194 1192 1586 444 271 47 473 778 313 0 0 0 0 0
1095 47 1103 1049 125 387 178 1192 0 0 0 0 0 0 0
1475 444 330 1007 1190 1479 1355 0 0 0 0 0 0 0 0
385 619 890 1573 1549 1572 778 970 962 0 0 0 0 0 0
176 1192 22 1392 778 1336 387 0 0 0 0 0 0 0 0
385 619 890 1573 1549 1572 778 970 962 0 0 0 0 0 0
1436 1412 1174 151 1480 962 0 0 0 0 0 0 0 0 0
795 1587 444 756 778 890 778 500 0 0 0 0 0 0 0
881 1190 1422 444 1292 47 0 0 0 0 0 0 0 0 0
1167 1192 1143 444 711 561 66 0 0 0 0 0 0 0 0
510 1549 1192 533 1361 1320 816 0 0 0 0 0 0 0 0
1293 56 389 781 1326 1192 603 0 0 0 0 0 0 0 0
561 1574 167 1295 1425 47 645 962 0 0 0 0 0 0 0
370 1192 809 97 778 243 114 444 0 0 0 0 0 0 0
1433 1194 1192 1572 778 1475 0 0 0 0 0 0 0 0 0
1633 778 1168 416 912 778 0 0 0 0 0 0 0 0 0
1433 1194 1192 1586 444 271 47 473 778 313 0 0 0 0 0
1585 1192 1437 1412 1271 354 0 0 0 0 0 0 0 0 0
928 47 533 1324 1192 388 47 326 1412 0 0 0 0 0 0
1541 37 12 444 1327 387 1475 1190 0 0 0 0 0 0 0
434 1192 565 1412 1232 1192 989 47 0 0 0 0 0 0 0
1293 56 389 781 1326 1192 603 0 0 0 0 0 0 0 0
1029 1549 1056 1080 645 962 0 0 0 0 0 0 0 0 0
724 1192 1300 444 37 979 1192 1218 0 0 0 0 0 0 0
370 1192 809 97 778 243 114 444 0 0 0 0 0 0 0
945 1049 1545 962 151 984 0 0 0 0 0 0 0 0 0
370 1192 809 97 778 243 114 444 0 0 0 0 0 0 0
188 1412 1497 1192 444 1295 1192 1281 1192 0 0 0 0 0 0
1003 618 760 1392 0 0 0 0 0 0 0 0 0 0 0
385 619 890 1573 1549 1572 778 970 962 0 0 0 0 0 0
385 619 890 1573 1549 1572 778 970 962 0 0 0 0 0 0
1305 1392 1437 444 24 0 0 0 0 0 0 0 0 0 0
1305 1392 1437 444 24 0 0 0 0 0 0 0 0 0 0
385 619 890 1573 1549 1572 778 970 962 0 0 0 0 0 0
510 1549 1192 533 1361 1320 816 0 0 0 0 0 0 0 0
526 1192 438 1136 1392 671 0 0 0 0 0 0 0 0 0
795 1587 444 756 778 890 778 500 0 0 0 0 0 0 0
1062 1192 319 1049 779 66 0 0 0 0 0 0 0 0 0
434 1192 565 1412 1232 1192 989 47 0 0 0 0 0 0 0
1167 1192 1143 444 711 561 66 0 0 0 0 0 0 0 0
1436 1412 1174 151 1480 962 0 0 0 0 0 0 0 0 0
390 1380 1192 917 1412 1353 387 1271 443 1549 0 0 0 0 0
390 1380 1192 917 1412 1353 387 1271 443 1549 0 0 0 0 0
379 444 334 860 760 1392 0 0 0 0 0 0 0 0 0
510 1549 1192 533 1361 1320 816 0 0 0 0 0 0 0 0
24 387 313 387 1623 778 206 1612 1277 564 443 0 0 0 0
526 1192 438 1136 1392 671 0 0 0 0 0 0 0 0 0
696 1192 1168 1588 533 316 1192 0 0 0 0 0 0 0 0
159 1192 645 1049 1434 1266 273 0 0 0 0 0 0 0 0
881 1190 1422 444 1292 47 0 0 0 0 0 0 0 0 0
1300 1192 1056 47 1065 1190 575 0 0 0 0 0 0 0 0
1305 1392 1437 444 24 0 0 0 0 0 0 0 0 0 0
1482 1611 387 1515 678 1190 1479 1355 0 0 0 0 0 0 0
385 619 890 1573 1549 1572 778 970 962 0 0 0 0 0 0
1247 1192 174 1501 1549 1190 0 0 0 0 0 0 0 0 0
390 1380 1192 917 1412 1353 387 1271 443 1549 0 0 0 0 0
1029 1549 1056 1080 645 962 0 0 0 0 0 0 0 0 0
1371 1192 484 778 1336 387 0 0 0 0 0 0 0 0 0
1633 778 1168 416 912 778 0 0 0 0 0 0 0 0 0
526 1192 438 1136 1392 671 0 0 0 0 0 0 0 0 0
159 1192 645 1049 1434 1266 273 0 0 0 0 0 0 0 0
881 1190 1422 444 1292 47 0 0 0 0 0 0 0 0 0
1452 778 14 1549 1233 1473 1049 1417 0 0 0 0 0 0 0
434 1192 565 1412 1232 1192 989 47 0 0 0 0 0 0 0
24 387 313 387 1623 778 206 1612 1277 564 443 0 0 0 0
1371 1192 484 778 1336 387 0 0 0 0 0 0 0 0 0
24 387 313 387 1623 778 206 1612 1277 564 443 0 0 0 0
724 1192 1300 444 37 979 1192 1218 0 0 0 0 0 0 0
429 1192 791 618 562 1573 387 782 443 1549 0 0 0 0 0
1436 1412 1174 1412 1480 1412 1480 962 0 0 0 0 0 0 0
370 1192 809 97 778 243 114 444 0 0 0 0 0 0 0
561 1574 167 1295 1425 47 645 962 0 0 0 0 0 0 0
429 1192 4 174 1465 1049 1290 0 0 0 0 0 0 0 0
1436 1412 1174 151 1480 962 0 0 0 0 0 0 0 0 0
510 1549 1192 533 1361 1320 816 0 0 0 0 0 0 0 0
945 1049 1545 962 151 984 0 0 0 0 0 0 0 0 0
1371 1192 319 444 1035 387 0 0 0 0 0 0 0 0 0
1293 56 389 781 1326 1192 603 0 0 0 0 0 0 0 0
1452 778 14 1042 1183 778 970 962 0 0 0 0 0 0 0
1436 1412 1174 151 1480 962 0 0 0 0 0 0 0 0 0
724 1192 1437 1412 1271 151 0 0 0 0 0 0 0 0 0
1452 778 14 1549 1233 1473 1049 1417 0 0 0 0 0 0 0
526 1192 438 1136 1392 671 0 0 0 0 0 0 0 0 0
1090 1192 174 979 1412 969 187 0 0 0 0 0 0 0 0
1433 1194 1192 1586 444 271 47 473 778 313 0 0 0 0 0
384 1192 731 1192 388 778 1365 1192 0 0 0 0 0 0 0
1029 1549 1056 1080 645 962 0 0 0 0 0 0 0 0 0
1585 1192 1437 1412 1271 354 0 0 0 0 0 0 0 0 0
1436 1412 1504 151 100 1042 0 0 0 0 0 0 0 0 0
458 1412 969 860 1332 1412 299 1192 533 0 0 0 0 0 0
213 1412 174 979 1412 645 962 0 0 0 0 0 0 0 0
1167 1192 1143 444 711 561 66 0 0 0 0 0 0 0 0
468 387 1049 1261 701 444 162 0 0 0 0 0 0 0 0
188 1412 1497 1192 444 1295 1192 1281 1192 0 0 0 0 0 0
952 1192 1021 1412 1022 1540 737 0 0 0 0 0 0 0 0
881 1190 1422 444 1292 47 0 0 0 0 0 0 0 0 0
1432 37 150 1465 1412 1271 151 0 0 0 0 0 0 0 0
1424 1049 912 1295 1224 1027 47 0 0 0 0 0 0 0 0
1506 635 1611 184 47 1480 962 0 0 0 0 0 0 0 0
468 387 1049 1261 701 444 162 0 0 0 0 0 0 0 0
1541 37 12 444 1327 387 1475 1190 0 0 0 0 0 0 0
1029 1549 1056 1080 645 962 0 0 0 0 0 0 0 0 0
1433 1194 1192 1586 444 271 47 473 778 313 0 0 0 0 0
526 1192 438 1136 1392 671 0 0 0 0 0 0 0 0 0
384 1192 731 1192 388 778 1365 1192 0 0 0 0 0 0 0
561 1574 167 1295 1425 47 645 962 0 0 0 0 0 0 0
1506 635 1611 184 47 1480 962 0 0 0 0 0 0 0 0
952 1192 1021 1412 1022 1540 737 0 0 0 0 0 0 0 0
1167 1192 1143 444 711 561 66 0 0 0 0 0 0 0 0
1095 47 1103 1049 125 387 178 1192 0 0 0 0 0 0 0
468 387 1049 1261 701 444 162 0 0 0 0 0 0 0 0
637 1192 1021 1412 1022 1540 737 0 0 0 0 0 0 0 0
188 1412 1497 1192 444 1295 1192 1281 1192 0 0 0 0 0 0
928 47 533 1324 1192 388 47 326 1412 0 0 0 0 0 0
178 444 391 387 1336 387 0 0 0 0 0 0 0 0 0
429 1192 4 174 1465 1049 1290 0 0 0 0 0 0 0 0
385 619 890 1573 1549 1572 778 970 962 0 0 0 0 0 0
1506 635 1611 184 47 1480 962 0 0 0 0 0 0 0 0
510 1549 1192 533 1361 1320 816 0 0 0 0 0 0 0 0
945 1049 1545 962 151 984 0 0 0 0 0 0 0 0 0
429 1192 4 174 1465 1412 1271 151 0 0 0 0 0 0 0
1633 778 1168 798 444 308 1549 0 0 0 0 0 0 0 0
1095 47 1103 1049 125 387 178 1192 0 0 0 0 0 0 0
55 47 1054 1042 743 0 0 0 0 0 0 0 0 0 0
1436 1412 1437 1412 1271 151 0 0 0 0 0 0 0 0 0
468 387 1049 1261 701 444 162 0 0 0 0 0 0 0 0
1029 1549 1056 1080 645 962 0 0 0 0 0 0 0 0 0
1436 1412 1174 151 1480 962 0 0 0 0 0 0 0 0 0
510 1549 1192 533 1361 1320 816 0 0 0 0 0 0 0 0
1506 635 1611 184 47 1480 962 0 0 0 0 0 0 0 0
147 1448 1192 174 979 1412 1271 151 0 0 0 0 0 0 0
213 1412 174 979 1412 1271 151 0 0 0 0 0 0 0 0
1167 1192 1143 444 711 1258 511 66 0 0 0 0 0 0 0
1436 1412 1174 151 1480 962 0 0 0 0 0 0 0 0 0
526 1192 438 1136 1392 671 0 0 0 0 0 0 0 0 0
1436 1412 1174 151 1480 962 0 0 0 0 0 0 0 0 0
458 1412 969 860 1332 1412 299 1192 533 0 0 0 0 0 0
1585 1192 1437 1412 1271 354 0 0 0 0 0 0 0 0 0
1585 1192 1437 1412 1271 354 0 0 0 0 0 0 0 0 0
379 444 334 860 760 1392 0 0 0 0 0 0 0 0 0
1371 1192 484 778 1336 387 0 0 0 0 0 0 0 0 0
526 1192 438 1136 1392 671 0 0 0 0 0 0 0 0 0
1062 1192 319 1049 779 66 0 0 0 0 0 0 0 0 0
468 387 1049 1261 701 444 162 0 0 0 0 0 0 0 0
159 1192 645 1049 1434 1266 273 0 0 0 0 0 0 0 0
724 1192 1300 444 37 979 1192 1218 0 0 0 0 0 0 0
1062 1192 319 1049 779 66 0 0 0 0 0 0 0 0 0
390 1380 1192 917 1412 1353 387 1271 443 1549 0 0 0 0 0
1506 635 1611 184 47 1480 962 0 0 0 0 0 0 0 0
1424 1412 1174 151 1480 962 0 0 0 0 0 0 0 0 0
213 1412 174 979 1412 1271 151 0 0 0 0 0 0 0 0
213 1412 174 979 1412 1271 151 0 0 0 0 0 0 0 0
434 1192 565 1412 1232 1192 989 47 0 0 0 0 0 0 0
1436 1412 1174 151 1480 962 0 0 0 0 0 0 0 0 0
724 1192 1300 444 37 979 1192 1218 0 0 0 0 0 0 0
1432 37 150 1143 151 1480 962 0 0 0 0 0 0 0 0
159 1192 645 1049 1434 1266 273 0 0 0 0 0 0 0 0
1371 1192 319 444 1035 387 0 0 0 0 0 0 0 0 0
1062 1192 319 1049 779 66 0 0 0 0 0 0 0 0 0
213 1412 174 979 1412 1271 151 0 0 0 0 0 0 0 0
385 619 890 1573 1549 1572 778 970 962 0 0 0 0 0 0
468 387 1049 1261 701 444 162 0 0 0 0 0 0 0 0
952 1192 1021 1412 1022 1540 737 0 0 0 0 0 0 0 0
1469 1192 1359 1258 511 66 0 0 0 0 0 0 0 0 0
24 387 313 387 1623 778 206 1612 1277 564 443 0 0 0 0
1167 1192 1143 444 711 561 66 0 0 0 0 0 0 0 0
1433 1194 1192 1586 444 271 47 473 778 313 0 0 0 0 0
1029 1549 1056 1080 645 962 0 0 0 0 0 0 0 0 0
561 1574 167 1295 1425 47 645 962 0 0 0 0 0 0 0
1029 1549 1056 1080 645 962 0 0 0 0 0 0 0 0 0
1371 1192 484 778 1336 387 0 0 0 0 0 0 0 0 0
799 1192 791 618 562 1573 387 711 0 0 0 0 0 0 0
1167 1192 1143 444 711 561 66 0 0 0 0 0 0 0 0
928 47 533 1324 1192 388 47 326 1412 0 0 0 0 0 0
928 47 533 1324 1192 388 47 326 1412 0 0 0 0 0 0
24 387 313 387 1623 778 206 1612 1277 564 443 0 0 0 0
471 977 892 510 444 0 0 0 0 0 0 0 0 0 0
468 387 1049 1261 701 444 162 0 0 0 0 0 0 0 0
1029 1549 1056 1080 645 962 0 0 0 0 0 0 0 0 0
384 1192 731 1192 388 778 1365 1192 0 0 0 0 0 0 0
911 1412 264 1572 778 500 0 0 0 0 0 0 0 0 0
385 619 890 1573 1549 1572 778 970 962 0 0 0 0 0 0
468 387 1049 1261 701 444 162 0 0 0 0 0 0 0 0
1433 1194 1192 1586 444 271 47 473 778 313 0 0 0 0 0
24 387 313 387 1623 778 206 1612 1277 564 443 0 0 0 0
429 1192 4 174 1465 1049 1290 0 0 0 0 0 0 0 0
385 619 890 1573 1549 1572 778 970 962 0 0 0 0 0 0
1436 1412 1174 151 1480 962 0 0 0 0 0 0 0 0 0
1167 1192 1143 444 711 561 66 0 0 0 0 0 0 0 0
147 510 1549 1048 47 533 813 0 0 0 0 0 0 0 0
1371 1192 319 444 1035 387 0 0 0 0 0 0 0 0 0
1300 1192 1466 1359 1258 511 66 444 0 0 0 0 0 0 0
1029 1549 1056 1080 645 962 0 0 0 0 0 0 0 0 0
1371 1192 484 778 1336 387 0 0 0 0 0 0 0 0 0
1305 1392 1437 783 444 136 0 0 0 0 0 0 0 0 0
213 1412 174 979 1412 1271 151 0 0 0 0 0 0 0 0
1293 56 389 781 1326 1192 603 0 0 0 0 0 0 0 0
952 1192 1021 1412 1022 1540 737 0 0 0 0 0 0 0 0
429 1192 4 174 1465 1049 1290 0 0 0 0 0 0 0 0
188 1412 1497 1192 444 1295 1192 1281 1192 0 0 0 0 0 0
390 1380 1192 917 1412 1353 387 1271 443 1549 0 0 0 0 0
1432 37 150 1465 1412 969 187 0 0 0 0 0 0 0 0
1371 1192 484 778 1336 387 0 0 0 0 0 0 0 0 0
724 1192 1300 444 37 979 1192 0 0 0 0 0 0 0 0
178 1192 1359 1258 511 66 0 0 0 0 0 0 0 0 0
1300 1192 1466 1359 1258 511 66 0 0 0 0 0 0 0 0
1432 37 150 1465 1412 1271 151 0 0 0 0 0 0 0 0
147 1448 1192 174 979 1412 1271 151 0 0 0 0 0 0 0
526 1192 438 1136 1392 671 0 0 0 0 0 0 0 0 0
1541 37 12 444 1327 387 1475 1190 0 0 0 0 0 0 0
1433 1194 1192 1586 444 271 47 473 778 313 0 0 0 0 0
24 387 313 387 1623 778 206 1612 1277 564 443 0 0 0 0
188 1412 1497 1192 444 1295 1192 1281 1192 0 0 0 0 0 0
1433 1194 1192 1586 444 271 47 473 778 313 0 0 0 0 0
945 1049 1545 962 151 984 0 0 0 0 0 0 0 0 0
434 1192 565 1412 1232 1192 989 47 0 0 0 0 0 0 0
1541 37 12 444 1327 387 1475 1190 0 0 0 0 0 0 0
1029 1549 1056 1080 645 962 0 0 0 0 0 0 0 0 0
724 1192 1437 1412 1271 151 0 0 0 0 0 0 0 0 0
370 1192 809 97 778 243 114 444 0 0 0 0 0 0 0
434 1192 565 1412 1232 1192 989 47 0 0 0 0 0 0 0
1062 1192 319 1049 779 66 0 0 0 0 0 0 0 0 0
561 1574 167 1295 1425 47 645 962 0 0 0 0 0 0 0
147 1448 1192 174 979 1412 1157 962 0 0 0 0 0 0 0
1430 1192 1437 1412 131 1192 444 0 0 0 0 0 0 0 0
1095 47 1103 1049 125 387 178 1192 0 0 0 0 0 0 0
178 1192 1359 1258 511 66 0 0 0 0 0 0 0 0 0
510 1549 1192 533 1361 1320 816 0 0 0 0 0 0 0 0
390 1380 1192 917 1412 1353 387 1271 443 1549 0 0 0 0 0
952 1192 1021 1412 1022 1540 737 0 0 0 0 0 0 0 0
178 1192 1359 1258 511 66 0 0 0 0 0 0 0 0 0
1436 47 1054 1042 743 0 0 0 0 0 0 0 0 0 0
379 444 334 860 760 1392 0 0 0 0 0 0 0 0 0
1436 1412 1174 151 1480 962 0 0 0 0 0 0 0 0 0
1371 1192 484 778 1336 387 0 0 0 0 0 0 0 0 0
429 1192 4 174 1465 1049 1290 0 0 0 0 0 0 0 0
468 387 1049 1261 701 444 162 0 0 0 0 0 0 0 0
881 1190 1422 444 1292 47 0 0 0 0 0 0 0 0 0
1585 1192 1437 1412 1271 354 0 0 0 0 0 0 0 0 0
1371 1192 484 778 1336 387 0 0 0 0 0 0 0 0 0
1432 37 150 1465 1192 1218 0 0 0 0 0 0 0 0 0
468 387 1049 1261 701 444 162 0 0 0 0 0 0 0 0
952 1192 1021 1412 1022 1540 737 0 0 0 0 0 0 0 0
1029 1549 1056 1080 645 962 0 0 0 0 0 0 0 0 0
1029 1549 1056 1080 645 962 0 0 0 0 0 0 0 0 0
1452 778 14 1549 1233 1473 1049 1417 0 0 0 0 0 0 0
272 1192 319 444 443 1549 0 0 0 0 0 0 0 0 0
1506 635 1611 184 47 1480 962 0 0 0 0 0 0 0 0
1264 47 1327 416 912 1295 1224 1027 47 0 0 0 0 0 0
468 387 1049 1261 701 444 162 0 0 0 0 0 0 0 0
724 1192 1300 444 37 979 1192 1218 0 0 0 0 0 0 0
24 387 313 387 1623 778 206 1612 1277 564 443 0 0 0 0
178 1192 1359 1258 511 66 0 0 0 0 0 0 0 0 0
1293 56 389 781 1326 1192 603 0 0 0 0 0 0 0 0
188 1412 1497 1192 444 1295 1192 1281 1192 0 0 0 0 0 0
1167 1192 1143 444 711 561 66 0 0 0 0 0 0 0 0
178 1192 1359 1258 511 66 0 0 0 0 0 0 0 0 0
1585 1192 1437 1412 1271 354 0 0 0 0 0 0 0 0 0
384 1192 731 1192 388 778 1365 1192 0 0 0 0 0 0 0
724 1192 1300 444 37 979 1192 1218 0 0 0 0 0 0 0
390 1380 1192 917 1412 1353 387 1271 443 1549 0 0 0 0 0
1436 1412 1174 151 1480 962 0 0 0 0 0 0 0 0 0
1436 1192 174 979 1412 969 187 0 0 0 0 0 0 0 0
385 619 890 1573 1549 1572 778 970 962 0 0 0 0 0 0
1059 906 1573 836 1192 1291 1392 671 0 0 0 0 0 0 0
1436 1412 1174 151 1480 962 0 0 0 0 0 0 0 0 0
1452 778 14 1549 1233 1473 1049 1417 0 0 0 0 0 0 0
606 47 510 1549 1048 47 533 813 0 0 0 0 0 0 0
178 444 391 387 1183 778 0 0 0 0 0 0 0 0 0
213 1412 174 979 1412 1271 151 0 0 0 0 0 0 0 0
1436 1412 1174 151 1480 962 0 0 0 0 0 0 0 0 0
159 1192 645 1049 1434 1266 273 0 0 0 0 0 0 0 0
1371 1192 319 444 1035 387 0 0 0 0 0 0 0 0 0
188 1412 1497 1192 444 1295 1192 1281 1192 0 0 0 0 0 0
147 1448 1192 174 979 1412 1271 151 0 0 0 0 0 0 0
724 1192 1300 444 37 979 1192 1218 0 0 0 0 0 0 0
606 47 510 1549 1048 47 533 813 0 0 0 0 0 0 0
1433 1194 1192 1586 444 271 47 473 778 313 0 0 0 0 0
390 1380 1192 917 1412 1353 387 1271 443 1549 0 0 0 0 0
1371 1192 319 444 1035 387 0 0 0 0 0 0 0 0 0
379 444 334 860 760 1392 0 0 0 0 0 0 0 0 0
928 47 533 1324 1192 388 47 326 1412 0 0 0 0 0 0
384 1192 731 1192 388 778 1365 1192 0 0 0 0 0 0 0
1506 635 1611 184 47 1480 962 0 0 0 0 0 0 0 0
429 1192 4 174 1465 1049 1290 0 0 0 0 0 0 0 0
385 619 890 1573 1549 1572 778 970 962 0 0 0 0 0 0
561 1574 167 1295 1425 47 645 962 0 0 0 0 0 0 0
458 1412 969 860 1332 1412 299 1192 533 0 0 0 0 0 0
188 1412 1497 1192 444 1295 1192 1281 1192 0 0 0 0 0 0
1371 1192 484 778 1336 387 0 0 0 0 0 0 0 0 0
213 1412 174 979 1412 1271 151 0 0 0 0 0 0 0 0
1371 1192 319 444 1035 387 0 0 0 0 0 0 0 0 0
1436 1412 1174 151 1480 962 0 0 0 0 0 0 0 0 0
