936 1392 561 1103 47 218 443 0 0 0 0 0 0 0 0 
885 1192 474 1048 47 533 1268 1192 0 0 0 0 0 0 0 
540 778 1327 387 1444 47 68 1013 47 0 0 0 0 0 0 
430 489 1192 536 976 514 444 0 0 0 0 0 0 0 0 
536 976 514 444 941 387 711 0 0 0 0 0 0 0 0 
192 778 1632 1192 554 0 0 0 0 0 0 0 0 0 0 
1571 1049 931 778 157 1049 1185 36 0 0 0 0 0 0 0 
449 533 1358 47 976 1461 0 0 0 0 0 0 0 0 0 
1358 47 976 1461 653 47 1065 0 0 0 0 0 0 0 0 
300 1049 1595 387 1364 886 778 711 0 0 0 0 0 0 0 
72 1190 475 1121 1412 476 1298 0 0 0 0 0 0 0 0 
1000 387 568 1355 444 522 1192 1013 0 0 0 0 0 0 0 
872 1612 1277 1377 631 47 305 0 0 0 0 0 0 0 0 
1415 1049 10 387 1100 36 66 0 0 0 0 0 0 0 0 
768 1412 1296 1611 387 1049 11 1192 0 0 0 0 0 0 0 
1352 1082 962 1549 1538 1049 125 387 1336 387 0 0 0 0 0 
21 444 972 1355 1355 380 962 0 0 0 0 0 0 0 0 
98 1192 372 203 387 98 1412 0 0 0 0 0 0 0 0 
553 741 257 1594 1594 882 757 1412 0 0 0 0 0 0 0 
257 1594 1594 882 757 1412 1157 962 0 0 0 0 0 0 0 
421 635 444 1503 387 1019 784 453 0 0 0 0 0 0 0 
1432 533 309 750 592 1349 1030 0 0 0 0 0 0 0 0 
190 1286 122 37 1278 444 226 443 0 0 0 0 0 0 0 
1620 976 287 444 10 387 807 0 0 0 0 0 0 0 0 
140 635 1412 228 962 1355 102 0 0 0 0 0 0 0 0 
1618 778 441 447 533 1365 47 0 0 0 0 0 0 0 0 
796 879 1049 99 533 1173 455 1639 860 0 0 0 0 0 0 
300 1412 49 962 387 1049 936 1392 0 0 0 0 0 0 0 
312 1192 1275 579 533 99 778 1520 47 0 0 0 0 0 0 
632 533 295 46 1192 895 1049 0 0 0 0 0 0 0 0 
1634 537 343 1190 1064 0 0 0 0 0 0 0 0 0 0 
456 1286 466 533 69 1190 0 0 0 0 0 0 0 0 0 
913 906 1573 387 711 635 444 779 66 0 0 0 0 0 0 
709 588 1042 1379 1278 0 0 0 0 0 0 0 0 0 0 
1625 1190 72 300 778 599 962 0 0 0 0 0 0 0 0 
1043 1570 608 287 444 1145 1379 443 1549 0 0 0 0 0 0 
457 1412 962 387 711 635 444 10 72 0 0 0 0 0 0 
1525 37 739 444 1623 47 976 0 0 0 0 0 0 0 0 
779 1192 533 838 56 1190 252 387 313 0 0 0 0 0 0 
590 752 130 1472 912 232 1192 1432 1162 0 0 0 0 0 0 
962 771 533 1323 877 778 1144 1412 0 0 0 0 0 0 0 
1555 608 287 444 779 1190 1479 443 0 0 0 0 0 0 0 
1379 912 958 1278 1412 583 450 387 1515 678 0 0 0 0 0 
926 778 1239 469 387 1140 66 0 0 0 0 0 0 0 0 
724 1412 215 635 444 783 880 0 0 0 0 0 0 0 0 
1186 1473 1049 10 262 708 1392 306 56 0 0 0 0 0 0 
981 1192 1432 444 222 676 1443 0 0 0 0 0 0 0 0 
310 444 1540 608 287 1049 1187 387 313 0 0 0 0 0 0 
1610 455 330 698 778 250 1355 0 0 0 0 0 0 0 0 
1476 47 782 416 1104 1488 1286 0 0 0 0 0 0 0 0 
810 1192 804 1412 401 778 1097 443 1549 0 0 0 0 0 0 
766 1392 608 348 778 1610 1079 1049 0 0 0 0 0 0 0 
49 1412 962 151 717 47 244 443 1549 0 0 0 0 0 0 
465 1392 608 287 444 1371 783 387 313 387 0 0 0 0 0 
1625 1412 1271 387 1515 678 1190 252 387 313 0 0 0 0 0 
1432 37 1587 1049 1371 1379 1140 0 0 0 0 0 0 0 0 
1491 287 444 779 1192 778 1363 1488 962 387 0 0 0 0 0 
1286 635 444 10 360 1192 258 72 0 0 0 0 0 0 0 
913 906 696 860 1278 281 47 533 0 0 0 0 0 0 0 
312 47 1141 778 510 1549 0 0 0 0 0 0 0 0 0 
1127 444 779 1572 1379 935 886 0 0 0 0 0 0 0 0 
709 588 1042 1432 1162 0 0 0 0 0 0 0 0 0 0 
859 1049 1344 796 1291 47 988 387 510 387 0 0 0 0 0 
457 37 414 1049 913 906 0 0 0 0 0 0 0 0 0 
1366 47 1065 346 444 779 860 0 0 0 0 0 0 0 0 
1476 1192 1591 1192 72 1190 270 0 0 0 0 0 0 0 0 
1576 47 1456 1549 679 444 1478 619 47 0 0 0 0 0 0 
431 778 532 1190 1353 387 1265 443 1549 0 0 0 0 0 0 
80 1412 1353 387 990 47 1171 531 1192 0 0 0 0 0 0 
121 47 1049 1159 635 444 1540 619 0 0 0 0 0 0 0 
1247 1192 174 979 444 1147 635 0 0 0 0 0 0 0 0 
1071 455 968 387 1049 1181 36 737 0 0 0 0 0 0 0 
171 533 707 444 1164 1549 133 0 0 0 0 0 0 0 0 
540 1049 1608 778 725 387 0 0 0 0 0 0 0 0 0 
674 635 1049 976 962 196 1286 635 1049 0 0 0 0 0 0 
1525 1049 976 860 311 72 47 762 902 47 0 0 0 0 0 
72 47 762 902 47 1414 962 1611 387 1049 0 0 0 0 0 
1061 1374 387 277 1487 443 1549 0 0 0 0 0 0 0 0 
808 444 796 896 533 504 1504 1355 0 0 0 0 0 0 0 
632 533 1141 778 1439 1286 0 0 0 0 0 0 0 0 0 
540 1049 976 860 880 1140 66 0 0 0 0 0 0 0 0 
1317 1049 691 635 1611 1523 47 0 0 0 0 0 0 0 0 
1075 1049 1363 1099 1042 1049 540 778 0 0 0 0 0 0 0 
85 1192 26 1196 444 976 0 0 0 0 0 0 0 0 0 
99 533 1400 510 387 1049 1473 444 779 66 0 0 0 0 0 
1476 1192 1555 1236 444 1187 387 313 0 0 0 0 0 0 0 
310 37 518 47 880 1140 66 0 0 0 0 0 0 0 0 
540 778 725 387 313 387 312 1192 0 0 0 0 0 0 0 
42 902 47 510 1549 879 47 533 740 444 0 0 0 0 0 
906 1573 387 313 387 10 1192 689 778 571 387 0 0 0 0 
1371 1192 1605 444 239 778 313 0 0 0 0 0 0 0 0 
766 1392 608 287 533 197 1441 179 306 0 0 0 0 0 0 
537 1080 988 387 711 1183 533 594 444 0 0 0 0 0 0 
1099 1049 630 387 880 1140 66 0 0 0 0 0 0 0 0 
1592 444 1271 696 141 1080 397 0 0 0 0 0 0 0 0 
1371 1192 1605 444 90 0 0 0 0 0 0 0 0 0 0 
1593 103 1488 962 469 1374 387 313 387 0 0 0 0 0 0 
72 1392 860 1623 47 1348 1252 1140 66 0 0 0 0 0 0 
1133 533 1328 1279 579 0 0 0 0 0 0 0 0 0 0 
68 902 47 70 246 698 778 1080 0 0 0 0 0 0 0 
466 47 1627 1192 351 0 0 0 0 0 0 0 0 0 0 
1020 37 955 1512 778 608 310 1049 0 0 0 0 0 0 0 
310 1049 784 962 518 1286 831 0 0 0 0 0 0 0 0 
1040 1192 257 1257 1049 876 0 0 0 0 0 0 0 0 0 
1221 608 1459 1325 312 1192 0 0 0 0 0 0 0 0 0 
1286 635 1049 1379 310 778 1065 635 1049 0 0 0 0 0 0 
962 387 313 1355 266 778 533 1551 457 444 0 0 0 0 0 
1393 880 1491 498 47 1399 443 1549 0 0 0 0 0 0 0 
481 47 1065 1190 418 387 1049 891 778 533 0 0 0 0 0 
12 1190 537 47 13 1327 1549 1302 47 0 0 0 0 0 0 
1488 47 1049 1140 66 72 300 47 0 0 0 0 0 0 0 
312 1192 1085 778 976 1492 0 0 0 0 0 0 0 0 0 
1432 37 1328 444 1188 962 0 0 0 0 0 0 0 0 0 
779 1192 444 604 66 444 1245 1049 0 0 0 0 0 0 0 
1245 1049 490 47 1363 387 1345 962 0 0 0 0 0 0 0 
624 1192 134 778 708 444 1560 1392 0 0 0 0 0 0 0 
938 802 962 1355 962 1183 47 540 1190 0 0 0 0 0 0 
1205 238 387 1640 47 533 207 962 1549 0 0 0 0 0 0 
630 47 533 650 1162 1325 1192 10 1192 608 0 0 0 0 0 
437 1355 1226 1192 209 1124 0 0 0 0 0 0 0 0 0 
72 1392 860 1473 1192 1205 906 47 173 962 0 0 0 0 0 
1073 47 1049 1413 387 313 387 1245 1049 0 0 0 0 0 0 
210 444 435 906 1573 818 210 1049 0 0 0 0 0 0 0 
1400 1327 387 1049 1473 444 10 387 85 1192 0 0 0 0 0 
1432 37 1328 47 1311 1049 0 0 0 0 0 0 0 0 0 
540 1192 1150 444 1379 164 444 0 0 0 0 0 0 0 0 
779 860 1191 597 637 1049 0 0 0 0 0 0 0 0 0 
637 1049 1067 1277 1190 1479 1355 0 0 0 0 0 0 0 0 
1125 1192 1576 47 976 1492 0 0 0 0 0 0 0 0 0 
740 1192 492 1192 1036 1209 533 0 0 0 0 0 0 0 0 
164 1049 1140 444 1363 387 29 1549 1192 0 0 0 0 0 0 
1020 1049 976 962 1213 786 1355 0 0 0 0 0 0 0 0 
457 47 135 1286 1190 608 1636 1392 635 0 0 0 0 0 0 
1065 1048 533 1278 1451 778 395 0 0 0 0 0 0 0 0 
630 47 533 1311 1325 1049 1379 1355 962 0 0 0 0 0 0 
1478 631 1632 444 827 387 0 0 0 0 0 0 0 0 0 
479 231 1192 1432 66 1190 339 103 0 0 0 0 0 0 0 
1363 1250 362 533 706 444 1172 0 0 0 0 0 0 0 0 
1371 1192 1473 778 196 962 387 313 1355 0 0 0 0 0 0 
664 1055 444 1271 1443 443 1549 0 0 0 0 0 0 0 0 
457 1049 10 1278 1412 51 47 0 0 0 0 0 0 0 0 
310 1049 962 36 714 1337 704 1192 388 47 0 0 0 0 0 
439 778 310 406 977 700 0 0 0 0 0 0 0 0 0 
171 533 1151 984 0 0 0 0 0 0 0 0 0 0 0 
171 533 1062 1080 1192 751 0 0 0 0 0 0 0 0 0 
164 1192 1245 444 1491 72 56 1392 1190 0 0 0 0 0 0 
1245 444 1491 72 56 1392 1190 1479 443 0 0 0 0 0 0 
1089 1192 72 1492 1492 0 0 0 0 0 0 0 0 0 0 
779 47 1049 774 420 72 666 231 1192 0 0 0 0 0 0 
1387 906 1573 443 1549 444 99 171 533 0 0 0 0 0 0 
99 1572 778 1213 1481 313 655 365 0 0 0 0 0 0 0 
1245 444 1491 860 1278 281 47 1049 0 0 0 0 0 0 0 
1475 47 1141 778 1487 443 1549 0 0 0 0 0 0 0 0 
1114 1286 1457 1049 1016 860 0 0 0 0 0 0 0 0 0 
121 47 1190 1173 1277 47 1397 387 1140 66 0 0 0 0 0 
139 1049 10 490 47 1560 778 0 0 0 0 0 0 0 0 
474 37 121 778 1049 1363 1517 72 0 0 0 0 0 0 0 
525 1192 1304 1080 1057 778 0 0 0 0 0 0 0 0 0 
1432 1412 450 802 1137 582 443 0 0 0 0 0 0 0 0 
1476 1192 1591 47 244 1473 444 0 0 0 0 0 0 0 0 
1511 1192 319 444 308 1549 0 0 0 0 0 0 0 0 0 
164 1192 1140 444 1363 387 1476 1412 0 0 0 0 0 0 0 
129 778 1473 444 779 1190 517 977 72 0 0 0 0 0 0 
312 1192 1591 1192 57 0 0 0 0 0 0 0 0 0 0 
1278 1509 833 1412 555 977 1330 0 0 0 0 0 0 0 0 
1476 1192 1009 778 976 1492 0 0 0 0 0 0 0 0 0 
1590 444 506 47 86 0 0 0 0 0 0 0 0 0 0 
14 416 823 47 869 387 191 234 0 0 0 0 0 0 0 
460 37 1633 1080 1192 132 1192 0 0 0 0 0 0 0 0 
312 1192 1591 778 102 0 0 0 0 0 0 0 0 0 0 
1432 1412 140 163 880 1140 66 0 0 0 0 0 0 0 0 
454 47 556 1192 444 1478 1190 1479 1355 0 0 0 0 0 0 
1432 37 1587 1049 1371 1379 1342 47 0 0 0 0 0 0 0 
614 387 814 1080 310 1049 0 0 0 0 0 0 0 0 0 
1378 1192 608 1081 444 177 387 0 0 0 0 0 0 0 0 
1020 47 39 1392 860 1432 47 0 0 0 0 0 0 0 0 
540 1192 72 778 312 1089 1192 0 0 0 0 0 0 0 0 
667 10 1476 671 0 0 0 0 0 0 0 0 0 0 0 
871 66 1101 1192 183 444 211 1042 450 0 0 0 0 0 0 
922 737 47 761 444 1334 1277 0 0 0 0 0 0 0 0 
119 444 1582 117 1192 183 816 1549 0 0 0 0 0 0 0 
1604 778 1462 444 1318 1412 773 387 792 0 0 0 0 0 0 
106 47 1502 47 1260 1412 1390 30 37 0 0 0 0 0 0 
327 47 475 1190 847 1192 1092 1412 0 0 0 0 0 0 0 
982 444 902 47 1417 888 982 47 0 0 0 0 0 0 0 
748 737 444 976 860 260 0 0 0 0 0 0 0 0 0 
852 47 608 369 778 471 977 1518 1412 0 0 0 0 0 0 
1518 1412 1157 406 977 1056 0 0 0 0 0 0 0 0 0 
333 1412 1124 387 1510 1600 387 313 0 0 0 0 0 0 0 
237 796 1467 47 1049 1441 802 1190 0 0 0 0 0 0 0 
611 778 1489 610 1192 286 1412 450 0 0 0 0 0 0 0 
1470 1192 642 47 1374 387 313 1549 0 0 0 0 0 0 0 
249 962 1173 958 1049 400 962 387 84 0 0 0 0 0 0 
1489 1192 847 47 1065 1190 5 0 0 0 0 0 0 0 0 
1227 1049 1478 860 1638 47 904 1355 0 0 0 0 0 0 0 
259 778 450 1549 53 1238 1192 1116 1192 183 0 0 0 0 0 
1561 47 461 778 510 387 0 0 0 0 0 0 0 0 0 
606 47 421 1192 533 1134 1485 66 0 0 0 0 0 0 0 
817 444 976 457 1049 1043 387 313 387 0 0 0 0 0 0 
1526 387 1278 1412 777 1528 179 0 0 0 0 0 0 0 0 
1342 1572 1192 927 1412 772 1192 1277 0 0 0 0 0 0 0 
12 1412 248 387 510 387 1049 544 1573 0 0 0 0 0 0 
1567 1192 1473 778 196 1286 482 0 0 0 0 0 0 0 0 
1543 837 1115 1342 1049 1614 0 0 0 0 0 0 0 0 0 
691 1325 1379 1458 1392 1528 444 962 0 0 0 0 0 0 0 
472 47 193 47 1065 879 47 0 0 0 0 0 0 0 0 
313 1549 1170 714 1325 1174 151 450 387 364 0 0 0 0 0 
1297 778 749 47 869 387 450 0 0 0 0 0 0 0 0 
1547 1192 183 1049 433 1573 387 313 1355 0 0 0 0 0 0 
181 1286 1101 444 712 1286 831 0 0 0 0 0 0 0 0 
956 313 66 86 962 387 1489 1412 0 0 0 0 0 0 0 
86 962 387 1489 1412 680 778 450 0 0 0 0 0 0 0 
643 1042 1192 462 1049 511 47 1410 906 1573 0 0 0 0 0 
330 387 209 1049 935 745 778 0 0 0 0 0 0 0 0 
183 1412 674 495 47 789 1192 1476 1192 0 0 0 0 0 0 
1353 387 782 1549 1229 1412 1271 443 1549 0 0 0 0 0 0 
736 444 471 977 1 1392 780 47 0 0 0 0 0 0 0 
1371 1192 1473 778 196 962 387 313 443 0 0 0 0 0 0 
196 444 620 387 211 47 1399 443 1549 0 0 0 0 0 0 
282 444 1343 521 422 1194 1190 533 1479 443 0 0 0 0 0 
481 533 362 1049 77 962 387 313 1355 0 0 0 0 0 0 
624 533 1630 906 1573 387 1061 0 0 0 0 0 0 0 0 
1630 906 1573 387 1061 1374 387 443 0 0 0 0 0 0 0 
1115 444 125 1549 1192 66 444 463 1192 0 0 0 0 0 0 
241 47 1491 19 47 1399 443 1549 0 0 0 0 0 0 0 
1373 1412 109 1190 962 1549 624 533 0 0 0 0 0 0 0 
450 1443 796 1463 1192 518 1286 342 0 0 0 0 0 0 0 
86 962 387 1080 533 892 510 387 796 0 0 0 0 0 0 
1094 860 209 444 313 387 1049 1330 0 0 0 0 0 0 0 
1280 1049 783 446 1190 105 1327 0 0 0 0 0 0 0 0 
209 47 1049 1491 165 1412 906 769 1573 443 0 0 0 0 0 
86 906 1573 387 871 47 1399 1146 0 0 0 0 0 0 0 
1454 1049 215 635 444 783 1355 962 0 0 0 0 0 0 0 
457 37 183 1049 779 1190 1479 443 0 0 0 0 0 0 0 
576 444 1371 125 387 101 363 0 0 0 0 0 0 0 0 
125 387 313 387 1243 1240 796 1543 489 0 0 0 0 0 0 
1214 1190 1197 91 1222 728 0 0 0 0 0 0 0 0 0 
1554 1192 642 47 844 1190 0 0 0 0 0 0 0 0 0 
844 1190 1073 533 1112 1546 66 0 0 0 0 0 0 0 0 
386 533 38 778 1388 444 0 0 0 0 0 0 0 0 0 
241 1049 1539 248 47 1049 1223 56 0 0 0 0 0 0 0 
763 983 950 179 306 860 584 66 0 0 0 0 0 0 0 
169 1192 577 1080 65 1482 444 0 0 0 0 0 0 0 0 
164 1192 1075 1049 1478 1192 444 1478 66 396 0 0 0 0 0 
81 1192 642 533 241 444 0 0 0 0 0 0 0 0 0 
81 1192 642 444 1379 672 0 0 0 0 0 0 0 0 0 
912 1116 1192 646 533 1148 66 0 0 0 0 0 0 0 0 
176 778 1566 1381 1065 946 608 0 0 0 0 0 0 0 0 
507 802 1622 1192 1408 1192 1481 0 0 0 0 0 0 0 0 
86 962 387 1337 1363 1374 1549 1192 533 0 0 0 0 0 0 
195 902 1080 804 1412 639 387 313 1549 0 0 0 0 0 0 
1289 1192 47 1269 443 1549 971 0 0 0 0 0 0 0 0 
304 1192 509 590 1473 1190 1327 1549 1192 66 0 0 0 0 0 
1115 1192 427 444 511 66 0 0 0 0 0 0 0 0 0 
962 387 1532 1192 738 1278 1277 525 444 0 0 0 0 0 0 
1489 444 672 630 778 730 635 444 0 0 0 0 0 0 0 
1083 906 696 794 444 625 1379 443 1549 0 0 0 0 0 0 
1173 1116 1277 588 1042 77 962 0 0 0 0 0 0 0 0 
1489 1049 672 630 778 421 635 444 0 0 0 0 0 0 0 
1115 1412 60 151 1192 1138 0 0 0 0 0 0 0 0 0 
550 387 3 133 444 1379 443 1549 0 0 0 0 0 0 0 
86 962 1549 1190 1192 635 778 510 387 0 0 0 0 0 0 
421 635 444 1540 787 1049 515 66 0 0 0 0 0 0 0 
410 595 714 714 1101 1192 407 47 0 0 0 0 0 0 0 
962 387 1149 720 452 1412 1043 387 443 0 0 0 0 0 0 
386 1049 1473 1192 539 778 110 1049 0 0 0 0 0 0 0 
1583 47 1327 387 1198 387 940 1012 0 0 0 0 0 0 0 
1463 1512 450 387 711 1572 778 1635 696 0 0 0 0 0 0 
1404 778 87 778 533 1379 443 1549 0 0 0 0 0 0 0 
1391 906 778 8 962 1570 557 66 444 0 0 0 0 0 0 
1498 1392 1468 1412 1240 387 1309 0 0 0 0 0 0 0 0 
312 37 61 1192 108 1192 0 0 0 0 0 0 0 0 0 
590 1473 875 642 444 1421 1392 860 0 0 0 0 0 0 0 
1106 1412 800 1286 860 991 1412 467 0 0 0 0 0 0 0 
835 1412 1174 151 1017 860 0 0 0 0 0 0 0 0 0 
421 635 444 1540 737 66 352 1192 0 0 0 0 0 0 0 
1217 947 559 778 1192 792 1393 1049 0 0 0 0 0 0 0 
913 906 1573 387 313 387 880 52 816 0 0 0 0 0 0 
1489 444 1327 387 1198 802 1190 1369 0 0 0 0 0 0 0 
108 1412 215 794 444 783 443 1549 0 0 0 0 0 0 0 
108 444 313 387 2 444 1379 534 0 0 0 0 0 0 0 
1308 1049 1255 47 158 1443 387 711 0 0 0 0 0 0 0 
1371 1192 1385 444 759 387 451 0 0 0 0 0 0 0 0 
171 1192 86 53 533 510 387 0 0 0 0 0 0 0 0 
629 1049 1330 56 1190 1479 1355 0 0 0 0 0 0 0 0 
1571 1190 1122 444 1107 962 387 473 0 0 0 0 0 0 0 
1547 1049 1544 444 1379 1012 0 0 0 0 0 0 0 0 0 
183 533 1400 450 387 1049 225 524 1355 0 0 0 0 0 0 
716 1049 248 387 1370 1612 1190 1479 443 0 0 0 0 0 0 
183 1325 533 479 444 450 387 1049 984 0 0 0 0 0 0 
669 778 1245 1540 126 1192 0 0 0 0 0 0 0 0 0 
1039 581 444 1101 1192 183 1049 125 387 837 0 0 0 0 0 
601 1392 183 1049 913 906 1573 387 313 387 0 0 0 0 0 
64 1192 792 1393 1412 780 1286 635 444 0 0 0 0 0 0 
726 860 642 1192 1341 1049 0 0 0 0 0 0 0 0 0 
1454 533 1331 444 746 860 0 0 0 0 0 0 0 0 0 
1305 778 632 841 1515 387 84 0 0 0 0 0 0 0 0 
1071 47 533 376 56 1190 1479 1355 0 0 0 0 0 0 0 
984 1597 1535 1192 1073 66 0 0 0 0 0 0 0 0 0 
1175 1248 617 778 984 0 0 0 0 0 0 0 0 0 0 
211 1042 1049 511 778 880 1309 0 0 0 0 0 0 0 0 
767 533 675 387 711 860 624 533 0 0 0 0 0 0 0 
1374 387 313 387 1241 1080 600 0 0 0 0 0 0 0 0 
648 689 47 1283 444 1211 1573 840 0 0 0 0 0 0 0 
1385 1190 1543 444 89 906 1573 387 711 0 0 0 0 0 0 
906 696 879 313 387 371 906 696 902 47 0 0 0 0 0 
99 533 1434 510 387 1515 678 1190 1479 1355 0 0 0 0 0 
87 148 533 362 1049 77 962 0 0 0 0 0 0 0 0 
887 1549 860 1102 1042 444 1129 1549 0 0 0 0 0 0 0 
1393 151 236 1412 817 962 0 0 0 0 0 0 0 0 0 
318 420 1434 1327 1355 714 714 714 551 1192 1108 47 1049 0 0 
1267 1098 1611 405 1190 1479 1182 0 0 0 0 0 0 0 0 
161 1049 984 1277 1190 1479 1355 0 0 0 0 0 0 0 0 
1371 1192 319 778 1336 387 0 0 0 0 0 0 0 0 0 
487 1392 642 778 1340 0 0 0 0 0 0 0 0 0 0 
85 1192 1543 47 1635 1573 387 880 0 0 0 0 0 0 0 
633 1190 742 977 417 1336 387 0 0 0 0 0 0 0 0 
1476 1192 642 1190 270 977 99 0 0 0 0 0 0 0 0 
1341 1192 189 1412 421 635 444 0 0 0 0 0 0 0 0 
421 635 444 784 457 411 37 0 0 0 0 0 0 0 0 
913 906 696 635 1049 1379 1494 179 306 0 0 0 0 0 0 
853 1412 962 1549 513 1412 1284 778 0 0 0 0 0 0 0 
1256 1049 1379 1004 1190 962 1549 266 0 0 0 0 0 0 0 
1248 1192 1473 444 485 984 0 0 0 0 0 0 0 0 0 
421 635 444 1503 387 930 375 1190 0 0 0 0 0 0 0 
655 860 241 1049 1379 1101 610 0 0 0 0 0 0 0 0 
630 778 450 655 1101 1192 183 1049 1379 0 0 0 0 0 0 
1500 860 337 47 887 1443 443 1549 0 0 0 0 0 0 0 
670 47 1348 1190 711 963 957 783 0 0 0 0 0 0 0 
659 1192 495 533 362 1049 913 906 1573 387 313 387 0 0 0 
1371 1192 1543 37 1408 1192 108 1412 0 0 0 0 0 0 0 
819 1192 1460 47 354 416 0 0 0 0 0 0 0 0 0 
354 416 804 1049 1371 1379 1532 47 0 0 0 0 0 0 0 
1573 1549 919 976 1522 533 1035 1549 0 0 0 0 0 0 0 
624 444 993 778 721 1194 1190 533 1479 1355 0 0 0 0 0 
72 1080 1049 630 262 1418 444 1379 0 0 0 0 0 0 0 
1371 1192 1473 1192 688 1192 737 47 1374 0 0 0 0 0 0 
1577 962 802 1356 1192 75 1412 0 0 0 0 0 0 0 0 
1053 1192 1447 1412 205 276 66 0 0 0 0 0 0 0 0 
253 1412 906 1573 387 711 689 444 779 66 0 0 0 0 0 
272 1192 319 444 1511 778 0 0 0 0 0 0 0 0 0 
233 1192 1473 444 912 958 533 510 1549 0 0 0 0 0 0 
313 711 860 321 1412 421 1192 1049 1174 1192 0 0 0 0 0 
1577 962 387 711 1473 37 854 962 387 0 0 0 0 0 0 
276 1379 193 1049 783 389 0 0 0 0 0 0 0 0 0 
85 1192 1208 1192 689 444 1577 0 0 0 0 0 0 0 0 
1018 1049 962 36 619 47 1091 47 613 0 0 0 0 0 0 
1256 47 711 108 47 1160 816 0 0 0 0 0 0 0 0 
1256 1192 1418 47 533 64 1049 473 778 313 0 0 0 0 0 
149 47 1049 1315 387 1019 965 635 0 0 0 0 0 0 0 
503 47 1018 1412 962 47 1487 443 1549 0 0 0 0 0 0 
939 608 9 1192 1447 444 1410 906 1573 0 0 0 0 0 0 
996 1375 1192 1481 1412 1578 635 0 0 0 0 0 0 0 0 
508 47 367 1573 387 711 737 444 976 0 0 0 0 0 0 
1018 1192 1473 37 253 1192 1473 1325 778 0 0 0 0 0 0 
984 737 66 714 954 1357 778 0 0 0 0 0 0 0 0 
1374 387 313 387 1237 1412 450 47 1487 443 1549 0 0 0 0 
1496 47 0 0 0 0 0 0 0 0 0 0 0 0 0 
1475 906 1573 387 711 689 1049 1371 313 0 0 0 0 0 0 
1256 778 209 1412 227 769 1570 1473 0 0 0 0 0 0 0 
1256 778 99 533 392 875 49 906 0 0 0 0 0 0 0 
1427 1049 783 1355 714 9 1412 1576 47 0 0 0 0 0 0 
128 962 387 711 1473 1049 10 362 0 0 0 0 0 0 0 
1018 1192 1473 1049 1371 123 1355 0 0 0 0 0 0 0 0 
755 444 906 1573 387 313 387 880 871 816 0 0 0 0 0 
900 1192 1516 1192 853 778 0 0 0 0 0 0 0 0 0 
566 1478 19 47 1399 443 1549 0 0 0 0 0 0 0 0 
128 783 1355 714 462 1049 967 906 1573 0 0 0 0 0 0 
362 533 1434 298 489 1190 1278 204 0 0 0 0 0 0 0 
632 533 1335 546 788 962 0 0 0 0 0 0 0 0 0 
1476 1192 649 618 1215 962 0 0 0 0 0 0 0 0 0 
128 1286 1048 47 1551 1488 962 387 0 0 0 0 0 0 0 
1371 1192 1380 444 313 387 991 1412 1154 769 0 0 0 0 0 
1256 778 870 1192 1091 156 0 0 0 0 0 0 0 0 0 
1018 1412 962 387 711 689 444 668 569 0 0 0 0 0 0 
366 1049 1379 1161 1190 1047 0 0 0 0 0 0 0 0 0 
378 1192 419 300 1556 47 0 0 0 0 0 0 0 0 0 
49 533 317 444 1219 1365 1192 0 0 0 0 0 0 0 0 
1577 276 444 1410 906 1573 387 711 0 0 0 0 0 0 0 
146 533 855 1233 17 444 0 0 0 0 0 0 0 0 0 
1057 1192 1473 444 313 1549 47 1049 774 420 0 0 0 0 0 
1018 37 128 1412 906 1573 387 313 1355 0 0 0 0 0 0 
865 465 1392 653 444 783 387 313 387 0 0 0 0 0 0 
622 1192 1299 1220 47 1379 366 1049 0 0 0 0 0 0 0 
1220 47 1379 366 1049 1379 31 0 0 0 0 0 0 0 0 
1241 715 1080 1044 778 1529 0 0 0 0 0 0 0 0 0 
1256 1192 1418 47 528 444 409 737 0 0 0 0 0 0 0 
366 1412 686 1286 1190 1577 0 0 0 0 0 0 0 0 0 
1256 778 1491 375 444 582 443 0 0 0 0 0 0 0 0 
1577 1286 1575 778 1336 387 0 0 0 0 0 0 0 0 0 
1577 962 387 711 1473 444 779 66 0 0 0 0 0 0 0 
528 47 1049 1087 387 78 582 443 0 0 0 0 0 0 0 
1286 1473 1049 10 915 1286 1572 778 0 0 0 0 0 0 0 
171 533 722 1080 1192 104 0 0 0 0 0 0 0 0 0 
1435 37 1256 1155 47 389 1325 0 0 0 0 0 0 0 0 
6 15 1589 778 704 444 216 387 782 387 0 0 0 0 0 
1105 1190 681 1277 685 533 1486 66 396 0 0 0 0 0 0 
253 1325 202 1136 1392 1571 1192 0 0 0 0 0 0 0 0 
1561 47 1607 1190 209 1190 916 778 0 0 0 0 0 0 0 
1371 1192 1473 444 254 1256 778 0 0 0 0 0 0 0 0 
1633 1192 132 1031 248 368 1549 0 0 0 0 0 0 0 0 
1469 444 1478 860 1112 1052 1192 0 0 0 0 0 0 0 0 
1445 47 255 47 1418 444 1379 497 1277 0 0 0 0 0 0 
572 1049 1379 146 47 820 66 0 0 0 0 0 0 0 0 
1057 1192 1473 444 898 1080 1488 962 387 0 0 0 0 0 0 
1371 1192 707 1192 637 444 0 0 0 0 0 0 0 0 0 
1577 1286 47 1049 1478 1190 1479 1355 0 0 0 0 0 0 0 
1577 962 387 711 1473 444 308 1549 0 0 0 0 0 0 0 
510 387 58 1549 714 1190 837 1345 962 0 0 0 0 0 0 
1577 962 387 711 1473 1049 1371 313 0 0 0 0 0 0 0 
1256 444 628 976 860 1340 0 0 0 0 0 0 0 0 0 
1256 1049 1379 663 37 1231 0 0 0 0 0 0 0 0 0 
540 1049 68 1042 1278 763 860 0 0 0 0 0 0 0 0 
366 1192 1362 533 485 1046 443 0 0 0 0 0 0 0 0 
654 1080 782 802 962 387 711 1473 1049 711 0 0 0 0 0 
468 387 533 552 778 1635 1573 387 313 1355 0 0 0 0 0 
1629 962 1549 586 778 672 1336 387 0 0 0 0 0 0 0 
1577 962 387 711 341 444 668 569 0 0 0 0 0 0 0 
1173 753 1277 976 860 687 1412 1353 387 1487 0 0 0 0 0 
1018 1412 962 387 711 1473 444 668 569 0 0 0 0 0 0 
1576 1192 1025 1080 1049 137 0 0 0 0 0 0 0 0 0 
1256 444 125 387 262 580 0 0 0 0 0 0 0 0 0 
857 47 14 1549 1048 47 1200 47 0 0 0 0 0 0 0 
884 1573 1549 615 727 1392 1256 778 0 0 0 0 0 0 0 
85 1192 893 798 444 177 387 0 0 0 0 0 0 0 0 
1452 778 14 1549 53 47 1490 0 0 0 0 0 0 0 0 
600 613 47 976 860 554 0 0 0 0 0 0 0 0 0 
1476 1192 845 103 1270 0 0 0 0 0 0 0 0 0 0 
313 387 349 960 1049 107 373 778 387 0 0 0 0 0 0 
653 1049 1379 389 1049 1379 778 1548 47 0 0 0 0 0 0 
1057 1192 1208 1192 689 444 589 778 0 0 0 0 0 0 0 
1577 962 387 711 689 1049 779 66 0 0 0 0 0 0 0 
1476 1192 18 1412 599 962 387 284 0 0 0 0 0 0 0 
1427 1049 783 528 47 1049 409 860 0 0 0 0 0 0 0 
1220 47 744 1418 444 1379 1146 0 0 0 0 0 0 0 0 
1018 1412 962 387 711 1473 1049 779 66 0 0 0 0 0 0 
1575 444 10 62 47 367 1573 387 0 0 0 0 0 0 0 
267 387 608 253 1286 47 533 376 0 0 0 0 0 0 0 
1137 47 1399 1355 880 1500 860 0 0 0 0 0 0 0 0 
1500 860 532 1190 1450 13 1325 0 0 0 0 0 0 0 0 
1427 444 1005 253 47 1487 443 1549 0 0 0 0 0 0 0 
529 1192 54 388 533 880 814 0 0 0 0 0 0 0 0 
1312 1049 976 1013 848 701 66 0 0 0 0 0 0 0 0 
1577 962 387 711 1473 37 1599 0 0 0 0 0 0 0 0 
573 47 1616 416 1190 1479 1355 0 0 0 0 0 0 0 0 
1051 47 779 1392 1418 1049 1379 1418 1192 0 0 0 0 0 0 
1256 444 908 1190 290 47 408 387 313 0 0 0 0 0 0 
366 444 1379 255 47 1049 884 1573 387 0 0 0 0 0 0 
128 962 387 711 1473 1049 779 66 0 0 0 0 0 0 0 
1286 689 444 10 688 1192 737 47 1374 0 0 0 0 0 0 
128 962 802 608 335 962 802 783 0 0 0 0 0 0 0 
1558 1192 35 47 135 1286 0 0 0 0 0 0 0 0 0 
1500 860 898 709 498 962 0 0 0 0 0 0 0 0 0 
1189 47 96 1443 1570 689 444 779 66 0 0 0 0 0 0 
640 444 1371 783 387 288 557 0 0 0 0 0 0 0 0 
839 778 1192 13 1562 444 154 906 1573 0 0 0 0 0 0 
366 444 125 387 468 387 253 962 387 0 0 0 0 0 0 
1256 444 1203 962 802 962 387 313 1355 0 0 0 0 0 0 
1245 1049 1363 387 485 1540 860 0 0 0 0 0 0 0 0 
1404 37 1508 585 420 1336 387 0 0 0 0 0 0 0 0 
1577 962 802 528 1049 125 802 778 0 0 0 0 0 0 0 
913 906 1573 1355 444 1173 1049 796 1048 47 0 0 0 0 0 
865 653 1049 1145 125 1549 860 0 0 0 0 0 0 0 0 
653 1325 1049 1379 1161 1190 962 1549 1278 0 0 0 0 0 0 
1018 1192 1473 37 253 906 696 689 444 0 0 0 0 0 0 
253 962 387 465 1392 653 778 1427 962 0 0 0 0 0 0 
475 794 1049 1379 338 1392 1146 816 0 0 0 0 0 0 0 
253 1286 1473 37 1018 1286 1473 778 0 0 0 0 0 0 0 
961 962 387 584 1042 1286 794 47 0 0 0 0 0 0 0 
1416 37 1126 1325 1192 1385 1190 0 0 0 0 0 0 0 0 
112 1412 1280 1286 1190 1140 56 1190 0 0 0 0 0 0 0 
112 1049 976 962 1204 1049 779 860 0 0 0 0 0 0 0 
587 444 976 860 1519 131 635 0 0 0 0 0 0 0 0 
962 443 1549 444 997 1031 737 1049 1379 0 0 0 0 0 0 
962 1611 387 1049 1406 444 874 443 1549 0 0 0 0 0 0 
1404 533 155 37 1193 1276 0 0 0 0 0 0 0 0 0 
1379 1355 444 256 1514 1192 112 533 0 0 0 0 0 0 0 
256 1412 1603 75 962 678 879 0 0 0 0 0 0 0 0 
1346 387 782 387 1263 1412 1448 387 1271 387 711 0 0 0 0 
450 387 1271 387 215 794 444 1503 443 1549 0 0 0 0 0 
1065 794 1412 1223 962 1355 1446 1049 0 0 0 0 0 0 0 
112 1049 1148 962 1301 880 1500 860 0 0 0 0 0 0 0 
1524 860 145 1412 502 796 1190 377 66 0 0 0 0 0 0 
1041 1412 1346 387 1348 1192 444 1272 66 0 0 0 0 0 0 
547 1080 596 1549 1123 1412 1472 151 0 0 0 0 0 0 0 
1115 1412 93 635 444 783 443 1549 0 0 0 0 0 0 0 
999 1192 1049 293 983 950 179 306 0 0 0 0 0 0 0 
670 533 496 47 190 784 860 0 0 0 0 0 0 0 0 
677 444 1379 1371 1192 1111 444 0 0 0 0 0 0 0 0 
1371 1192 1058 41 444 1119 387 313 387 0 0 0 0 0 0 
1119 387 313 387 13 949 1412 1346 387 1348 0 0 0 0 0 
640 1190 1065 1190 417 1309 0 0 0 0 0 0 0 0 0 
649 444 634 1049 125 387 92 1192 41 0 0 0 0 0 0 
457 1049 962 387 665 37 980 444 0 0 0 0 0 0 0 
537 1080 1183 1190 933 778 1487 443 1549 0 0 0 0 0 0 
1573 387 662 73 1392 1528 66 0 0 0 0 0 0 0 0 
1371 1192 1068 444 880 871 816 0 0 0 0 0 0 0 0 
1223 1192 737 778 615 47 1303 387 313 0 0 0 0 0 0 
1017 1192 444 1363 1476 1192 715 0 0 0 0 0 0 0 0 
1476 1192 715 1080 1245 962 0 0 0 0 0 0 0 0 0 
143 1156 1192 543 387 700 0 0 0 0 0 0 0 0 0 
835 533 1146 444 1491 1190 1479 1355 0 0 0 0 0 0 0 
1442 444 1408 778 578 444 524 443 0 0 0 0 0 0 0 
936 1392 1068 444 1119 387 511 66 0 0 0 0 0 0 0 
466 1192 1507 1080 111 47 1598 635 1049 0 0 0 0 0 0 
1498 1392 41 444 871 47 436 1443 387 0 0 0 0 0 0 
112 1412 612 1190 1478 1190 1479 443 0 0 0 0 0 0 0 
627 533 1611 209 929 1478 737 56 0 0 0 0 0 0 0 
943 860 563 47 1399 615 0 0 0 0 0 0 0 0 0 
194 1192 1244 1049 1379 209 0 0 0 0 0 0 0 0 0 
392 1488 1286 1190 1491 1277 1190 1479 1355 0 0 0 0 0 0 
1479 1355 659 1565 1192 1542 0 0 0 0 0 0 0 0 0 
76 533 672 267 387 1340 0 0 0 0 0 0 0 0 0 
826 1412 519 387 275 1412 754 0 0 0 0 0 0 0 0 
976 737 1412 1403 1286 946 470 47 0 0 0 0 0 0 0 
470 47 1065 1192 444 1491 1190 1479 1355 0 0 0 0 0 0 
549 778 279 778 1449 1412 0 0 0 0 0 0 0 0 0 
328 1042 1183 291 778 1488 783 0 0 0 0 0 0 0 0 
41 1192 1466 372 533 217 511 1392 306 0 0 0 0 0 0 
1125 1049 136 387 423 1478 701 0 0 0 0 0 0 0 0 
1061 1374 387 28 1392 1469 47 0 0 0 0 0 0 0 0 
480 1049 1002 1049 1371 154 962 387 0 0 0 0 0 0 0 
1371 1192 451 47 1049 774 420 0 0 0 0 0 0 0 0 
602 635 444 783 796 631 623 1549 0 0 0 0 0 0 0 
76 533 1244 37 1542 0 0 0 0 0 0 0 0 0 0 
1542 847 780 1073 1325 0 0 0 0 0 0 0 0 0 0 
1498 1392 41 444 85 1119 387 1527 0 0 0 0 0 0 0 
510 1549 372 533 1068 444 1119 387 179 0 0 0 0 0 0 
1256 533 266 444 880 1500 860 0 0 0 0 0 0 0 0 
863 1192 209 533 974 962 387 313 443 0 0 0 0 0 0 
1446 1049 1395 387 986 322 44 1354 778 0 0 0 0 0 0 
112 1192 1280 966 1049 1289 860 0 0 0 0 0 0 0 0 
112 1412 887 387 1193 1190 1602 801 0 0 0 0 0 0 0 
1245 1049 1363 387 1488 962 36 66 0 0 0 0 0 0 0 
200 444 1379 1355 444 992 112 1412 0 0 0 0 0 0 0 
1379 1355 444 992 112 1412 1346 387 1348 0 0 0 0 0 0 
1626 47 976 860 1131 444 499 66 0 0 0 0 0 0 0 
481 533 1083 1392 860 71 1192 0 0 0 0 0 0 0 0 
1626 47 976 860 1131 1049 566 0 0 0 0 0 0 0 0 
20 785 1192 262 1256 778 0 0 0 0 0 0 0 0 0 
1256 1049 1581 906 1573 387 313 1355 0 0 0 0 0 0 0 
835 1192 1589 778 504 355 443 1549 0 0 0 0 0 0 0 
796 1190 1487 647 737 778 533 1379 1355 444 0 0 0 0 0 
1626 47 976 1256 778 253 1572 0 0 0 0 0 0 0 0 
1499 387 1049 511 778 659 533 1542 0 0 0 0 0 0 0 
978 1412 1371 695 769 479 533 0 0 0 0 0 0 0 0 
520 1080 744 30 1042 984 0 0 0 0 0 0 0 0 0 
1552 47 533 775 47 608 822 962 443 0 0 0 0 0 0 
156 783 387 31 1392 1508 47 0 0 0 0 0 0 0 0 
942 1412 1346 387 608 116 962 416 1176 0 0 0 0 0 0 
607 714 880 1500 684 47 1498 1392 0 0 0 0 0 0 0 
942 1412 1346 387 510 387 1049 131 737 0 0 0 0 0 0 
1034 47 263 880 511 816 0 0 0 0 0 0 0 0 0 
1169 1253 185 1573 387 1515 387 533 303 1493 0 0 0 0 0 
1251 1192 1473 444 1339 1065 787 0 0 0 0 0 0 0 0 
436 387 976 41 1192 1378 444 1266 860 0 0 0 0 0 0 
112 1412 629 678 1190 1479 1355 0 0 0 0 0 0 0 0 
898 713 988 387 1602 778 608 942 1412 0 0 0 0 0 0 
962 387 313 802 1183 1049 1621 1474 711 619 1392 0 0 0 0 
942 1412 1271 387 1019 1181 443 0 0 0 0 0 0 0 0 
906 1573 387 711 552 1049 10 1515 1443 443 0 0 0 0 0 
457 37 1010 1325 1049 913 906 0 0 0 0 0 0 0 0 
1404 533 229 387 711 860 1404 444 0 0 0 0 0 0 0 
1132 1049 1534 558 1190 199 860 0 0 0 0 0 0 0 0 
1469 444 1363 387 144 37 906 696 737 1392 0 0 0 0 0 
1508 47 1007 1190 10 1192 667 0 0 0 0 0 0 0 0 
1126 37 1096 1512 907 0 0 0 0 0 0 0 0 0 0 
1291 1192 30 533 718 444 1305 778 0 0 0 0 0 0 0 
1010 444 1552 1192 737 778 913 906 0 0 0 0 0 0 0 
1158 1535 1192 718 444 944 0 0 0 0 0 0 0 0 0 
1184 231 224 47 988 387 658 66 0 0 0 0 0 0 0 
1256 533 925 47 871 66 0 0 0 0 0 0 0 0 0 
1454 533 544 696 1190 1479 1355 0 0 0 0 0 0 0 0 
198 1473 723 796 1473 920 778 0 0 0 0 0 0 0 0 
1500 860 128 47 1049 1399 1355 962 0 0 0 0 0 0 0 
235 533 738 1278 1412 608 118 962 0 0 0 0 0 0 0 
219 37 1244 1049 1379 209 0 0 0 0 0 0 0 0 0 
77 906 1573 387 711 860 692 66 0 0 0 0 0 0 0 
92 285 47 1065 1192 444 1478 1190 1479 443 0 0 0 0 0 
1367 1080 501 906 1573 387 464 962 0 0 0 0 0 0 0 
76 1412 747 1190 880 814 0 0 0 0 0 0 0 0 0 
601 1392 1385 444 313 387 1494 796 962 0 0 0 0 0 0 
266 1325 1579 234 906 696 737 0 0 0 0 0 0 0 0 
112 778 1256 1155 1412 190 962 387 0 0 0 0 0 0 0 
1280 778 193 444 1540 860 0 0 0 0 0 0 0 0 0 
76 47 953 444 1379 630 0 0 0 0 0 0 0 0 0 
481 47 1007 1190 1589 1192 1464 444 0 0 0 0 0 0 0 
300 47 642 37 793 0 0 0 0 0 0 0 0 0 0 
913 906 1573 387 640 1190 135 962 387 0 0 0 0 0 0 
913 906 1573 387 313 387 321 1412 449 47 0 0 0 0 0 
3 906 696 1542 847 1493 0 0 0 0 0 0 0 0 0 
984 1256 1233 1528 66 0 0 0 0 0 0 0 0 0 0 
1508 1192 1599 47 533 376 0 0 0 0 0 0 0 0 0 
572 1049 976 860 1500 76 1412 0 0 0 0 0 0 0 0 
1500 860 193 1049 1478 66 396 0 0 0 0 0 0 0 0 
629 1049 694 1392 860 608 942 1190 0 0 0 0 0 0 0 
942 1190 605 1412 948 778 0 0 0 0 0 0 0 0 0 
294 444 1058 372 47 1399 443 1549 0 0 0 0 0 0 0 
864 635 1412 1195 225 444 524 443 0 0 0 0 0 0 0 
824 778 533 1263 1412 425 387 1599 0 0 0 0 0 0 0 
1599 962 387 711 689 1049 23 1573 443 0 0 0 0 0 0 
276 47 533 1402 1049 1379 443 1549 0 0 0 0 0 0 0 
942 1412 131 47 1049 1478 737 444 1379 0 0 0 0 0 0 
835 778 359 387 1602 778 296 1252 0 0 0 0 0 0 0 
296 47 1049 1478 831 56 1190 1479 1355 0 0 0 0 0 0 
1028 1316 313 1408 381 478 444 0 0 0 0 0 0 0 0 
1334 444 1379 76 444 1500 860 0 0 0 0 0 0 0 0 
606 1192 996 388 47 1487 443 1549 0 0 0 0 0 0 0 
112 1412 1280 1286 1190 1140 66 0 0 0 0 0 0 0 0 
538 47 193 444 984 0 0 0 0 0 0 0 0 0 0 
776 1374 416 153 664 0 0 0 0 0 0 0 0 0 0 
1132 1192 1359 1192 1201 501 1192 0 0 0 0 0 0 0 0 
1256 533 672 871 47 1410 906 1573 0 0 0 0 0 0 0 
1034 47 263 880 31 816 0 0 0 0 0 0 0 0 0 
531 1192 388 533 704 1192 542 778 1529 557 47 0 0 0 0 
1348 145 47 1049 742 420 990 231 1230 0 0 0 0 0 0 
1384 47 993 37 719 1192 1132 444 0 0 0 0 0 0 0 
942 1412 1346 387 485 965 635 0 0 0 0 0 0 0 0 
112 444 976 860 1488 962 387 313 1355 0 0 0 0 0 0 
384 1192 1068 778 880 871 66 0 0 0 0 0 0 0 0 
541 444 511 47 755 906 1573 387 313 387 0 0 0 0 0 
520 455 215 635 444 1503 443 1549 0 0 0 0 0 0 0 
1476 1192 845 1080 1210 0 0 0 0 0 0 0 0 0 0 
737 1097 906 1573 387 711 689 444 779 66 0 0 0 0 0 
763 860 69 879 47 636 212 0 0 0 0 0 0 0 0 
660 47 758 1042 47 1049 541 444 0 0 0 0 0 0 0 
681 103 533 835 444 331 1065 635 1412 0 0 0 0 0 0 
835 444 331 1065 635 1412 608 118 962 0 0 0 0 0 0 
614 387 814 66 1295 47 1173 0 0 0 0 0 0 0 0 
1557 1392 613 1392 860 1478 498 47 0 0 0 0 0 0 0 
459 1192 646 533 652 962 0 0 0 0 0 0 0 0 0 
640 1190 1038 450 47 1487 443 1549 0 0 0 0 0 0 0 
630 1042 510 802 880 548 778 0 0 0 0 0 0 0 0 
334 1139 1412 450 47 510 387 782 1549 0 0 0 0 0 0 
1256 1412 253 1286 1192 1049 1478 1360 1190 0 0 0 0 0 0 
1385 1192 737 1190 115 1086 47 0 0 0 0 0 0 0 0 
1372 231 1487 40 1155 1192 7 778 0 0 0 0 0 0 0 
1385 1192 1613 47 510 802 962 387 313 1355 0 0 0 0 0 
1386 1392 1256 1155 1412 793 0 0 0 0 0 0 0 0 0 
1384 37 1166 1484 1325 1412 253 1286 0 0 0 0 0 0 0 
315 47 1359 1192 41 444 1466 831 0 0 0 0 0 0 0 
1596 778 533 510 1549 794 329 179 306 0 0 0 0 0 0 
1522 1192 1618 444 1526 734 0 0 0 0 0 0 0 0 0 
398 1190 1192 448 778 168 0 0 0 0 0 0 0 0 0 
10 1434 1423 1049 1188 962 0 0 0 0 0 0 0 0 0 
1524 388 533 815 829 151 0 0 0 0 0 0 0 0 0 
784 860 1084 1192 175 1049 1206 735 1392 0 0 0 0 0 0 
651 47 616 802 962 387 889 0 0 0 0 0 0 0 0 
771 1042 1351 635 1611 582 443 0 0 0 0 0 0 0 0 
984 850 37 183 1325 1049 0 0 0 0 0 0 0 0 0 
1404 1192 1077 816 1549 444 245 0 0 0 0 0 0 0 0 
1522 444 34 1630 906 1573 387 443 0 0 0 0 0 0 0 
942 37 995 1325 1192 899 47 0 0 0 0 0 0 0 0 
1288 778 415 1110 778 1319 962 0 0 0 0 0 0 0 0 
86 962 387 656 1374 387 443 0 0 0 0 0 0 0 0 
849 387 711 856 618 533 1429 962 0 0 0 0 0 0 0 
325 1049 1379 1483 37 230 444 0 0 0 0 0 0 0 0 
1060 1192 1453 778 62 444 1389 0 0 0 0 0 0 0 0 
182 778 450 36 1277 1392 1190 1479 443 0 0 0 0 0 0 
33 778 345 533 1420 905 796 0 0 0 0 0 0 0 0 
241 444 1401 387 392 450 387 74 66 0 0 0 0 0 0 
421 635 444 783 1376 47 711 101 0 0 0 0 0 0 0 
1376 47 711 101 47 1049 25 962 0 0 0 0 0 0 0 
307 1192 1077 1192 1048 47 510 387 1355 0 0 0 0 0 0 
72 1080 1192 702 1183 444 1379 190 0 0 0 0 0 0 0 
1282 444 356 1549 635 533 543 1443 0 0 0 0 0 0 0 
1469 1049 1363 100 47 533 1498 1392 0 0 0 0 0 0 0 
337 47 887 1573 387 880 1140 66 0 0 0 0 0 0 0 
1580 778 421 1596 533 880 1329 387 0 0 0 0 0 0 0 
113 1392 307 1037 47 1374 387 711 0 0 0 0 0 0 0 
1580 778 421 1596 533 880 241 444 0 0 0 0 0 0 0 
932 1192 861 902 1192 412 0 0 0 0 0 0 0 0 0 
307 47 283 518 1049 1366 1192 0 0 0 0 0 0 0 0 
1165 47 574 1049 1428 0 0 0 0 0 0 0 0 0 0 
247 1192 1183 444 867 1140 983 0 0 0 0 0 0 0 0 
67 1192 1032 444 493 977 296 635 0 0 0 0 0 0 0 
94 47 803 977 804 1042 812 962 0 0 0 0 0 0 0 
1443 362 1192 1077 1412 383 47 1487 443 1549 0 0 0 0 0 
660 444 223 1082 962 387 483 0 0 0 0 0 0 0 0 
1118 1013 47 512 47 1487 443 1549 0 0 0 0 0 0 0 
59 1192 1183 1317 533 720 1392 593 0 0 0 0 0 0 0 
1522 1192 539 533 1287 307 1412 0 0 0 0 0 0 0 0 
1637 1216 1412 747 1322 1412 450 802 962 387 0 0 0 0 0 
804 778 1049 450 36 66 860 889 0 0 0 0 0 0 0 
1254 37 16 1192 428 0 0 0 0 0 0 0 0 0 0 
1208 1572 125 387 1258 1537 0 0 0 0 0 0 0 0 0 
300 778 457 1512 1049 913 906 0 0 0 0 0 0 0 0 
357 1192 533 903 962 387 313 387 821 1549 0 0 0 0 0 
703 962 387 1118 635 444 1503 443 1549 0 0 0 0 0 0 
1407 778 1596 1366 159 1192 0 0 0 0 0 0 0 0 0 
241 444 1379 704 1192 388 455 1606 444 976 0 0 0 0 0 
375 1412 336 737 1190 1479 443 0 0 0 0 0 0 0 0 
393 47 1049 448 1190 1282 444 0 0 0 0 0 0 0 0 
1366 533 241 444 1379 1548 962 0 0 0 0 0 0 0 0 
1368 737 444 201 1392 860 665 1412 0 0 0 0 0 0 0 
1477 1192 1306 47 127 444 878 387 0 0 0 0 0 0 0 
1065 1572 1049 215 635 444 783 443 1549 0 0 0 0 0 0 
1598 1048 1192 505 424 444 1551 1202 1611 0 0 0 0 0 0 
696 689 533 72 300 778 278 37 0 0 0 0 0 0 0 
1235 66 393 37 1596 1366 1192 0 0 0 0 0 0 0 0 
1366 533 241 1049 1379 1282 962 0 0 0 0 0 0 0 0 
138 1412 1207 387 120 387 313 0 0 0 0 0 0 0 0 
1365 1192 1077 1412 1580 778 421 635 444 0 0 0 0 0 0 
375 1412 160 635 444 1503 443 1549 0 0 0 0 0 0 0 
1573 399 1049 499 860 392 912 958 450 47 0 0 0 0 0 
499 860 392 912 958 450 47 510 387 1515 387 0 0 0 0 
1476 47 1327 416 912 958 533 1035 387 0 0 0 0 0 0 
159 1049 1328 1049 1188 962 0 0 0 0 0 0 0 0 0 
1513 778 1242 790 47 1171 443 0 0 0 0 0 0 0 0 
1472 151 1366 1503 387 1309 0 0 0 0 0 0 0 0 0 
1006 47 994 533 841 1065 635 444 0 0 0 0 0 0 0 
1536 444 941 387 711 860 43 47 0 0 0 0 0 0 0 
186 778 964 1412 1043 387 711 0 0 0 0 0 0 0 0 
457 1049 10 433 1573 387 313 1355 0 0 0 0 0 0 0 
1209 444 145 47 1007 689 533 540 444 0 0 0 0 0 0 
274 455 1330 56 962 1476 444 0 0 0 0 0 0 0 0 
1631 1180 1438 1192 804 533 729 0 0 0 0 0 0 0 0 
734 910 778 1596 1366 962 0 0 0 0 0 0 0 0 0 
457 1192 448 533 595 66 0 0 0 0 0 0 0 0 0 
411 1412 626 1549 860 510 387 0 0 0 0 0 0 0 0 
909 1192 1045 1136 1392 843 1190 0 0 0 0 0 0 0 0 
1382 1325 1596 1486 47 533 1346 387 921 0 0 0 0 0 0 
737 1392 860 251 47 1531 1412 445 1355 0 0 0 0 0 0 
1006 906 696 1190 1262 444 1598 1493 1612 0 0 0 0 0 0 
1366 533 1078 444 1379 880 0 0 0 0 0 0 0 0 0 
142 1412 1066 406 977 1330 0 0 0 0 0 0 0 0 0 
1065 1572 778 672 1411 444 284 443 0 0 0 0 0 0 0 
540 47 1619 1050 368 1549 1190 1479 443 0 0 0 0 0 0 
897 1192 770 47 440 962 387 782 443 0 0 0 0 0 0 
1208 1572 125 387 710 1537 0 0 0 0 0 0 0 0 0 
1440 444 350 977 1109 169 1190 0 0 0 0 0 0 0 0 
530 1412 152 1549 635 444 1379 1355 444 0 0 0 0 0 0 
868 1192 1574 47 609 387 82 0 0 0 0 0 0 0 0 
280 860 1322 37 1183 778 643 1473 444 0 0 0 0 0 0 
643 1473 444 10 1077 37 428 0 0 0 0 0 0 0 0 
828 1049 1289 689 56 1190 1479 1355 0 0 0 0 0 0 0 
428 530 875 778 1488 962 1549 0 0 0 0 0 0 0 0 
1476 1192 708 1080 504 1564 1570 0 0 0 0 0 0 0 0 
421 635 444 783 673 1512 1294 47 0 0 0 0 0 0 0 
611 533 1120 387 48 962 668 796 0 0 0 0 0 0 0 
307 1192 1178 586 1412 421 635 444 0 0 0 0 0 0 0 
1011 47 1533 962 802 1286 635 1049 0 0 0 0 0 0 0 
411 1192 1378 1049 846 47 830 387 313 0 0 0 0 0 0 
942 37 959 1325 1412 1157 962 0 0 0 0 0 0 0 0 
404 455 215 635 444 783 443 1549 0 0 0 0 0 0 0 
310 1412 962 802 1234 1412 1271 802 962 0 0 0 0 0 0 
540 1192 72 533 468 387 358 0 0 0 0 0 0 0 0 
894 1412 1593 638 47 1188 906 0 0 0 0 0 0 0 0 
552 875 1350 1192 1037 1392 860 0 0 0 0 0 0 0 0 
1578 860 1183 444 1491 983 950 179 306 0 0 0 0 0 0 
682 387 1078 444 125 387 683 1192 0 0 0 0 0 0 0 
1476 1192 1596 820 533 595 1392 1190 0 0 0 0 0 0 0 
386 533 1285 444 332 387 1527 0 0 0 0 0 0 0 0 
1025 778 1353 387 1163 1192 444 1272 66 0 0 0 0 0 0 
19 1192 737 1192 324 47 1399 443 1549 0 0 0 0 0 0 
1575 47 367 1573 387 711 1522 778 0 0 0 0 0 0 0 
1469 1190 681 1277 221 444 672 1486 0 0 0 0 0 0 0 
1593 1080 1208 307 1037 1392 860 0 0 0 0 0 0 0 0 
1525 1277 1199 1192 630 778 1346 387 598 0 0 0 0 0 0 
1006 47 1065 860 880 1174 47 0 0 0 0 0 0 0 0 
270 977 442 769 796 737 56 1190 1479 1355 0 0 0 0 0 
573 533 10 1192 1473 778 300 444 0 0 0 0 0 0 0 
918 533 1314 902 47 125 0 0 0 0 0 0 0 0 0 
1286 635 444 783 420 546 1074 66 0 0 0 0 0 0 0 
302 1042 1569 387 711 1235 66 0 0 0 0 0 0 0 0 
624 444 973 1573 387 1628 444 0 0 0 0 0 0 0 0 
1130 37 1338 1192 428 0 0 0 0 0 0 0 0 0 0 
540 1192 72 1042 504 1504 1355 0 0 0 0 0 0 0 0 
1472 151 215 635 444 783 1486 1392 0 0 0 0 0 0 0 
1297 778 657 635 1412 608 118 962 0 0 0 0 0 0 0 
466 444 1611 670 533 704 368 1549 0 0 0 0 0 0 0 
196 1192 644 47 533 268 713 591 0 0 0 0 0 0 0 
185 796 1190 1246 787 444 987 387 0 0 0 0 0 0 0 
540 1192 72 1080 504 1578 860 0 0 0 0 0 0 0 0 
913 906 1573 387 313 387 880 1500 66 0 0 0 0 0 0 
411 444 180 1310 962 1549 635 1412 0 0 0 0 0 0 0 
1308 1049 1623 1049 1398 444 27 1572 0 0 0 0 0 0 0 
229 387 711 1183 444 643 1042 545 0 0 0 0 0 0 0 
310 37 1328 37 1471 0 0 0 0 0 0 0 0 0 0 
239 778 533 313 443 1549 444 1532 726 635 0 0 0 0 0 
457 37 393 47 1488 906 1573 1355 444 0 0 0 0 0 0 
913 1192 372 533 1258 889 0 0 0 0 0 0 0 0 0 
214 16 1192 428 0 0 0 0 0 0 0 0 0 0 0 
300 47 125 1549 608 287 444 987 387 0 0 0 0 0 0 
540 1192 72 1080 533 1044 358 0 0 0 0 0 0 0 0 
1057 778 483 1192 533 1309 0 0 0 0 0 0 0 0 0 
1426 1325 125 387 1077 444 796 388 778 1049 0 0 0 0 0 
457 37 428 455 1396 1573 387 0 0 0 0 0 0 0 0 
457 444 471 977 1152 1183 444 1379 0 0 0 0 0 0 0 
450 387 1515 668 1399 914 231 1487 443 1549 0 0 0 0 0 
505 387 1080 358 365 124 796 0 0 0 0 0 0 0 0 
1498 1392 414 444 45 1573 0 0 0 0 0 0 0 0 0 
1483 1049 24 387 976 860 1173 1049 1026 0 0 0 0 0 0 
457 37 414 444 433 1573 0 0 0 0 0 0 0 0 0 
457 1049 170 433 1573 387 313 1355 0 0 0 0 0 0 0 
540 37 1183 1192 1488 1412 1052 962 0 0 0 0 0 0 0 
1476 47 782 416 1584 185 396 977 1190 0 0 0 0 0 0 
411 444 1069 1310 962 1549 635 1412 0 0 0 0 0 0 0 
1476 1190 517 977 825 1235 66 0 0 0 0 0 0 0 0 
170 1379 913 1048 47 533 1336 387 0 0 0 0 0 0 0 
523 1412 906 1573 416 1491 1190 1479 1355 0 0 0 0 0 0 
1363 175 1412 1506 635 1611 184 47 0 0 0 0 0 0 0 
1506 635 1611 184 47 1480 962 0 0 0 0 0 0 0 0 
1072 533 417 47 1419 47 1399 443 1549 0 0 0 0 0 0 
344 1192 659 47 705 535 1412 301 1286 0 0 0 0 0 0 
1436 1412 1437 1412 1271 151 0 0 0 0 0 0 0 0 0 
1552 47 533 1492 1080 1183 778 1487 0 0 0 0 0 0 0 
172 976 561 66 860 912 958 533 1190 0 0 0 0 0 0 
1430 1192 1437 1049 83 1549 0 0 0 0 0 0 0 0 0 
1436 1412 1504 151 608 287 1113 0 0 0 0 0 0 0 0 
661 1443 1549 1568 778 220 444 1070 387 711 0 0 0 0 0 
434 1192 565 1412 1232 1192 989 47 0 0 0 0 0 0 0 
176 1192 22 1392 860 353 47 0 0 0 0 0 0 0 0 
898 713 1480 1088 95 621 778 0 0 0 0 0 0 0 0 
1436 1412 242 1190 136 387 782 1549 0 0 0 0 0 0 0 
1090 533 511 47 1410 906 1573 387 313 387 0 0 0 0 0 
374 444 1609 101 1192 902 1412 413 902 0 0 0 0 0 0 
762 1042 1192 806 1049 145 47 1007 287 444 0 0 0 0 0 
806 1049 145 47 1007 287 444 308 1549 0 0 0 0 0 0 
1404 47 510 387 1515 678 1190 1479 1355 0 0 0 0 0 0 
1327 387 924 1475 455 1190 252 416 0 0 0 0 0 0 0 
1167 1192 1143 444 711 561 66 0 0 0 0 0 0 0 0 
737 1392 860 1478 1001 1190 1399 443 1549 0 0 0 0 0 0 
1482 444 783 387 402 1480 1412 0 0 0 0 0 0 0 0 
379 444 334 860 760 1392 0 0 0 0 0 0 0 0 0 
1095 47 1103 1049 125 387 178 1192 0 0 0 0 0 0 0 
178 1192 372 533 811 1412 1346 387 510 0 0 0 0 0 0 
1521 1192 1475 347 765 444 0 0 0 0 0 0 0 0 0 
1452 778 14 1549 1233 1473 1049 1417 0 0 0 0 0 0 0 
1059 906 1573 836 1192 1291 47 394 1549 0 0 0 0 0 0 
1615 208 1412 516 1082 962 387 561 1190 962 0 0 0 0 0 
724 1192 1437 1049 1290 0 0 0 0 0 0 0 0 0 0 
724 1192 1437 1412 1247 778 0 0 0 0 0 0 0 0 0 
911 1412 264 1572 778 500 0 0 0 0 0 0 0 0 0 
637 1192 1511 798 444 308 1549 0 0 0 0 0 0 0 0 
289 1049 769 420 1168 47 1249 696 619 47 0 0 0 0 0 
1090 533 267 485 450 387 364 0 0 0 0 0 0 0 0 
1029 1549 1056 1080 645 962 0 0 0 0 0 0 0 0 0 
1555 608 287 1049 1371 1379 268 0 0 0 0 0 0 0 0 
481 1412 1153 387 1080 510 387 0 0 0 0 0 0 0 0 
1264 778 1192 319 444 1164 387 711 0 0 0 0 0 0 0 
724 1192 1437 1412 1271 1504 0 0 0 0 0 0 0 0 0 
390 1380 1192 917 1412 1353 387 1271 443 1549 0 0 0 0 0 
178 444 391 778 880 511 816 0 0 0 0 0 0 0 0 
760 778 1168 1325 47 533 442 769 796 0 0 0 0 0 0 
510 387 730 858 533 976 1277 1190 1479 1355 0 0 0 0 0 
1436 1192 174 979 1412 969 187 0 0 0 0 0 0 0 0 
1405 1286 1192 1049 1491 1190 1479 1355 0 0 0 0 0 0 0 
1475 906 696 1192 444 54 1190 437 1355 0 0 0 0 0 0 
537 1042 247 1183 778 100 443 0 0 0 0 0 0 0 0 
1090 1192 1624 1192 689 1042 1504 443 0 0 0 0 0 0 0 
906 1573 387 313 387 450 387 313 387 880 814 0 0 0 0 
312 47 690 778 313 151 1490 0 0 0 0 0 0 0 0 
1436 1412 693 387 805 1412 1505 1332 0 0 0 0 0 0 0 
1436 1192 174 979 533 1290 0 0 0 0 0 0 0 0 0 
962 732 778 911 975 1190 911 1412 0 0 0 0 0 0 0 
1436 1412 1014 1190 1491 1190 1479 1355 0 0 0 0 0 0 0 
1293 56 389 781 1326 1192 603 0 0 0 0 0 0 0 0 
1003 618 760 1392 0 0 0 0 0 0 0 0 0 0 0 
936 1392 862 1192 1424 444 0 0 0 0 0 0 0 0 0 
1436 1412 923 561 231 1589 1418 0 0 0 0 0 0 0 0 
1305 1392 426 1587 47 1049 510 387 0 0 0 0 0 0 0 
764 1192 1437 1412 131 1192 444 0 0 0 0 0 0 0 0 
1480 533 1142 387 1080 47 962 212 1612 396 0 0 0 0 0 
1633 37 460 1080 1192 697 0 0 0 0 0 0 0 0 0 
1469 1049 1551 387 1033 1345 962 0 0 0 0 0 0 0 0 
458 1412 969 860 1332 1412 299 1192 533 0 0 0 0 0 0 
1476 47 1327 416 912 958 533 510 387 0 0 0 0 0 0 
1271 802 608 1081 1049 1173 753 1277 0 0 0 0 0 0 0 
1015 1192 174 979 1412 1271 151 0 0 0 0 0 0 0 0 
724 778 1271 1504 47 1049 1478 66 444 0 0 0 0 0 0 
460 1192 1273 444 1501 1549 1190 0 0 0 0 0 0 0 0 
898 912 778 510 1549 860 664 0 0 0 0 0 0 0 0 
1469 533 1590 1136 47 641 778 683 0 0 0 0 0 0 0 
370 1049 173 1194 537 1183 166 0 0 0 0 0 0 0 0 
835 1192 1589 912 1295 1224 1027 47 0 0 0 0 0 0 0 
384 1192 731 1192 388 778 1365 1192 0 0 0 0 0 0 0 
417 1392 1209 778 340 265 0 0 0 0 0 0 0 0 0 
1436 1049 842 1049 292 0 0 0 0 0 0 0 0 0 0 
760 1392 429 1192 985 306 1049 1333 387 443 0 0 0 0 0 
962 1570 1474 1146 47 1559 1617 0 0 0 0 0 0 0 0 
699 1192 608 287 47 239 778 1157 906 0 0 0 0 0 0 
385 619 890 1573 1549 1572 778 970 962 0 0 0 0 0 0 
1601 387 1271 387 74 1190 1479 1355 0 0 0 0 0 0 0 
1436 1412 1578 1572 455 1469 444 0 0 0 0 0 0 0 0 
171 533 1062 1080 1192 1511 1192 0 0 0 0 0 0 0 0 
976 795 1192 805 533 240 937 63 0 0 0 0 0 0 0 
795 1587 444 756 778 313 1549 150 1587 0 0 0 0 0 0 
50 1080 832 47 1177 608 795 1587 1192 0 0 0 0 0 0 
643 1190 1434 432 1549 494 444 450 1443 557 0 0 0 0 0 
1530 1049 361 1355 1259 1436 47 0 0 0 0 0 0 0 0 
945 1049 1545 962 151 984 0 0 0 0 0 0 0 0 0 
1480 1412 567 387 49 1286 635 1049 0 0 0 0 0 0 0 
1433 1194 1192 1586 444 271 47 473 778 313 0 0 0 0 0 
760 56 842 1190 125 387 886 0 0 0 0 0 0 0 0 
272 1192 319 1049 1164 387 782 387 0 0 0 0 0 0 0 
934 991 47 1399 1355 714 1024 1476 778 0 0 0 0 0 0 
760 1392 79 561 444 474 962 0 0 0 0 0 0 0 0 
488 47 533 1128 66 444 1480 1412 0 0 0 0 0 0 0 
1633 1192 1168 1588 533 316 1192 0 0 0 0 0 0 0 0 
724 1192 1300 444 37 979 1192 1218 0 0 0 0 0 0 0 
1475 444 330 1007 1190 1479 1355 0 0 0 0 0 0 0 0 
1431 583 1322 778 218 387 1515 0 0 0 0 0 0 0 0 
689 489 444 321 533 85 486 0 0 0 0 0 0 0 0 
178 1192 1359 1258 511 66 0 0 0 0 0 0 0 0 0 
979 66 683 1252 1436 47 1371 1192 0 0 0 0 0 0 0 
1436 533 1093 66 444 1090 533 0 0 0 0 0 0 0 0 
1371 1192 319 444 1035 387 0 0 0 0 0 0 0 0 0 
272 1192 319 778 1336 387 0 0 0 0 0 0 0 0 0 
902 47 976 174 1465 444 883 816 0 0 0 0 0 0 0 
526 1192 438 1136 1392 671 0 0 0 0 0 0 0 0 0 
1436 1192 1459 1162 1412 788 962 0 0 0 0 0 0 0 0 
760 1392 1437 1412 1271 802 962 0 0 0 0 0 0 0 0 
510 1549 860 359 387 645 962 387 782 443 0 0 0 0 0 
24 387 313 387 1623 778 206 1612 1277 564 443 0 0 0 0 
147 1448 1192 1437 1412 1307 962 0 0 0 0 0 0 0 0 
1225 533 1062 1080 1192 751 0 0 0 0 0 0 0 0 0 
1436 778 1437 1412 324 1353 0 0 0 0 0 0 0 0 0 
1430 1412 527 151 100 1355 0 0 0 0 0 0 0 0 0 
633 533 319 1049 779 860 0 0 0 0 0 0 0 0 0 
188 1412 1497 1192 444 1295 1192 1281 1192 0 0 0 0 0 0 
1633 1192 319 444 308 1549 0 0 0 0 0 0 0 0 0 
1552 778 533 334 888 372 47 125 0 0 0 0 0 0 0 
1062 1192 319 1049 779 66 0 0 0 0 0 0 0 0 0 
711 1080 1277 998 1049 779 66 0 0 0 0 0 0 0 0 
724 1192 1437 1412 1271 47 510 0 0 0 0 0 0 0 0 
1424 1412 1353 387 296 1190 575 0 0 0 0 0 0 0 0 
1469 1192 1491 737 1392 860 1076 0 0 0 0 0 0 0 0 
946 1611 387 1313 443 1549 834 1192 0 0 0 0 0 0 0 
1541 37 12 444 1327 387 1475 1190 0 0 0 0 0 0 0 
55 47 1049 842 533 1379 1355 444 0 0 0 0 0 0 0 
1371 1192 484 778 1336 387 0 0 0 0 0 0 0 0 0 
606 47 510 1549 1048 47 533 813 0 0 0 0 0 0 0 
881 1190 1422 444 1292 47 0 0 0 0 0 0 0 0 0 
468 387 1049 1261 701 444 162 0 0 0 0 0 0 0 0 
1383 1412 450 387 364 1192 444 1272 56 1190 0 0 0 0 0 
797 979 444 1258 876 0 0 0 0 0 0 0 0 0 0 
165 444 1540 619 47 1190 88 962 0 0 0 0 0 0 0 
561 1574 167 1295 1425 47 645 962 0 0 0 0 0 0 0 
1469 1412 1105 794 444 783 443 1549 0 0 0 0 0 0 0 
1476 47 1327 416 1065 1050 649 56 0 0 0 0 0 0 0 
171 533 319 444 315 778 0 0 0 0 0 0 0 0 0 
1424 1412 1353 387 733 314 1412 962 0 0 0 0 0 0 0 
1117 444 10 319 47 820 1392 1192 0 0 0 0 0 0 0 
481 47 1007 1190 196 962 387 313 1355 0 0 0 0 0 0 
570 444 417 1392 860 1418 1192 689 0 0 0 0 0 0 0 
471 977 892 1495 1192 1300 1049 1379 443 1549 0 0 0 0 0 
913 906 1573 387 313 387 504 1394 66 0 0 0 0 0 0 
1400 1327 387 1049 511 47 755 906 1573 387 1355 0 0 0 0 
1432 37 150 1587 1325 984 0 0 0 0 0 0 0 0 0 
1436 1412 1174 151 1480 962 0 0 0 0 0 0 0 0 0 
1436 444 1379 1090 47 726 1190 608 0 0 0 0 0 0 0 
1379 297 902 47 733 314 778 1327 0 0 0 0 0 0 0 
552 47 1049 146 47 1049 608 951 47 1049 0 0 0 0 0 
213 1412 174 979 1412 1271 151 0 0 0 0 0 0 0 0 
724 1192 174 979 1412 969 342 0 0 0 0 0 0 0 0 
1633 1192 1511 798 444 10 1399 0 0 0 0 0 0 0 0 
1436 444 902 47 1049 1409 387 1336 387 0 0 0 0 0 0 
1371 778 544 696 1190 1479 1355 0 0 0 0 0 0 0 0 
865 911 975 1412 1157 962 0 0 0 0 0 0 0 0 0 
1473 444 406 323 796 365 1336 387 0 0 0 0 0 0 0 
1168 53 1192 382 1192 1575 444 0 0 0 0 0 0 0 0 
724 1192 174 979 1412 24 387 711 0 0 0 0 0 0 0 
147 1448 1192 174 979 1412 1271 151 0 0 0 0 0 0 0 
272 1192 319 444 779 860 0 0 0 0 0 0 0 0 0 
370 1192 809 97 778 243 114 444 0 0 0 0 0 0 0 
159 1192 645 1049 1434 1266 273 0 0 0 0 0 0 0 0 
1179 47 1552 444 1479 1135 1355 0 0 0 0 0 0 0 0 
1550 1080 361 387 1532 1271 655 860 0 0 0 0 0 0 0 
261 444 125 387 320 444 308 1549 0 0 0 0 0 0 0 
1511 1192 319 444 779 860 0 0 0 0 0 0 0 0 0 
1300 560 1353 387 901 47 1455 1192 0 0 0 0 0 0 0 
1327 387 99 47 185 796 1063 1379 721 796 0 0 0 0 0 
272 1192 751 47 533 867 47 0 0 0 0 0 0 0 0 
510 1549 1192 533 1361 1320 816 0 0 0 0 0 0 0 0 
1274 1412 962 1228 1549 1192 1412 491 0 0 0 0 0 0 0 
1305 1392 1437 444 24 387 711 0 0 0 0 0 0 0 0 
1585 1192 1437 1412 1271 354 0 0 0 0 0 0 0 0 0 
1476 778 1475 1286 1190 517 977 99 0 0 0 0 0 0 0 
1327 1549 1048 1049 760 1392 860 1008 962 0 0 0 0 0 0 
477 231 1192 1322 190 1192 462 866 778 0 0 0 0 0 0 
1475 778 1327 387 711 1473 444 308 1549 0 0 0 0 0 0 
171 533 707 1049 779 66 0 0 0 0 0 0 0 0 0 
952 1192 1021 1412 1022 1540 737 0 0 0 0 0 0 0 0 
312 47 782 416 912 958 533 510 387 0 0 0 0 0 0 
928 47 533 1324 1192 388 47 326 1412 0 0 0 0 0 0 
1469 444 1363 510 387 58 1549 1392 0 0 0 0 0 0 0 
1300 1192 1466 1359 47 1065 1190 1478 187 0 0 0 0 0 0 
791 1190 890 696 1572 125 387 1424 1049 0 0 0 0 0 0 
1424 1049 1023 1192 873 0 0 0 0 0 0 0 0 0 0 
1424 1049 1371 125 387 403 443 0 0 0 0 0 0 0 0 
724 1192 1437 1412 1271 151 0 0 0 0 0 0 0 0 0 
1475 1192 273 778 1049 99 533 1172 0 0 0 0 0 0 0 
1348 462 1192 1321 1049 571 387 0 0 0 0 0 0 0 0 
460 37 1633 1080 1192 132 444 0 0 0 0 0 0 0 0 
913 906 1573 443 1549 444 1434 457 1412 0 0 0 0 0 0 
1424 1049 361 387 1345 962 387 313 1355 0 0 0 0 0 0 
1212 47 1374 1549 578 47 1399 443 1549 0 0 0 0 0 0 
147 1448 1412 1271 655 860 1553 962 0 0 0 0 0 0 0 
760 1392 561 778 1473 444 1347 1549 0 0 0 0 0 0 0 
799 1192 791 618 562 1573 387 711 1192 0 0 0 0 0 0 
1172 561 56 851 1190 1479 443 0 0 0 0 0 0 0 0 
760 778 813 231 1192 1432 1049 0 0 0 0 0 0 0 0 
696 689 533 1563 387 1049 269 902 1042 47 0 0 0 0 0 
1563 387 1049 269 902 1042 47 762 619 47 0 0 0 0 0 
902 1042 47 762 619 47 185 696 635 1412 0 0 0 0 0 
762 619 47 185 696 635 1412 1223 962 0 0 0 0 0 0 
724 1192 1437 1049 361 1549 860 0 0 0 0 0 0 0 0 
1480 47 1054 1042 743 0 0 0 0 0 0 0 0 0 0 
429 1192 4 174 1465 1049 1290 0 0 0 0 0 0 0 0 
32 1325 444 1501 387 313 802 962 1355 860 0 0 0 0 0 
