1596 778 533 510 1549 794 329 179 306 0 0 0 0 0 0 
1522 1192 1618 444 1526 734 0 0 0 0 0 0 0 0 0 
398 1190 1192 448 778 168 0 0 0 0 0 0 0 0 0 
10 1434 1423 1049 1188 962 0 0 0 0 0 0 0 0 0 
1524 388 533 815 829 151 0 0 0 0 0 0 0 0 0 
784 860 1084 1192 175 1049 1206 735 1392 0 0 0 0 0 0 
651 47 616 802 962 387 889 0 0 0 0 0 0 0 0 
771 1042 1351 635 1611 582 443 0 0 0 0 0 0 0 0 
984 850 37 183 1325 1049 0 0 0 0 0 0 0 0 0 
1404 1192 1077 816 1549 444 245 0 0 0 0 0 0 0 0 
1522 444 34 1630 906 1573 387 443 0 0 0 0 0 0 0 
942 37 995 1325 1192 899 47 0 0 0 0 0 0 0 0 
1288 778 415 1110 778 1319 962 0 0 0 0 0 0 0 0 
86 962 387 656 1374 387 443 0 0 0 0 0 0 0 0 
849 387 711 856 618 533 1429 962 0 0 0 0 0 0 0 
325 1049 1379 1483 37 230 444 0 0 0 0 0 0 0 0 
1060 1192 1453 778 62 444 1389 0 0 0 0 0 0 0 0 
182 778 450 36 1277 1392 1190 1479 443 0 0 0 0 0 0 
33 778 345 533 1420 905 796 0 0 0 0 0 0 0 0 
241 444 1401 387 392 450 387 74 66 0 0 0 0 0 0 
421 635 444 783 1376 47 711 101 0 0 0 0 0 0 0 
1376 47 711 101 47 1049 25 962 0 0 0 0 0 0 0 
307 1192 1077 1192 1048 47 510 387 1355 0 0 0 0 0 0 
72 1080 1192 702 1183 444 1379 190 0 0 0 0 0 0 0 
1282 444 356 1549 635 533 543 1443 0 0 0 0 0 0 0 
1469 1049 1363 100 47 533 1498 1392 0 0 0 0 0 0 0 
337 47 887 1573 387 880 1140 66 0 0 0 0 0 0 0 
1580 778 421 1596 533 880 1329 387 0 0 0 0 0 0 0 
113 1392 307 1037 47 1374 387 711 0 0 0 0 0 0 0 
1580 778 421 1596 533 880 241 444 0 0 0 0 0 0 0 
932 1192 861 902 1192 412 0 0 0 0 0 0 0 0 0 
307 47 283 518 1049 1366 1192 0 0 0 0 0 0 0 0 
1165 47 574 1049 1428 0 0 0 0 0 0 0 0 0 0 
247 1192 1183 444 867 1140 983 0 0 0 0 0 0 0 0 
67 1192 1032 444 493 977 296 635 0 0 0 0 0 0 0 
94 47 803 977 804 1042 812 962 0 0 0 0 0 0 0 
1443 362 1192 1077 1412 383 47 1487 443 1549 0 0 0 0 0 
660 444 223 1082 962 387 483 0 0 0 0 0 0 0 0 
1118 1013 47 512 47 1487 443 1549 0 0 0 0 0 0 0 
59 1192 1183 1317 533 720 1392 593 0 0 0 0 0 0 0 
1522 1192 539 533 1287 307 1412 0 0 0 0 0 0 0 0 
1637 1216 1412 747 1322 1412 450 802 962 387 0 0 0 0 0 
804 778 1049 450 36 66 860 889 0 0 0 0 0 0 0 
1254 37 16 1192 428 0 0 0 0 0 0 0 0 0 0 
1208 1572 125 387 1258 1537 0 0 0 0 0 0 0 0 0 
300 778 457 1512 1049 913 906 0 0 0 0 0 0 0 0 
357 1192 533 903 962 387 313 387 821 1549 0 0 0 0 0 
703 962 387 1118 635 444 1503 443 1549 0 0 0 0 0 0 
1407 778 1596 1366 159 1192 0 0 0 0 0 0 0 0 0 
241 444 1379 704 1192 388 455 1606 444 976 0 0 0 0 0 
375 1412 336 737 1190 1479 443 0 0 0 0 0 0 0 0 
393 47 1049 448 1190 1282 444 0 0 0 0 0 0 0 0 
1366 533 241 444 1379 1548 962 0 0 0 0 0 0 0 0 
1368 737 444 201 1392 860 665 1412 0 0 0 0 0 0 0 
1477 1192 1306 47 127 444 878 387 0 0 0 0 0 0 0 
1065 1572 1049 215 635 444 783 443 1549 0 0 0 0 0 0 
1598 1048 1192 505 424 444 1551 1202 1611 0 0 0 0 0 0 
696 689 533 72 300 778 278 37 0 0 0 0 0 0 0 
1235 66 393 37 1596 1366 1192 0 0 0 0 0 0 0 0 
1366 533 241 1049 1379 1282 962 0 0 0 0 0 0 0 0 
138 1412 1207 387 120 387 313 0 0 0 0 0 0 0 0 
1365 1192 1077 1412 1580 778 421 635 444 0 0 0 0 0 0 
375 1412 160 635 444 1503 443 1549 0 0 0 0 0 0 0 
1573 399 1049 499 860 392 912 958 450 47 0 0 0 0 0 
499 860 392 912 958 450 47 510 387 1515 387 0 0 0 0 
1476 47 1327 416 912 958 533 1035 387 0 0 0 0 0 0 
159 1049 1328 1049 1188 962 0 0 0 0 0 0 0 0 0 
1513 778 1242 790 47 1171 443 0 0 0 0 0 0 0 0 
1472 151 1366 1503 387 1309 0 0 0 0 0 0 0 0 0 
1006 47 994 533 841 1065 635 444 0 0 0 0 0 0 0 
1536 444 941 387 711 860 43 47 0 0 0 0 0 0 0 
186 778 964 1412 1043 387 711 0 0 0 0 0 0 0 0 
457 1049 10 433 1573 387 313 1355 0 0 0 0 0 0 0 
1209 444 145 47 1007 689 533 540 444 0 0 0 0 0 0 
274 455 1330 56 962 1476 444 0 0 0 0 0 0 0 0 
1631 1180 1438 1192 804 533 729 0 0 0 0 0 0 0 0 
734 910 778 1596 1366 962 0 0 0 0 0 0 0 0 0 
457 1192 448 533 595 66 0 0 0 0 0 0 0 0 0 
411 1412 626 1549 860 510 387 0 0 0 0 0 0 0 0 
909 1192 1045 1136 1392 843 1190 0 0 0 0 0 0 0 0 
1382 1325 1596 1486 47 533 1346 387 921 0 0 0 0 0 0 
737 1392 860 251 47 1531 1412 445 1355 0 0 0 0 0 0 
1006 906 696 1190 1262 444 1598 1493 1612 0 0 0 0 0 0 
1366 533 1078 444 1379 880 0 0 0 0 0 0 0 0 0 
142 1412 1066 406 977 1330 0 0 0 0 0 0 0 0 0 
1065 1572 778 672 1411 444 284 443 0 0 0 0 0 0 0 
540 47 1619 1050 368 1549 1190 1479 443 0 0 0 0 0 0 
897 1192 770 47 440 962 387 782 443 0 0 0 0 0 0 
1208 1572 125 387 710 1537 0 0 0 0 0 0 0 0 0 
1440 444 350 977 1109 169 1190 0 0 0 0 0 0 0 0 
530 1412 152 1549 635 444 1379 1355 444 0 0 0 0 0 0 
868 1192 1574 47 609 387 82 0 0 0 0 0 0 0 0 
280 860 1322 37 1183 778 643 1473 444 0 0 0 0 0 0 
643 1473 444 10 1077 37 428 0 0 0 0 0 0 0 0 
828 1049 1289 689 56 1190 1479 1355 0 0 0 0 0 0 0 
428 530 875 778 1488 962 1549 0 0 0 0 0 0 0 0 
1476 1192 708 1080 504 1564 1570 0 0 0 0 0 0 0 0 
421 635 444 783 673 1512 1294 47 0 0 0 0 0 0 0 
611 533 1120 387 48 962 668 796 0 0 0 0 0 0 0 
307 1192 1178 586 1412 421 635 444 0 0 0 0 0 0 0 
1011 47 1533 962 802 1286 635 1049 0 0 0 0 0 0 0 
411 1192 1378 1049 846 47 830 387 313 0 0 0 0 0 0 
942 37 959 1325 1412 1157 962 0 0 0 0 0 0 0 0 
404 455 215 635 444 783 443 1549 0 0 0 0 0 0 0 
310 1412 962 802 1234 1412 1271 802 962 0 0 0 0 0 0 
540 1192 72 533 468 387 358 0 0 0 0 0 0 0 0 
894 1412 1593 638 47 1188 906 0 0 0 0 0 0 0 0 
552 875 1350 1192 1037 1392 860 0 0 0 0 0 0 0 0 
1578 860 1183 444 1491 983 950 179 306 0 0 0 0 0 0 
682 387 1078 444 125 387 683 1192 0 0 0 0 0 0 0 
1476 1192 1596 820 533 595 1392 1190 0 0 0 0 0 0 0 
386 533 1285 444 332 387 1527 0 0 0 0 0 0 0 0 
1025 778 1353 387 1163 1192 444 1272 66 0 0 0 0 0 0 
19 1192 737 1192 324 47 1399 443 1549 0 0 0 0 0 0 
1575 47 367 1573 387 711 1522 778 0 0 0 0 0 0 0 
1469 1190 681 1277 221 444 672 1486 0 0 0 0 0 0 0 
1593 1080 1208 307 1037 1392 860 0 0 0 0 0 0 0 0 
1525 1277 1199 1192 630 778 1346 387 598 0 0 0 0 0 0 
1006 47 1065 860 880 1174 47 0 0 0 0 0 0 0 0 
270 977 442 769 796 737 56 1190 1479 1355 0 0 0 0 0 
573 533 10 1192 1473 778 300 444 0 0 0 0 0 0 0 
918 533 1314 902 47 125 0 0 0 0 0 0 0 0 0 
1286 635 444 783 420 546 1074 66 0 0 0 0 0 0 0 
302 1042 1569 387 711 1235 66 0 0 0 0 0 0 0 0 
624 444 973 1573 387 1628 444 0 0 0 0 0 0 0 0 
1130 37 1338 1192 428 0 0 0 0 0 0 0 0 0 0 
540 1192 72 1042 504 1504 1355 0 0 0 0 0 0 0 0 
1472 151 215 635 444 783 1486 1392 0 0 0 0 0 0 0 
1297 778 657 635 1412 608 118 962 0 0 0 0 0 0 0 
466 444 1611 670 533 704 368 1549 0 0 0 0 0 0 0 
196 1192 644 47 533 268 713 591 0 0 0 0 0 0 0 
185 796 1190 1246 787 444 987 387 0 0 0 0 0 0 0 
540 1192 72 1080 504 1578 860 0 0 0 0 0 0 0 0 
913 906 1573 387 313 387 880 1500 66 0 0 0 0 0 0 
411 444 180 1310 962 1549 635 1412 0 0 0 0 0 0 0 
1308 1049 1623 1049 1398 444 27 1572 0 0 0 0 0 0 0 
229 387 711 1183 444 643 1042 545 0 0 0 0 0 0 0 
310 37 1328 37 1471 0 0 0 0 0 0 0 0 0 0 
239 778 533 313 443 1549 444 1532 726 635 0 0 0 0 0 
457 37 393 47 1488 906 1573 1355 444 0 0 0 0 0 0 
913 1192 372 533 1258 889 0 0 0 0 0 0 0 0 0 
214 16 1192 428 0 0 0 0 0 0 0 0 0 0 0 
300 47 125 1549 608 287 444 987 387 0 0 0 0 0 0 
540 1192 72 1080 533 1044 358 0 0 0 0 0 0 0 0 
1057 778 483 1192 533 1309 0 0 0 0 0 0 0 0 0 
1426 1325 125 387 1077 444 796 388 778 1049 0 0 0 0 0 
457 37 428 455 1396 1573 387 0 0 0 0 0 0 0 0 
457 444 471 977 1152 1183 444 1379 0 0 0 0 0 0 0 
450 387 1515 668 1399 914 231 1487 443 1549 0 0 0 0 0 
505 387 1080 358 365 124 796 0 0 0 0 0 0 0 0 
1498 1392 414 444 45 1573 0 0 0 0 0 0 0 0 0 
1483 1049 24 387 976 860 1173 1049 1026 0 0 0 0 0 0 
457 37 414 444 433 1573 0 0 0 0 0 0 0 0 0 
457 1049 170 433 1573 387 313 1355 0 0 0 0 0 0 0 
540 37 1183 1192 1488 1412 1052 962 0 0 0 0 0 0 0 
1476 47 782 416 1584 185 396 977 1190 0 0 0 0 0 0 
411 444 1069 1310 962 1549 635 1412 0 0 0 0 0 0 0 
1476 1190 517 977 825 1235 66 0 0 0 0 0 0 0 0 
170 1379 913 1048 47 533 1336 387 0 0 0 0 0 0 0 
