0.94820225
0.6153461
0.6153461
0.6153461
0.6153461
0.6153461
0.6153461
0.6153461
0.6153461
0.6153461
0.6153461
0.6153461
0.6153461
0.6153461
0.6153461
0.6153461
0.6153461
0.6153461
0.6153461
0.6153461
0.6153461
0.6153461
0.6153461
0.6153461
0.6153461
0.6153461
0.6153461
0.6153461
0.6153461
0.6153461
0.6153461
0.6153461
0.6153461
0.6153461
0.6153461
0.6153461
0.6153461
0.6153461
0.53529686
0.4433223
0.4433223
0.43593347
0.42193896
0.3748845
0.35776415
0.31326932
0.29361945
0.27107134
0.26894203
0.24998645
0.23119384
0.23119384
0.23119384
0.23119384
0.23119384
0.23119384
0.23119384
0.23119384
0.23119384
0.23119384
0.23119384
0.23119384
0.23119384
0.23119384
0.23119384
0.23119384
0.23119384
0.23119384
0.23119384
0.23119384
0.23119384
0.23119384
0.23119384
0.23119384
0.22976117
0.22360377
0.22360377
0.22360377
0.22360377
0.22360377
0.22360377
0.22360377
0.22360377
0.22360377
0.22360377
0.22360377
0.22360377
0.22360377
0.22360377
0.22360377
0.22360377
0.22360377
0.22360377
0.22360377
0.22360377
0.22360377
0.22360377
0.22360377
0.22360377
0.22360377
0.22360377
0.22360377
0.22360377
0.22360377
0.22360377
0.22360377
0.22360377
0.22360377
0.22360377
0.22360377
0.22360377
0.22360377
0.22360377
0.22360377
0.22360377
0.22360377
0.22360377
0.22360377
0.22360377
0.22360377
0.22360377
0.22360377
0.22360377
0.20603554
0.20603554
0.20603554
0.20379564
0.19296506
0.19296506
0.19296506
0.19296506
0.19296506
0.19296506
0.19296506
0.19296506
0.19296506
0.19296506
0.19296506
0.19215553
0.18865052
0.18865052
0.18865052
0.18865052
0.18865052
0.18865052
0.18865052
0.18865052
0.18865052
0.18865052
0.18865052
0.18865052
0.18865052
0.18865052
0.18865052
0.18865052
0.18865052
0.18865052
0.18865052
0.18865052
0.18865052
0.18865052
0.18865052
0.18865052
0.18865052
0.18865052
0.18865052
0.18865052
0.18865052
0.18865052
0.18865052
0.18865052
0.18865052
0.18865052
0.18865052
0.18865052
0.18865052
0.18865052
0.18865052
0.18865052
0.18865052
0.18865052
0.18865052
0.18352923
0.18352923
0.18352923
0.18257838
0.18257838
0.18257838
0.18257838
0.18257838
0.18257838
0.17767288
0.17767288
0.17767288
0.17767288
0.17767288
0.17767288
0.17767288
0.17767288
0.17767288
0.17767288
0.17767288
0.17767288
0.17767288
0.17767288
0.17767288
0.17767288
0.17767288
0.17767288
0.17767288
0.17767288
0.17767288
0.17767288
0.17767288
0.17767288
0.17767288
0.17767288
0.17767288
0.17767288
0.17767288
0.17767288
0.17767288
0.17767288
0.17767288
0.1705995
0.16874768
0.15241145
0.15241145
0.14419343
0.14419343
0.14419343
0.14419343
0.14419343
0.14419343
0.14419343
0.14419343
0.14419343
0.14419343
0.14419343
0.14419343
0.14419343
0.14419343
0.14419343
0.14419343
0.14419343
0.14419343
0.14419343
0.14419343
0.14419343
0.14419343
0.14419343
0.14419343
0.14419343
0.14419343
0.14419343
0.14419343
0.14419343
0.14419343
0.14419343
0.14419343
0.14419343
0.14419343
0.14419343
0.14419343
0.14419343
0.14419343
0.14419343
0.14419343
0.14419343
0.14419343
0.14419343
0.14419343
0.14419343
0.14419343
0.14419343
0.14419343
0.14419343
0.14419343
0.14419343
0.14419343
0.14419343
0.14419343
0.14419343
0.14419343
0.14419343
0.14419343
0.14419343
0.14419343
0.14419343
0.14419343
0.14419343
0.14419343
0.14419343
0.14419343
0.14419343
0.14419343
0.14419343
0.14419343
0.14419343
0.14419343
0.14419343
0.14419343
0.14419343
0.14419343
0.14419343
0.14419343
0.14419343
0.14419343
0.14419343
0.14419343
0.14419343
0.14419343
0.12877053
0.1285795
0.12729359
0.12729359
0.12729359
0.12729359
0.12729359
0.12729359
0.12729359
0.12729359
0.12729359
0.12729359
0.12729359
0.12729359
0.12729359
0.12729359
0.12729359
0.12729359
0.12729359
0.12729359
0.12729359
0.12729359
0.12729359
0.12729359
0.12722349
0.12675683
0.12620263
0.124477975
0.124477975
0.124477975
0.124477975
0.124477975
0.124477975
0.124477975
0.124477975
0.124477975
0.124477975
0.124477975
0.124477975
0.124477975
0.124477975
0.124477975
0.124477975
0.124477975
0.124477975
0.124477975
0.124477975
0.124477975
0.124477975
0.124477975
0.124477975
0.124477975
0.124477975
0.124477975
0.124477975
0.124477975
0.124477975
0.124477975
0.124477975
0.124477975
0.124477975
0.124477975
0.124477975
0.124477975
0.124477975
0.124477975
0.124477975
0.124477975
0.124477975
0.124477975
0.124477975
0.124477975
0.124477975
0.124477975
0.124477975
0.124477975
0.124477975
0.124477975
0.124477975
0.124477975
0.124477975
0.124477975
0.124477975
0.124477975
0.124477975
0.124477975
0.124477975
0.124477975
0.124477975
0.124477975
0.124477975
0.124477975
0.124477975
0.124477975
0.124477975
0.124477975
0.124477975
0.124477975
0.124477975
0.124477975
0.124477975
0.124477975
0.124477975
0.124477975
0.124477975
0.124477975
0.124477975
0.124477975
0.124477975
0.124477975
0.124477975
0.124477975
0.124477975
0.124477975
0.124477975
0.124477975
0.124477975
0.124477975
0.124477975
0.124477975
0.124477975
0.124477975
0.124477975
0.124477975
0.124477975
0.124477975
0.124477975
0.124477975
0.124477975
0.124477975
0.124477975
0.124477975
0.124477975
0.124477975
0.124477975
0.123324074
0.121300906
0.121300906
0.121300906
0.121300906
0.121300906
0.121300906
0.121300906
0.121300906
0.121300906
0.121300906
0.121300906
0.121300906
0.121300906
0.121300906
0.121300906
0.121300906
0.121300906
0.121300906
0.121300906
0.121300906
0.121300906
0.121300906
0.121300906
0.121300906
0.121300906
0.121300906
0.121300906
0.12061427
0.12061427
0.11926854
0.11743512
0.11627373
0.11582934
0.11582934
0.113287546
0.10961848
0.10961848
0.10961848
0.10961848
0.10961848
0.10961848
0.10961848
0.10961848
0.10961848
0.10961848
0.10944173
0.106390975
0.105192184
0.10311435
0.10311435
0.10311435
0.10062602
0.09982165
0.09969978
0.09800659
0.09800659
0.09800659
0.09800659
0.09800659
0.09800659
0.09800659
0.09800659
0.09800659
0.09800659
0.09800659
0.09800659
0.09800659
0.09800659
0.09800659
0.09800659
0.09800659
0.09800659
0.09800659
0.09800659
0.09800659
0.09800659
0.09800659
0.09800659
0.09800659
0.09800659
0.09800659
0.09800659
0.09800659
0.09800659
0.09800659
0.09800659
0.09800659
0.09800659
0.09800659
0.09800659
0.09800659
0.09800659
0.09800659
0.09800659
0.09800659
0.09800659
0.09800659
0.09800659
0.09800659
0.09800659
0.09800659
0.09800659
0.09800659
0.09800659
0.09800659
0.09800659
0.09800659
0.09800659
0.09800659
0.09800659
0.09800659
0.09800659
0.09800659
0.09800659
0.09800659
0.09800659
0.09800659
0.09800659
0.09800659
0.09800659
0.09800659
0.09800659
0.09800659
0.09800659
0.09800659
0.09800659
0.09800659
0.09800659
0.09800659
0.09800659
0.09800659
0.09800659
0.09800659
0.09800659
0.09800659
0.09800659
0.09800659
0.09800659
0.09800659
0.09800659
0.09800659
0.09800659
0.09800659
0.09800659
0.09800659
0.09800659
0.09800659
0.09800659
0.09800659
0.09800659
0.09800659
0.09800659
0.09800659
0.09800659
0.09800659
0.09800659
0.09800659
0.09800659
0.09800659
0.09800659
0.09800659
0.09800659
0.09800659
0.09800659
0.09800659
0.09800659
0.09800659
0.09800659
0.09800659
0.09800659
0.09323121
0.09313474
0.08912346
0.08912346
0.08912346
0.08912346
0.08912346
0.08912346
0.08912346
0.08912346
0.08912346
0.08912346
0.08912346
0.08912346
0.08912346
0.08912346
0.08912346
0.08912346
0.08912346
0.08912346
0.08912346
0.08912346
0.08912346
0.08912346
0.08912346
0.08912346
0.08912346
0.08912346
0.08912346
0.08912346
0.08912346
0.08725644
0.08725644
0.08725644
0.08622631
0.08428813
0.08330848
0.083162986
0.082379915
0.082379915
0.082379915
0.082379915
0.082379915
0.082379915
0.082379915
0.082379915
0.082379915
0.082379915
0.082379915
0.082379915
0.082379915
0.082379915
0.082379915
0.082379915
0.082379915
0.082379915
0.082379915
0.082379915
0.082379915
0.082379915
0.082379915
0.082379915
0.082379915
0.082379915
0.082379915
0.082379915
0.082379915
0.082379915
0.082379915
0.082379915
0.082379915
0.082379915
0.082379915
0.082379915
0.082379915
0.082379915
0.082379915
0.082379915
0.082379915
0.082379915
0.082379915
0.082379915
0.082379915
0.082379915
0.082379915
0.082379915
0.082379915
0.082379915
0.082379915
0.082379915
0.082379915
0.082379915
0.082379915
0.082379915
0.082379915
0.082379915
0.082379915
0.082379915
0.082379915
0.082379915
0.082379915
0.082379915
0.082379915
0.082379915
0.082379915
0.082379915
0.082379915
0.082379915
0.082379915
0.082379915
0.082379915
0.082379915
0.082379915
0.082379915
0.082379915
0.082379915
0.082379915
0.082379915
0.082379915
0.082379915
0.082379915
0.082379915
0.082379915
0.082379915
0.082379915
0.082379915
0.082379915
0.082379915
0.082379915
0.082379915
0.082379915
0.082379915
0.082379915
0.08201464
0.08184544
0.08184544
0.08101647
0.079270564
0.07899984
0.07872381
0.07872381
0.07872381
0.07872381
0.07872381
0.07872381
0.07872381
0.07872381
0.07872381
0.07872381
0.07872381
0.07872381
0.07872381
0.07872381
0.07872381
0.07872381
0.07872381
0.07872381
0.07872381
0.07872381
0.07872381
0.07872381
0.07872381
0.07872381
0.07872381
0.07872381
0.07872381
0.07872381
0.07872381
0.07872381
0.07872381
0.07872381
0.07872381
0.07872381
0.07872381
0.07872381
0.07872381
0.07872381
0.07872381
0.07872381
0.07872381
0.07872381
0.07872381
0.07872381
0.07872381
0.07872381
0.07872381
0.07872381
0.07872381
0.07872381
0.07872381
0.07872381
0.07872381
0.07872381
0.07872381
0.07872381
0.07872381
0.07872381
0.07872381
0.07872381
0.07872381
0.07872381
0.07872381
0.07872381
0.07872381
0.07872381
0.07872381
0.07872381
0.07872381
0.07872381
0.07872381
0.07872381
0.07872381
0.07872381
0.07872381
0.07872381
0.07872381
0.07872381
0.07872381
0.07872381
0.07872381
0.07872381
0.07872381
0.07859046
0.07859046
0.07859046
0.07859046
0.07859046
0.07859046
0.07859046
0.07859046
0.07859046
0.07859046
0.07859046
0.07859046
0.07859046
0.07859046
0.07859046
0.07859046
0.07859046
0.07859046
0.07859046
0.07859046
0.07859046
0.07859046
0.07859046
0.07859046
0.07859046
0.07859046
0.07859046
0.07859046
0.07859046
0.07859046
0.07859046
0.07859046
0.07859046
0.07859046
0.07859046
0.07859046
0.07859046
0.07859046
0.07859046
0.07859046
0.07859046
0.07859046
0.07859046
0.07859046
0.07859046
0.07859046
0.07859046
0.07859046
0.07859046
0.07859046
0.07859046
0.07859046
0.07859046
0.07859046
0.07859046
0.07859046
0.07859046
0.07859046
0.07859046
0.07859046
0.07859046
0.07859046
0.07859046
0.07859046
0.07859046
0.07859046
0.07859046
0.07859046
0.07859046
0.07859046
0.07859046
0.07859046
0.07859046
0.07859046
0.07859046
0.07859046
0.07859046
0.07859046
0.07859046
0.07859046
0.07859046
0.07859046
0.07859046
0.07859046
0.07859046
0.07859046
0.07859046
0.07859046
0.07859046
0.07859046
0.07859046
0.07859046
0.07859046
0.07859046
0.07859046
0.07859046
0.07859046
0.07859046
0.07859046
0.078199826
0.07784437
0.0777353
0.077288866
0.077149175
0.076655835
0.07655287
0.07615445
0.0759199
0.0759199
0.07556702
0.07448143
0.07312096
0.07312096
0.07312096
0.07312096
0.07312096
0.07312096
0.07312096
0.07312096
0.07312096
0.07312096
0.07312096
0.07312096
0.07312096
0.07312096
0.07312096
0.07312096
0.07312096
0.07312096
0.07312096
0.07312096
0.07312096
0.07312096
0.07312096
0.07312096
0.07312096
0.07312096
0.07312096
0.07312096
0.07312096
0.07312096
0.07312096
0.07312096
0.07312096
0.07312096
0.07312096
0.07312096
0.07312096
0.07312096
0.07312096
0.07312096
0.07312096
0.07312096
0.07312096
0.07312096
0.07312096
0.07312096
0.07312096
0.07312096
0.07312096
0.07312096
0.07312096
0.07312096
0.07312096
0.07312096
0.07312096
0.07312096
0.07312096
0.07312096
0.07312096
0.07312096
0.07312096
0.07312096
0.07312096
0.07312096
0.07312096
0.07312096
0.07312096
0.07312096
0.07312096
0.07312096
0.07312096
0.07312096
0.07312096
0.07312096
0.07312096
0.07312096
0.07312096
0.07312096
0.07312096
0.07312096
0.07312096
0.07312096
0.07312096
0.07312096
0.07312096
0.07312096
0.07312096
0.07312096
0.07312096
0.07312096
0.07312096
0.07312096
0.07312096
0.07312096
0.07312096
0.07312096
0.07312096
0.07312096
0.07312096
0.07312096
0.07312096
0.07312096
0.07312096
0.07312096
0.07312096
0.07312096
0.07312096
0.07312096
0.07312096
0.07312096
0.07312096
0.07312096
0.07312096
0.07312096
0.07312096
0.07312096
0.07312096
0.07312096
0.07312096
0.07236768
0.0715628
0.0715628
0.0715628
0.0715628
0.0715628
0.0715628
0.0715628
0.0715628
0.0715628
0.0715628
0.0715628
0.0715628
0.0715628
0.0715628
0.0715628
0.0715628
0.0715628
0.0715628
0.0715628
0.0715628
0.0715628
0.0715628
0.0715628
0.0715628
0.0715628
0.0715628
0.0715628
0.0715628
0.0715628
0.0715628
0.0715628
0.0715628
0.0715628
0.0715628
0.0715628
0.0715628
0.0715628
0.0715628
0.0715628
0.0715628
0.0715628
0.0715628
0.0715628
0.0715628
0.0715628
0.0715628
0.0715628
0.0715628
0.0715628
0.0715628
0.0715628
0.0715628
0.0715628
0.0715628
0.0715628
0.0715628
0.0715628
0.0715628
0.0715628
0.0715628
0.0715628
0.0715628
0.0715628
0.0715628
0.0715628
0.0715628
0.0715628
0.0715628
0.0715628
0.0715628
0.0715628
0.0715628
0.0715628
0.0715628
0.0715628
0.0715628
0.0715628
0.0715628
0.0715628
0.0715628
0.0715628
0.0715628
0.0715628
0.0715628
0.0715628
0.0715628
0.0715628
0.0715628
0.0715628
0.0715628
0.0715628
0.0715628
0.0715628
0.0715628
0.0715628
0.0715628
0.0715628
0.0715628
0.0715628
0.0715628
0.0715628
0.0715628
0.0715628
0.07140191
0.07007488
0.07007488
0.06943153
0.06766115
0.06766115
0.06766115
0.06766115
0.06763218
0.06730749
0.06730749
0.06730749
0.06730749
0.06730749
0.06730749
0.06730749
0.06730749
0.06730749
0.06730749
0.06730749
0.06730749
0.06730749
0.06730749
0.06730749
0.06730749
0.06730749
0.06730749
0.06730749
0.06730749
0.06730749
0.06730749
0.06730749
0.06730749
0.06730749
0.06730749
0.06730749
0.06730749
0.06730749
0.06730749
0.06730749
0.06730749
0.06730749
0.06730749
0.06730749
0.06730749
0.06730749
0.06730749
0.06730749
0.06730749
0.06730749
0.06730749
0.066257365
0.066257365
0.066257365
0.066257365
0.066257365
0.066257365
0.066257365
0.066257365
0.066257365
0.066257365
0.066257365
0.066257365
0.066257365
0.066257365
0.066257365
0.066257365
0.066257365
0.066257365
0.066257365
0.066257365
0.066257365
0.066257365
0.066257365
0.066257365
0.066257365
0.066257365
0.066257365
0.066257365
0.066257365
0.066257365
0.066257365
0.066257365
0.066257365
0.066257365
0.066257365
0.066257365
0.066257365
0.066257365
0.066257365
0.066257365
0.066257365
0.066257365
0.066257365
0.066257365
0.066257365
0.066257365
0.066257365
0.066257365
0.066257365
0.066257365
0.066257365
0.066257365
0.066257365
0.066257365
0.066257365
0.066257365
0.066257365
0.066257365
0.066257365
0.066257365
0.066257365
0.066257365
0.066257365
0.066257365
0.066257365
0.066257365
0.066257365
0.066257365
0.066257365
0.066257365
0.066257365
0.066257365
0.066257365
0.066257365
0.066257365
0.066257365
0.066257365
0.066257365
0.066257365
0.066257365
0.066257365
0.066257365
0.066257365
0.066257365
0.06601539
0.065973826
0.065973826
0.065973826
0.065973826
0.065973826
0.065973826
0.065973826
0.065973826
0.065973826
0.065973826
0.065973826
0.065973826
0.065973826
0.065973826
0.065973826
0.065973826
0.065973826
0.065973826
0.065973826
0.065973826
0.065973826
0.065973826
0.065973826
0.065973826
0.065973826
0.065973826
0.065973826
0.065973826
0.065973826
0.065973826
0.065973826
0.065973826
0.065973826
0.065973826
0.065973826
0.065973826
0.065973826
0.065973826
0.065973826
0.065973826
0.065973826
0.065973826
0.065973826
0.065973826
0.065973826
0.065973826
0.065973826
0.065973826
0.065973826
0.065973826
0.065973826
0.065973826
0.065973826
0.065973826
0.065973826
0.065973826
0.065973826
0.065973826
0.065973826
0.065973826
0.065973826
0.065973826
0.065973826
0.065973826
0.065973826
0.065973826
0.065973826
0.065973826
0.065973826
0.065973826
0.065973826
0.065973826
0.065973826
0.065973826
0.065973826
0.065973826
0.065973826
0.065973826
0.065973826
0.065973826
0.065973826
0.065973826
0.065973826
0.065973826
0.065973826
0.065973826
0.065973826
0.065973826
0.065973826
0.065973826
0.065973826
0.065973826
0.065973826
0.065973826
0.065973826
0.065973826
0.065973826
0.065973826
0.065973826
0.065973826
0.065973826
0.065973826
0.065973826
0.065973826
0.065973826
0.065973826
0.06592276
0.06576556
0.06576556
0.06576556
0.06576556
0.06576556
0.06576556
0.06576556
0.06576556
0.06576556
0.06576556
0.06576556
0.06576556
0.06576556
0.06576556
0.06576556
0.06576556
0.06576556
0.06576556
0.06576556
0.06576556
0.06576556
0.06576556
0.06576556
0.06576556
0.06576556
0.06576556
0.06576556
0.06576556
0.06576556
0.06576556
0.06576556
0.06576556
0.06576556
0.06576556
0.06576556
0.06576556
0.06576556
0.06576556
0.06576556
0.06576556
0.06576556
0.06576556
0.06576556
0.06576556
0.06576556
0.06576556
0.06576556
0.06576556
0.06576556
0.06576556
0.06576556
0.06576556
0.06576556
0.06576556
0.06576556
0.06576556
0.06576556
0.06576556
0.06576556
0.06576556
0.06576556
0.06576556
0.06576556
0.06576556
0.06576556
0.06576556
0.06576556
0.06576556
0.06576556
0.06576556
0.06576556
0.06576556
0.06576556
0.06576556
0.06576556
0.06576556
0.06576556
0.06576556
0.06576556
0.06576556
0.06576556
0.06576556
0.06576556
0.06576556
0.06576556
0.06576556
0.06576556
0.06576556
0.06576556
0.06576556
0.06576556
0.06576556
0.06576556
0.06427527
0.06427527
0.06427527
0.06427527
0.06427527
0.06427527
0.06427527
0.06427527
0.06427527
0.06427527
0.06427527
0.06427527
0.06427527
0.06427527
0.06427527
0.06427527
0.06427527
0.06427527
0.06427527
0.06427527
0.06427527
0.06427527
0.06427527
0.06427527
0.06427527
0.06427527
0.06427527
0.06427527
0.06427527
0.06427527
0.06427527
0.06427527
0.06427527
0.06427527
0.06427527
0.06427527
0.06427527
0.06427527
0.06427527
0.06427527
0.06427527
0.06427527
0.06427527
0.06427527
0.06427527
0.06427527
0.06427527
0.06427527
0.06427527
0.06427527
0.06427527
0.06427527
0.06427527
0.06427527
0.06427527
0.06427527
0.06427527
0.06427527
0.06427527
0.06427527
0.06427527
0.06427527
0.06427527
0.06427527
0.06427527
0.06427527
0.06427527
0.06427527
0.06427527
0.06427527
0.06427527
0.06427527
0.06427527
0.06390606
0.06390606
0.06390606
0.063697085
0.063697085
0.063697085
0.063697085
0.063697085
0.063697085
0.063697085
0.063697085
0.063697085
0.063697085
0.063697085
0.063697085
0.063697085
0.063697085
0.063697085
0.063697085
0.063697085
0.063697085
0.063697085
0.063697085
0.063697085
0.063697085
0.063697085
0.063697085
0.063697085
0.063697085
0.063697085
0.063697085
0.063697085
0.063697085
0.063697085
0.063697085
0.063697085
0.063697085
0.063697085
0.063697085
0.063697085
0.063697085
0.063697085
0.063697085
0.063697085
0.063697085
0.063697085
0.063697085
0.063697085
0.063697085
0.063697085
0.063697085
0.063697085
0.063697085
0.063697085
0.063697085
0.063697085
0.063697085
0.063697085
0.063697085
0.063697085
0.063697085
0.063697085
0.063697085
0.063697085
0.063697085
0.063697085
0.063697085
0.063697085
0.063697085
0.063697085
0.063697085
0.063697085
0.063697085
0.063697085
0.063697085
0.063697085
0.063697085
0.063697085
0.063697085
0.063697085
0.063697085
0.063697085
0.063697085
0.063697085
0.063697085
0.063697085
0.063697085
0.063697085
0.063697085
0.063697085
0.063697085
0.063697085
0.063697085
0.063697085
0.063697085
0.063697085
0.063697085
0.063697085
0.063697085
0.063697085
0.063697085
0.063697085
0.063697085
0.063697085
0.063697085
0.063697085
0.063697085
0.063697085
0.063697085
0.063697085
0.063697085
0.063697085
0.063697085
0.063697085
0.063697085
0.063697085
0.063697085
0.063697085
0.063697085
0.063697085
0.063697085
0.063697085
0.063697085
0.063697085
0.063697085
0.063697085
0.063697085
0.063697085
0.063697085
0.063697085
0.063697085
0.063697085
0.063697085
0.063697085
0.063697085
0.063697085
0.063697085
0.063697085
0.063697085
0.063697085
0.063697085
0.063697085
0.063697085
0.063697085
0.063697085
0.063697085
0.063697085
0.063697085
0.063697085
0.063697085
0.063697085
0.063697085
0.063697085
0.063697085
0.063697085
0.063697085
0.063697085
0.063697085
0.063697085
0.063697085
0.063697085
0.063697085
0.063697085
0.063697085
0.063697085
0.063697085
0.063697085
0.063697085
0.063697085
0.063697085
0.063697085
0.063697085
0.063697085
0.063697085
0.063697085
0.063697085
0.063697085
0.063697085
0.06367722
0.06367722
0.06367722
0.06367722
0.06367722
0.06367722
0.06367722
0.06367722
0.06367722
0.06367722
0.06367722
0.06367722
0.06367722
0.06367722
0.06367722
0.06367722
0.06367722
0.06367722
0.06367722
0.06367722
0.06367722
0.06367722
0.06367722
0.06367722
0.06367722
0.06367722
0.06367722
0.06367722
0.06367722
0.06367722
0.06367722
0.06367722
0.06367722
0.06367722
0.06367722
0.06367722
0.06367722
0.06367722
0.06367722
0.06367722
0.06367722
0.06367722
0.06367722
0.06367722
0.06367722
0.06367722
0.06367722
0.06367722
0.06367722
0.06367722
0.06367722
0.06367722
0.06367722
0.06367722
0.06367722
0.06367722
0.06367722
0.06367722
0.06367722
0.06367722
0.06367722
0.06367722
0.06367722
0.06367722
0.06367722
0.06367722
0.06367722
0.06367722
0.06367722
0.06367722
0.06078904
0.05864318
0.058456283
0.057132248
0.057132248
0.057132248
0.057132248
0.057132248
0.057132248
0.057132248
0.057132248
0.057132248
0.057132248
0.057132248
0.057132248
0.057132248
0.057132248
0.057132248
0.057132248
0.057132248
0.057132248
0.057132248
0.057132248
0.057132248
0.057132248
0.057132248
0.057132248
0.057132248
0.057132248
0.057132248
0.057132248
0.057132248
0.057132248
0.057132248
0.057132248
0.057132248
0.057132248
0.057132248
0.057132248
0.057132248
0.057132248
0.057132248
0.057132248
0.057132248
0.057132248
0.057132248
0.057132248
0.057132248
0.057132248
0.057132248
0.057132248
0.057132248
0.057132248
0.057132248
0.057132248
0.057132248
0.057132248
0.057132248
0.057132248
0.057132248
0.057132248
0.057132248
0.057132248
0.05708016
0.056841813
0.05662993
0.056331806
0.056331806
0.056331806
0.056331806
0.056331806
0.056331806
0.056331806
0.056331806
0.056331806
0.056331806
0.056331806
0.056331806
0.056331806
0.056331806
0.056331806
0.056331806
0.056331806
0.056331806
0.056331806
0.056331806
0.056331806
0.056331806
0.056331806
0.056331806
0.056331806
0.056331806
0.056331806
0.056331806
0.056331806
0.056331806
0.056331806
0.056331806
0.056331806
0.056331806
0.056331806
0.056331806
0.056331806
0.056331806
0.056331806
0.056331806
0.056331806
0.056331806
0.056331806
0.056331806
0.056331806
0.056331806
0.056331806
0.056331806
0.056331806
0.056331806
0.056331806
0.056331806
0.056331806
0.056331806
0.056331806
0.056331806
0.056331806
0.056331806
0.056331806
0.056331806
0.056331806
0.056331806
0.056331806
0.056331806
0.056331806
0.056331806
0.056331806
0.056331806
0.056331806
0.056331806
0.056331806
0.056331806
0.056331806
0.056331806
0.056331806
0.056331806
0.056331806
0.056331806
0.056331806
0.056331806
0.056331806
0.056331806
0.056331806
0.056331806
0.056331806
0.056331806
0.056331806
0.056331806
0.056331806
0.056331806
0.056331806
0.056331806
0.056331806
0.056331806
0.056331806
0.056331806
0.056331806
0.056331806
0.056331806
0.056331806
0.056331806
0.056331806
0.056331806
0.056331806
0.056331806
0.056331806
0.056331806
0.056331806
0.056331806
0.056331806
0.056331806
0.056331806
0.056331806
0.056331806
0.056331806
0.056331806
0.056331806
0.056331806
0.056331806
0.056331806
0.056331806
0.056331806
0.056331806
0.056331806
0.056331806
0.056331806
0.056331806
0.056331806
0.056331806
0.056331806
0.056331806
0.056331806
0.056331806
0.056331806
0.056331806
0.056331806
0.056331806
0.056331806
0.056331806
0.056331806
0.056331806
0.056331806
0.056331806
0.0549452
0.05480351
0.05480351
0.05480351
0.05480351
0.05480351
0.054163273
0.054163273
0.054163273
0.054163273
0.054163273
0.054163273
0.054163273
0.054163273
0.054163273
0.054163273
0.054163273
0.054163273
0.054163273
0.054163273
0.054163273
0.054163273
0.054163273
0.054163273
0.054163273
0.054163273
0.054163273
0.054163273
0.054163273
0.054163273
0.054163273
0.054163273
0.054163273
0.054163273
0.054163273
0.054163273
0.054163273
0.054163273
0.054163273
0.054163273
0.054163273
0.054163273
0.054163273
0.054163273
0.054163273
0.054163273
0.054163273
0.054163273
0.054163273
0.054163273
0.054163273
0.054163273
0.054163273
0.054163273
0.054163273
0.054163273
0.054163273
0.054163273
0.054163273
0.054163273
0.054163273
0.054163273
0.054163273
0.054163273
0.054163273
0.054163273
0.054163273
0.054163273
0.054163273
0.054163273
0.054163273
0.054163273
0.054163273
0.054163273
0.054163273
0.054163273
0.054163273
0.054163273
0.054163273
0.054163273
0.054163273
0.054163273
0.054163273
0.054163273
0.054163273
0.054163273
0.054163273
0.054163273
0.054163273
0.054163273
0.054163273
0.054163273
0.054163273
0.054163273
0.054163273
0.054163273
0.054163273
0.054163273
0.054163273
0.054163273
0.054163273
0.054008875
0.053451657
0.052430607
0.052430607
0.052430607
0.052430607
0.052430607
0.052430607
0.052430607
0.052430607
0.052430607
0.052430607
0.052430607
0.052430607
0.052430607
0.052430607
0.052430607
0.052430607
0.052430607
0.052430607
0.052430607
0.052430607
0.052430607
0.052430607
0.052430607
0.052430607
0.052430607
0.052430607
0.052430607
0.052430607
0.052430607
0.052430607
0.052430607
0.052430607
0.052430607
0.052430607
0.052430607
0.052430607
0.052430607
0.052430607
0.052430607
0.052430607
0.052430607
0.052430607
0.052430607
0.052430607
0.052430607
0.052430607
0.052430607
0.052430607
0.052430607
0.052430607
0.052430607
0.052430607
0.052430607
0.052430607
0.052430607
0.052430607
0.052430607
0.052430607
0.052430607
0.052430607
0.052430607
0.052430607
0.052430607
0.052430607
0.052430607
0.052430607
0.052430607
0.052430607
0.052430607
0.052430607
0.052430607
0.052430607
0.052430607
0.052430607
0.052430607
0.052430607
0.052430607
0.052430607
0.052430607
0.052430607
0.052430607
0.052430607
0.052430607
0.052430607
0.052430607
0.052430607
0.052430607
0.052430607
0.052430607
0.052430607
0.052430607
0.052430607
0.052430607
0.052430607
0.052430607
0.052430607
0.052430607
0.052430607
0.052430607
0.052430607
0.052430607
0.052430607
0.052430607
0.052430607
0.052430607
0.052430607
0.052430607
0.052430607
0.052430607
0.052430607
0.052430607
0.052430607
0.052430607
0.052430607
0.052430607
0.052430607
0.052430607
0.052430607
0.052430607
0.052430607
0.052430607
0.052430607
0.052430607
0.052430607
0.052430607
0.052430607
0.052430607
0.052430607
0.052430607
0.052430607
0.052430607
0.052430607
0.051989865
0.050937764
0.050908606
0.05029115
0.05029115
0.05029115
0.05029115
0.05029115
0.05029115
0.05029115
0.05029115
0.05029115
0.05029115
0.05029115
0.05029115
0.05029115
0.05029115
0.05029115
0.05029115
0.05029115
0.05029115
0.05029115
0.05029115
0.05029115
0.05029115
0.05029115
0.05029115
0.05029115
0.05029115
0.05029115
0.05029115
0.05029115
0.05029115
0.05029115
0.05029115
0.05029115
0.05029115
0.05029115
0.05029115
0.05029115
0.05029115
0.05029115
0.05029115
0.05029115
0.05029115
0.05029115
0.05029115
0.05029115
0.05029115
0.05029115
0.05029115
0.05029115
0.05029115
0.05029115
0.05029115
0.05029115
0.05029115
0.05029115
0.05029115
0.05029115
0.05029115
0.05029115
0.05029115
0.05029115
0.05029115
0.05029115
0.05029115
0.05029115
0.05029115
0.05029115
0.05029115
0.05029115
0.05029115
0.05029115
0.05029115
0.05029115
0.05029115
0.05029115
0.05029115
0.05029115
0.05029115
0.05029115
0.05029115
0.05029115
0.05029115
0.05029115
0.05029115
0.05029115
0.05029115
0.05029115
0.05029115
0.05029115
0.05029115
0.05029115
0.05029115
0.05029115
0.05029115
0.05029115
0.05029115
0.05029115
0.05029115
0.05029115
0.05029115
0.05029115
0.05029115
0.05029115
0.05029115
0.05029115
0.05029115
0.05029115
0.05029115
0.05029115
0.05029115
0.05029115
0.05029115
0.05029115
0.05029115
0.05029115
0.05029115
0.05029115
0.05029115
0.05029115
0.05029115
0.05029115
0.05029115
0.05029115
0.05029115
0.05029115
0.05029115
0.05029115
0.05029115
0.05029115
0.05029115
0.05029115
0.05029115
0.05029115
0.05029115
0.05029115
0.05029115
0.049567316
0.049567316
0.048802808
0.04853836
0.048421867
0.048421867
0.048421867
0.048421867
0.048421867
0.048421867
0.048421867
0.048421867
0.048421867
0.048421867
0.048421867
0.048421867
0.048421867
0.048421867
0.048421867
0.048421867
0.048421867
0.048421867
0.048421867
0.048421867
0.048421867
0.048421867
0.048421867
0.048421867
0.048421867
0.048421867
0.048421867
0.048421867
0.048421867
0.048421867
0.048421867
0.048421867
0.048421867
0.048421867
0.048421867
0.048421867
0.048421867
0.048421867
0.048421867
0.048421867
0.048421867
0.048421867
0.048421867
0.048421867
0.048421867
0.048421867
0.048421867
0.048421867
0.048421867
0.048421867
0.048421867
0.048421867
0.048421867
0.048421867
0.048421867
0.048421867
0.048421867
0.048421867
0.048421867
0.048421867
0.048421867
0.048421867
0.048421867
0.048421867
0.048421867
0.048421867
0.048421867
0.048421867
0.048421867
0.048421867
0.048421867
0.048421867
0.048421867
0.048421867
0.048421867
0.048421867
0.048421867
0.048421867
0.048421867
0.048421867
0.048421867
0.048421867
0.048421867
0.048421867
0.048421867
0.048421867
0.048421867
0.048421867
0.048421867
0.048421867
0.048421867
0.048421867
0.048421867
0.048421867
0.048421867
0.048421867
0.048421867
0.048421867
0.048421867
0.048421867
0.048421867
0.048421867
0.048421867
0.048421867
0.048421867
0.048421867
0.048421867
0.048421867
0.048421867
0.048421867
0.048421867
0.048421867
0.048421867
0.048421867
0.048421867
0.048421867
0.048421867
0.048421867
0.048421867
0.048421867
0.048421867
0.048421867
0.048421867
0.048421867
0.048421867
0.048421867
0.048421867
0.048421867
0.048421867
0.048421867
0.048421867
0.048421867
0.048421867
0.048421867
0.048421867
0.048421867
0.048421867
0.048421867
0.048421867
0.048421867
0.048421867
0.048421867
0.048421867
0.048421867
0.048421867
0.048421867
0.048421867
0.048421867
0.048421867
0.048421867
0.048421867
0.048421867
0.048421867
0.048421867
0.048421867
0.048421867
0.048421867
0.048421867
0.048421867
0.048421867
0.048421867
0.048421867
0.048421867
0.048421867
0.048421867
0.048421867
0.048421867
0.048421867
0.048421867
0.048421867
0.048421867
0.048421867
0.048421867
0.048421867
0.048421867
0.048421867
0.048421867
0.048421867
0.048260037
0.04714696
0.047141064
0.04702756
0.04689945
0.04644891
0.04644891
0.04644891
0.04611436
0.04611436
0.04611436
0.04611436
0.04611436
0.04611436
0.04611436
0.04611436
0.04611436
0.04611436
0.04611436
0.04611436
0.04611436
0.04611436
0.04611436
0.04611436
0.04611436
0.04611436
0.04611436
0.04611436
0.04611436
0.04611436
0.04611436
0.04611436
0.04611436
0.04611436
0.04611436
0.04611436
0.04611436
0.04611436
0.04611436
0.04611436
0.04611436
0.04611436
0.04611436
0.04611436
0.04611436
0.04611436
0.04611436
0.04611436
0.04611436
0.04611436
0.04611436
0.04611436
0.04611436
0.04611436
0.04611436
0.04611436
0.04611436
0.04611436
0.04611436
0.04611436
0.04611436
0.04611436
0.04611436
0.04611436
0.04611436
0.04611436
0.04611436
0.04611436
0.04611436
0.04611436
0.04611436
0.04611436
0.04611436
0.04611436
0.04611436
0.04611436
0.04611436
0.04611436
0.04611436
0.04611436
0.04611436
0.04611436
0.04611436
0.04611436
0.04611436
0.04611436
0.04611436
0.04611436
0.04611436
0.04611436
0.04611436
0.04611436
0.04611436
0.04611436
0.04611436
0.04611436
0.04611436
0.04611436
0.04611436
0.04611436
0.04611436
0.04611436
0.04611436
0.04611436
0.04611436
0.04611436
0.04611436
0.04611436
0.04611436
0.04611436
0.04611436
0.04611436
0.04611436
0.04611436
0.04611436
0.04611436
0.04611436
0.04611436
0.04611436
0.04611436
0.04611436
0.04611436
0.04611436
0.04611436
0.04611436
0.04611436
0.04611436
0.04611436
0.04611436
0.04611436
0.04611436
0.04611436
0.04611436
0.04611436
0.04611436
0.04611436
0.04548804
0.04548804
0.0454869
0.0454869
0.04486664
0.04464391
0.044304404
0.044174664
0.043929145
0.043779444
0.043127522
0.04307645
0.04307645
0.04307645
0.04307645
0.04307645
0.04307645
0.04307645
0.04307645
0.04307645
0.042950474
0.042950474
0.042780876
0.040710084
0.040710084
0.040710084
0.040710084
0.040710084
0.040710084
0.040710084
0.040710084
0.040710084
0.040710084
0.040710084
0.040710084
0.040710084
0.040710084
0.040710084
0.040710084
0.040710084
0.040710084
0.040710084
0.040710084
0.040710084
0.040710084
0.040710084
0.040710084
0.040710084
0.040710084
0.040710084
0.040710084
0.040710084
0.040710084
0.040710084
0.040710084
0.040710084
0.040710084
0.040710084
0.040710084
0.040710084
0.040710084
0.040710084
0.040710084
0.040710084
0.040710084
0.040710084
0.040710084
0.040710084
0.040710084
0.040710084
0.040710084
0.040710084
0.040710084
0.040710084
0.040710084
0.040710084
0.040710084
0.040710084
0.040710084
0.040710084
0.040710084
0.040710084
0.040710084
0.040710084
0.040710084
0.040710084
0.040710084
0.040710084
0.040710084
0.040710084
0.040710084
0.040710084
0.040710084
0.040710084
0.040710084
0.040710084
0.040710084
0.040710084
0.040710084
0.040710084
0.040710084
0.040710084
0.040710084
0.04063325
0.04061754
0.040529355
0.040433615
0.04043094
0.04034723
0.04034723
0.04034723
0.04034723
0.04034723
0.04034723
0.04034723
0.04034723
0.04034723
0.04034723
0.04034723
0.04034723
0.04034723
0.04034723
0.04034723
0.04034723
0.04034723
0.04034723
0.04034723
0.04034723
0.04034723
0.04034723
0.04034723
0.04034723
0.04034723
0.04034723
0.04034723
0.04034723
0.04034723
0.04034723
0.04034723
0.04034723
0.04034723
0.04034723
0.04034723
0.04034723
0.04034723
0.04034723
0.04034723
0.04034723
0.04034723
0.04034723
0.04034723
0.04034723
0.04034723
0.04034723
0.04034723
0.04034723
0.04034723
0.04034723
0.04034723
0.04034723
0.04034723
0.04034723
0.04034723
0.04034723
0.04034723
0.04034723
0.04034723
0.04034723
0.04034723
0.04034723
0.04034723
0.04034723
0.04034723
0.04034723
0.04034723
0.04034723
0.04034723
0.04034723
0.04034723
0.04034723
0.04034723
0.04034723
0.04034723
0.04034723
0.04034723
0.04034723
0.04034723
0.04034723
0.04034723
0.04034723
0.04034723
0.04034723
0.04034723
0.04034723
0.04034723
0.04034723
0.04034723
0.04034723
0.04034723
0.04034723
0.04034723
0.04034723
0.04034723
0.04034723
0.04034723
0.04034723
0.04034723
0.04034723
0.04034723
0.04034723
0.04034723
0.04034723
0.04034723
0.04034723
0.04034723
0.04034723
0.04034723
0.04034723
0.04034723
0.04034723
0.04034723
0.04034723
0.04034723
0.04034723
0.04034723
0.03975897
0.03975897
0.03975897
0.03975897
0.03975897
0.03975897
0.03975897
0.03975897
0.03975897
0.03975897
0.03975897
0.03975897
0.03975897
0.03975897
0.03975897
0.03975897
0.03975897
0.03975897
0.03975897
0.03975897
0.03975897
0.03975897
0.03975897
0.03975897
0.03975897
0.03975897
0.03975897
0.03975897
0.03975897
0.03975897
0.03975897
0.03975897
0.03975897
0.03975897
0.03975897
0.03975897
0.03975897
0.03975897
0.03975897
0.03975897
0.03975897
0.03975897
0.03975897
0.03975897
0.03975897
0.03975897
0.03975897
0.03975897
0.03975897
0.03975897
0.03975897
0.03975897
0.03975897
0.03975897
0.03975897
0.03975897
0.03975897
0.03975897
0.03975897
0.03975897
0.03975897
0.03975897
0.03975897
0.03975897
0.03975897
0.03975897
0.03975897
0.03975897
0.03975897
0.03975897
0.03975897
0.03975897
0.03975897
0.03975897
0.03975897
0.03975897
0.03975897
0.03975897
0.03975897
0.03975897
0.03975897
0.03975897
0.03975897
0.03975897
0.03975897
0.03975897
0.03975897
0.03975897
0.03975897
0.03975897
0.03975897
0.03975897
0.039724097
0.039724097
0.03959207
0.03959207
0.03959207
0.03959207
0.03959207
0.039057884
0.03872387
0.03872387
0.03872387
0.03872387
0.03872387
0.03872387
0.03872387
0.03872387
0.03872387
0.03872387
0.03872387
0.03872387
0.03872387
0.03872387
0.03872387
0.03872387
0.03872387
0.03872387
0.03872387
0.03872387
0.03872387
0.03872387
0.03872387
0.03872387
0.03872387
0.03872387
0.03872387
0.03872387
0.03872387
0.03872387
0.03872387
0.03872387
0.03872387
0.03872387
0.03872387
0.03872387
0.03872387
0.03872387
0.03872387
0.03872387
0.03872387
0.03872387
0.03872387
0.03872387
0.03872387
0.03872387
0.03872387
0.03872387
0.03872387
0.03872387
0.03872387
0.03872387
0.03872387
0.03872387
0.03872387
0.03872387
0.03872387
0.03872387
0.03872387
0.03872387
0.03872387
0.03872387
0.03872387
0.03872387
0.03872387
0.03872387
0.03872387
0.03872387
0.03872387
0.03872387
0.03872387
0.03872387
0.03872387
0.03872387
0.03872387
0.03872387
0.03872387
0.03872387
0.03872387
0.03872387
0.03872387
0.03872387
0.03872387
0.03872387
0.03872387
0.03872387
0.03872387
0.03872387
0.03872387
0.03872387
0.03872387
0.03872387
0.03872387
0.03872387
0.03872387
0.03872387
0.03872387
0.03872387
0.03872387
0.03872387
0.03872387
0.03872387
0.03872387
0.03872387
0.03872387
0.03872387
0.03872387
0.03872387
0.03872387
0.03872387
0.03872387
0.03872387
0.03872387
0.03872387
0.03872387
0.03872387
0.03872387
0.03872387
0.03872387
0.03872387
0.03872387
0.03872387
0.03872387
0.03872387
0.03872387
0.03872387
0.03872387
0.03872387
0.03872387
0.03872387
0.03872387
0.03872387
0.03872387
0.03872387
0.03872387
0.03872387
0.03872387
0.03872387
0.03872387
0.03872387
0.03872387
0.03872387
0.03872387
0.03872387
0.03872387
0.03872387
0.03872387
0.03872387
0.03872387
0.03872387
0.03872387
0.03872387
0.03872387
0.03872387
0.03872387
0.03872387
0.03872387
0.03872387
0.03872387
0.03872387
0.03872387
0.03872387
0.03872387
0.03872387
0.03872387
0.03872387
0.03872387
0.03872387
0.03872387
0.03872387
0.03872387
0.03872387
0.03872387
0.03872387
0.03872387
0.03872387
0.03872387
0.03872387
0.03872387
0.03872387
0.03872387
0.03872387
0.03872387
0.03872387
0.03872387
0.03872387
0.03872387
0.03872387
0.03872387
0.03872387
0.03872387
0.03872387
0.037939575
0.037939575
0.037939575
0.037939575
0.037939575
0.037939575
0.037939575
0.037939575
0.037939575
0.037939575
0.037939575
0.037939575
0.037939575
0.037939575
0.037939575
0.037939575
0.037939575
0.037939575
0.037939575
0.037939575
0.037939575
0.037939575
0.037939575
0.037939575
0.037939575
0.037939575
0.037939575
0.037939575
0.037939575
0.037939575
0.037939575
0.037939575
0.037939575
0.037939575
0.037939575
0.037939575
0.037939575
0.037939575
0.037939575
0.037939575
0.037939575
0.037939575
0.037939575
0.037939575
0.037939575
0.037939575
0.037939575
0.037939575
0.037939575
0.037939575
0.037939575
0.037939575
0.037939575
0.037939575
0.037939575
0.037939575
0.037939575
0.037939575
0.037939575
0.037939575
0.037939575
0.037939575
0.037939575
0.037939575
0.037939575
0.037939575
0.037939575
0.037939575
0.037939575
0.037939575
0.037939575
0.037939575
0.037939575
0.037939575
0.037939575
0.037939575
0.037939575
0.037939575
0.037939575
0.037939575
0.037939575
0.037939575
0.037939575
0.037939575
0.037939575
0.037939575
0.037939575
0.037939575
0.037939575
0.037939575
0.037939575
0.037939575
0.037939575
0.037939575
0.037939575
0.037939575
0.037939575
0.037939575
0.037939575
0.037939575
0.037939575
0.037939575
0.037939575
0.037939575
0.037939575
0.037939575
0.037939575
0.037939575
0.037939575
0.037939575
0.037939575
0.037939575
0.037939575
0.037939575
0.037939575
0.037939575
0.037939575
0.037939575
0.037939575
0.037939575
0.037939575
0.037939575
0.037939575
0.037939575
0.037939575
0.037939575
0.037939575
0.037939575
0.037939575
0.037939575
0.037939575
0.037939575
0.037939575
0.037939575
0.037939575
0.037939575
0.037939575
0.037939575
0.037939575
0.037939575
0.037939575
0.037939575
0.037939575
0.037939575
0.037939575
0.037939575
0.037939575
0.037939575
0.037939575
0.037939575
0.03790509
0.037846588
0.037846588
0.037846588
0.037732787
0.03761561
0.03761561
0.03761561
0.03761561
0.03761561
0.03761561
0.03761561
0.03761561
0.03761561
0.03761561
0.03761561
0.03761561
0.03761561
0.03761561
0.03761561
0.03761561
0.03761561
0.03761561
0.03761561
0.03761561
0.03761561
0.03761561
0.03761561
0.03761561
0.03761561
0.03761561
0.03761561
0.03761561
0.03761561
0.03761561
0.03761561
0.03761561
0.03761561
0.03761561
0.03761561
0.03761561
0.03761561
0.03761561
0.03761561
0.03761561
0.03761561
0.03761561
0.03761561
0.03761561
0.03761561
0.03761561
0.03761561
0.03761561
0.03761561
0.03761561
0.03761561
0.03761561
0.03761561
0.03761561
0.03761561
0.03761561
0.03761561
0.03761561
0.03761561
0.03761561
0.03761561
0.03761561
0.03761561
0.03761561
0.03761561
0.03761561
0.03761561
0.03761561
0.03761561
0.03761561
0.03761561
0.03761561
0.03761561
0.03761561
0.03761561
0.03761561
0.03761561
0.03761561
0.03761561
0.03761561
0.03761561
0.03761561
0.03761561
0.03761561
0.03761561
0.03761561
0.03761561
0.03761561
0.03761561
0.03761561
0.03761561
0.03761561
0.03761561
0.03761561
0.03761561
0.03761561
0.03761561
0.03761561
0.03761561
0.03761561
0.03761561
0.03761561
0.03761561
0.03761561
0.03761561
0.03761561
0.03761561
0.03761561
0.03761561
0.03761561
0.03761561
0.03761561
0.03761561
0.03761561
0.03761561
0.03761561
0.03761561
0.03761561
0.03761561
0.03761561
0.03761561
0.03761561
0.03761561
0.03761561
0.03761561
0.03761561
0.03761561
0.03761561
0.03761561
0.03761561
0.03761561
0.03761561
0.03761561
0.03761561
0.03761561
0.03761561
0.03761561
0.03761561
0.03761561
0.03761561
0.03761561
0.03761561
0.03761561
0.03761561
0.03761561
0.03761561
0.03761561
0.03761561
0.03761561
0.03761561
0.03761561
0.03761561
0.03761561
0.03761561
0.03761561
0.03761561
0.03761561
0.037275057
0.037275057
0.037275057
0.037275057
0.037275057
0.037275057
0.037275057
0.037275057
0.037275057
0.037275057
0.037275057
0.037275057
0.037275057
0.037050802
0.036366522
0.036366522
0.036366522
0.036366522
0.036366522
0.036366522
0.036366522
0.036366522
0.036366522
0.036366522
0.036366522
0.036366522
0.036366522
0.036366522
0.036366522
0.036366522
0.036366522
0.036366522
0.036366522
0.036366522
0.036366522
0.036366522
0.036366522
0.036366522
0.036366522
0.036366522
0.036366522
0.036366522
0.036366522
0.036366522
0.036366522
0.036366522
0.036366522
0.036366522
0.036366522
0.036366522
0.036366522
0.036366522
0.036366522
0.036366522
0.036366522
0.036366522
0.036366522
0.036366522
0.036366522
0.036366522
0.036366522
0.036366522
0.036366522
0.036366522
0.036366522
0.036366522
0.036366522
0.036366522
0.036366522
0.036366522
0.036366522
0.036366522
0.036366522
0.036366522
0.036366522
0.036366522
0.036366522
0.036366522
0.036366522
0.036366522
0.036366522
0.036366522
0.036366522
0.036366522
0.036366522
0.036366522
0.036366522
0.036366522
0.036366522
0.036366522
0.036366522
0.036366522
0.036366522
0.036366522
0.036366522
0.036366522
0.036366522
0.036366522
0.036366522
0.036366522
0.036038693
0.036038693
0.036038693
0.036038693
0.036038693
0.035824902
0.03579672
0.035260707
0.035260707
0.03522592
0.035117093
0.03467259
0.03467259
0.03467259
0.034636453
0.034388468
0.03438102
0.034371555
0.034173433
0.034173433
0.034173433
0.034173433
0.034173433
0.034173433
0.034173433
0.034173433
0.034173433
0.034173433
0.034173433
0.034173433
0.034173433
0.034173433
0.034173433
0.034173433
0.034173433
0.034173433
0.034173433
0.034173433
0.034173433
0.034173433
0.034173433
0.034173433
0.034173433
0.034173433
0.034173433
0.034173433
0.034173433
0.034173433
0.034173433
0.034173433
0.034173433
0.034173433
0.034173433
0.034173433
0.034173433
0.034173433
0.034173433
0.034173433
0.034173433
0.034173433
0.034173433
0.034173433
0.034173433
0.034173433
0.034173433
0.034173433
0.034173433
0.034173433
0.034173433
0.034173433
0.034173433
0.034173433
0.034173433
0.034173433
0.034173433
0.034173433
0.034173433
0.034173433
0.034173433
0.034173433
0.034173433
0.034173433
0.034173433
0.034173433
0.034173433
0.034173433
0.034173433
0.034173433
0.034173433
0.034173433
0.034173433
0.034173433
0.034173433
0.034173433
0.034173433
0.034173433
0.034173433
0.034173433
0.034173433
0.034173433
0.034173433
0.034173433
0.034173433
0.034173433
0.034173433
0.034173433
0.034173433
0.034173433
0.034173433
0.034173433
0.034173433
0.034173433
0.034173433
0.034173433
0.034173433
0.034173433
0.034173433
0.034173433
0.034173433
0.034173433
0.034173433
0.034173433
0.034173433
0.034173433
0.034173433
0.034173433
0.034124844
0.034124844
0.034124844
0.034124844
0.034124844
0.034124844
0.034124844
0.034124844
0.034124844
0.034124844
0.034124844
0.034124844
0.034124844
0.034124844
0.034124844
0.034124844
0.034124844
0.034124844
0.034124844
0.034120016
0.034099087
0.033870045
0.033870045
0.033870045
0.033870045
0.033870045
0.033870045
0.033870045
0.033870045
0.033870045
0.033870045
0.033870045
0.033870045
0.033870045
0.033870045
0.033870045
0.033870045
0.033870045
0.033870045
0.033870045
0.033870045
0.033870045
0.033870045
0.033870045
0.033870045
0.033870045
0.033870045
0.033870045
0.033870045
0.033870045
0.033870045
0.033870045
0.033870045
0.033870045
0.033870045
0.033870045
0.033870045
0.033870045
0.033870045
0.033870045
0.033870045
0.033870045
0.033870045
0.033870045
0.033870045
0.033870045
0.033870045
0.033870045
0.033870045
0.033870045
0.033870045
0.033870045
0.033870045
0.033870045
0.033870045
0.033870045
0.033870045
0.033870045
0.033870045
0.033870045
0.033870045
0.033870045
0.033870045
0.033870045
0.033870045
0.033870045
0.033870045
0.033870045
0.033870045
0.033870045
0.033870045
0.033870045
0.033870045
0.033870045
0.033870045
0.033870045
0.033870045
0.033870045
0.033870045
0.033870045
0.033870045
0.033870045
0.033870045
0.033870045
0.033870045
0.033870045
0.033870045
0.033870045
0.033870045
0.033870045
0.033870045
0.033870045
0.033870045
0.033870045
0.033870045
0.033870045
0.033870045
0.033870045
0.033870045
0.033870045
0.033870045
0.033870045
0.033870045
0.033870045
0.033870045
0.033870045
0.033870045
0.033870045
0.033870045
0.033870045
0.033870045
0.033870045
0.033870045
0.033870045
0.033870045
0.033870045
0.033870045
0.033870045
0.033870045
0.033870045
0.033870045
0.033870045
0.033870045
0.033870045
0.033870045
0.033870045
0.033870045
0.033870045
0.033870045
0.033870045
0.033870045
0.033870045
0.033870045
0.033870045
0.033870045
0.033870045
0.033870045
0.033870045
0.033870045
0.033870045
0.033870045
0.033870045
0.033870045
0.033870045
0.033870045
0.033870045
0.033870045
0.033870045
0.033870045
0.033870045
0.033870045
0.033870045
0.033870045
0.033870045
0.033870045
0.033870045
0.033870045
0.033870045
0.033870045
0.033870045
0.033870045
0.033870045
0.033870045
0.033870045
0.033870045
0.033870045
0.033870045
0.033870045
0.033870045
0.033870045
0.033870045
0.033870045
0.033870045
0.033870045
0.033870045
0.033870045
0.033870045
0.033870045
0.033870045
0.033870045
0.033870045
0.033870045
0.033870045
0.033870045
0.033870045
0.033870045
0.033870045
0.033870045
0.033870045
0.033870045
0.033870045
0.033870045
0.033870045
0.033870045
0.033870045
0.033870045
0.033870045
0.033870045
0.033870045
0.033870045
0.03385864
0.03384287
0.03384287
0.03384287
0.03384287
0.03384287
0.03368378
0.03364682
0.033586126
0.03345644
0.033451755
0.033451755
0.033451755
0.033451755
0.033451755
0.033451755
0.033451755
0.033451755
0.033451755
0.033451755
0.033451755
0.033451755
0.033451755
0.033451755
0.033451755
0.033451755
0.033451755
0.033451755
0.033451755
0.033451755
0.033451755
0.033451755
0.033451755
0.033451755
0.033451755
0.033451755
0.033451755
0.033451755
0.033451755
0.033451755
0.033451755
0.033451755
0.033451755
0.033451755
0.033451755
0.033451755
0.033451755
0.033451755
0.033451755
0.033451755
0.033451755
0.033451755
0.033451755
0.033451755
0.033451755
0.033451755
0.033451755
0.033451755
0.033451755
0.033451755
0.033451755
0.033451755
0.033451755
0.033451755
0.033451755
0.033451755
0.033451755
0.033451755
0.033451755
0.033451755
0.033451755
0.033451755
0.033451755
0.033451755
0.033451755
0.033451755
0.033451755
0.033451755
0.033451755
0.033451755
0.033451755
0.033451755
0.033451755
0.033451755
0.033451755
0.033451755
0.033451755
0.033451755
0.033451755
0.033451755
0.033451755
0.033451755
0.033451755
0.033451755
0.033451755
0.033451755
0.033451755
0.033451755
0.033451755
0.033451755
0.033451755
0.033451755
0.033451755
0.033451755
0.033451755
0.033451755
0.033451755
0.033451755
0.033451755
0.033451755
0.033451755
0.033451755
0.033451755
0.033451755
0.033451755
0.033451755
0.033451755
0.033451755
0.033451755
0.033451755
0.033451755
0.033451755
0.033451755
0.033451755
0.033451755
0.033451755
0.033451755
0.033451755
0.033451755
0.033451755
0.033451755
0.033451755
0.033451755
0.033451755
0.033451755
0.033451755
0.033451755
0.033451755
0.033451755
0.033451755
0.033451755
0.033451755
0.033451755
0.033451755
0.033451755
0.033451755
0.033451755
0.033451755
0.033451755
0.033451755
0.033451755
0.033451755
0.033451755
0.033451755
0.033451755
0.033451755
0.033451755
0.033451755
0.033451755
0.033451755
0.033451755
0.033451755
0.033451755
0.033451755
0.033451755
0.033451755
0.033451755
0.033451755
0.033451755
0.033451755
0.033451755
0.033451755
0.033451755
0.033451755
0.033451755
0.033451755
0.033451755
0.033451755
0.033451755
0.033451755
0.033451755
0.033451755
0.033451755
0.033451755
0.033451755
0.033331193
0.032595675
0.03251734
0.03251734
0.03251734
0.03251734
0.03251734
0.03251734
0.03251734
0.03251734
0.03251734
0.03251734
0.03251734
0.03251734
0.03251734
0.03251734
0.03251734
0.03251734
0.03251734
0.03251734
0.03251734
0.03251734
0.03251734
0.03251734
0.03251734
0.03251734
0.03251734
0.03251734
0.03251734
0.03251734
0.03251734
0.03251734
0.03251734
0.03251734
0.03251734
0.03251734
0.03251734
0.03251734
0.03251734
0.03251734
0.03251734
0.03251734
0.03251734
0.03251734
0.03251734
0.03251734
0.03251734
0.03251734
0.03251734
0.03251734
0.03251734
0.03251734
0.03251734
0.03251734
0.03251734
0.03251734
0.03251734
0.03251734
0.03251734
0.03251734
0.03251734
0.03251734
0.03251734
0.03251734
0.03251734
0.03251734
0.03251734
0.03251734
0.03251734
0.03251734
0.03251734
0.03251734
0.03251734
0.03251734
0.03251734
0.03251734
0.03251734
0.03251734
0.03251734
0.03251734
0.03251734
0.03251734
0.03251734
0.03251734
0.03251734
0.03251734
0.03251734
0.03251734
0.03251734
0.03251734
0.03251734
0.03251734
0.03251734
0.03251734
0.03251734
0.03251734
0.03251734
0.03251734
0.03251734
0.03251734
0.03251734
0.03251734
0.03251734
0.03251734
0.03251734
0.03251734
0.03251734
0.03251734
0.03251734
0.03251734
0.03251734
0.03251734
0.03251734
0.03251734
0.03251734
0.03251734
0.03251734
0.03251734
0.03251734
0.03251734
0.03251734
0.03251734
0.03251734
0.03251734
0.03251734
0.03251734
0.03251734
0.03251734
0.03251734
0.03251734
0.03251734
0.03251734
0.03251734
0.03251734
0.03251734
0.03251734
0.03251734
0.03237476
0.03237476
0.03237476
0.03237476
0.03237476
0.03237476
0.03237476
0.03237476
0.03237476
0.03237476
0.03237476
0.03237476
0.03237476
0.03237476
0.03237476
0.03237476
0.03237476
0.03237476
0.03237476
0.03237476
0.03237476
0.03237476
0.03237476
0.03237476
0.03237476
0.03237476
0.03237476
0.03237476
0.03237476
0.03237476
0.03237476
0.03237476
0.03237476
0.03237476
0.03237476
0.03237476
0.03237476
0.03237476
0.03237476
0.03237476
0.03237476
0.03237476
0.03237476
0.03237476
0.03237476
0.03237476
0.03237476
0.03237476
0.03237476
0.03237476
0.03237476
0.03237476
0.03237476
0.03237476
0.03237476
0.03237476
0.03237476
0.03237476
0.03237476
0.03237476
0.03237476
0.03237476
0.03237476
0.03237476
0.03237476
0.03237476
0.03237476
0.03237476
0.03237476
0.03237476
0.03237476
0.03237476
0.03237476
0.03237476
0.03237476
0.03237476
0.03237476
0.03237476
0.03237476
0.03237476
0.03237476
0.03237476
0.03237476
0.03237476
0.03237476
0.03237476
0.03237476
0.03237476
0.03237476
0.03237476
0.03237476
0.03237476
0.03237476
0.03237476
0.03237476
0.03237476
0.03237476
0.03237476
0.03237476
0.03237476
0.03237476
0.03237476
0.03237476
0.03237476
0.03237476
0.03237476
0.03237476
0.03237476
0.03237476
0.03237476
0.03237476
0.03237476
0.03237476
0.03237476
0.03237476
0.03237476
0.03237476
0.03237476
0.03237476
0.03237476
0.03237476
0.03237476
0.03237476
0.03237476
0.03237476
0.03237476
0.03237476
0.03237476
0.03237476
0.03237476
0.03237476
0.03237476
0.03237476
0.03237476
0.03237476
0.03237476
0.03237476
0.03237476
0.03237476
0.03237476
0.03237476
0.03237476
0.03237476
0.03237476
0.03237476
0.03237476
0.03237476
0.03237476
0.03237476
0.03237476
0.03237476
0.03237476
0.03237476
0.03237476
0.03237476
0.03237476
0.03237476
0.03237476
0.03237476
0.03237476
0.03237476
0.03237476
0.03237476
0.03237476
0.03237476
0.03237476
0.03237476
0.03237476
0.03237476
0.03237476
0.03237476
0.03237476
0.03237476
0.03237476
0.032080878
0.032077454
0.032077454
0.032077454
0.032077454
0.032077454
0.032077454
0.032077454
0.032077454
0.032077454
0.032077454
0.032077454
0.032077454
0.032077454
0.032077454
0.032077454
0.032077454
0.032077454
0.032077454
0.032077454
0.032077454
0.032077454
0.032077454
0.032077454
0.032077454
0.032077454
0.032077454
0.032077454
0.032077454
0.032077454
0.032077454
0.032077454
0.032000795
0.031933445
0.03190427
0.031708322
0.031631585
0.031599995
0.031454217
0.031454217
0.031454217
0.031454217
0.031454217
0.031454217
0.031454217
0.031454217
0.031454217
0.031454217
0.031454217
0.031454217
0.031454217
0.031454217
0.031454217
0.031454217
0.031454217
0.031454217
0.031454217
0.031454217
0.031454217
0.031454217
0.031454217
0.031454217
0.031454217
0.031454217
0.031454217
0.031454217
0.031454217
0.031454217
0.031454217
0.031454217
0.031454217
0.031454217
0.031454217
0.031454217
0.031454217
0.031454217
0.031454217
0.031454217
0.031454217
0.031454217
0.031454217
0.031454217
0.031454217
0.031454217
0.031454217
0.031454217
0.031454217
0.031454217
0.031454217
0.031454217
0.031454217
0.031454217
0.031454217
0.031454217
0.031454217
0.031454217
0.031454217
0.031454217
0.031454217
0.031454217
0.031454217
0.031454217
0.031454217
0.031454217
0.031454217
0.031454217
0.031454217
0.031454217
0.031454217
0.031454217
0.031454217
0.031205183
0.03093635
0.030888697
0.030888697
0.030769493
0.030528067
0.030307246
0.030306332
0.030306332
0.030306332
0.030306332
0.030306332
0.030306332
0.030306332
0.030306332
0.030306332
0.030306332
0.030306332
0.030306332
0.030306332
0.030306332
0.030306332
0.030306332
0.030306332
0.030306332
0.030306332
0.030306332
0.030306332
0.030306332
0.030306332
0.030306332
0.030306332
0.030306332
0.030306332
0.030306332
0.030306332
0.030306332
0.030306332
0.030306332
0.030306332
0.030306332
0.030306332
0.030306332
0.030306332
0.030306332
0.030306332
0.030306332
0.030306332
0.030306332
0.030306332
0.030306332
0.030306332
0.030306332
0.030306332
0.030306332
0.030306332
0.030306332
0.030306332
0.030306332
0.030306332
0.030306332
0.030306332
0.030306332
0.030306332
0.030306332
0.030306332
0.030306332
0.030306332
0.030306332
0.030306332
0.030306332
0.030306332
0.030306332
0.030306332
0.030306332
0.030306332
0.030306332
0.030306332
0.030306332
0.030306332
0.030306332
0.030306332
0.030306332
0.030306332
0.030306332
0.030306332
0.030306332
0.030306332
0.030306332
0.030306332
0.030306332
0.030306332
0.030306332
0.030306332
0.030306332
0.030306332
0.030306332
0.030306332
0.030306332
0.030306332
0.030306332
0.030306332
0.030306332
0.030306332
0.030306332
0.030306332
0.030306332
0.030306332
0.030306332
0.030306332
0.030306332
0.030306332
0.030306332
0.030306332
0.030306332
0.030306332
0.030306332
0.030306332
0.030306332
0.030306332
0.030306332
0.030306332
0.030306332
0.030306332
0.030306332
0.030306332
0.030306332
0.030306332
0.030306332
0.030306332
0.030306332
0.030306332
0.030306332
0.030306332
0.030306332
0.030306332
0.030306332
0.030306332
0.030306332
0.030306332
0.030306332
0.030306332
0.030306332
0.030306332
0.030306332
0.030306332
0.030306332
0.030306332
0.030306332
0.030306332
0.030306332
0.030306332
0.030306332
0.030306332
0.030306332
0.030306332
0.030306332
0.030306332
0.030306332
0.030306332
0.030306332
0.030306332
0.030306332
0.030306332
0.030306332
0.030306332
0.030306332
0.030306332
0.030306332
0.030306332
0.030306332
0.030306332
0.030306332
0.030306332
0.030306332
0.030306332
0.030306332
0.030306332
0.030306332
0.030306332
0.030306332
0.030306332
0.030306332
0.030306332
0.030306332
0.030306332
0.030306332
0.030306332
0.030306332
0.030306332
0.030306332
0.030306332
0.030306332
0.030306332
0.030306332
0.030306332
0.030306332
0.030306332
0.030306332
0.030306332
0.030306332
0.029959502
0.029903952
0.029894492
0.029852154
0.029831028
0.029831028
0.029831028
0.029831028
0.029831028
0.029831028
0.029831028
0.029831028
0.029831028
0.029831028
0.029831028
0.029831028
0.029831028
0.029831028
0.029831028
0.029831028
0.029831028
0.029831028
0.029831028
0.029831028
0.029831028
0.029831028
0.029831028
0.029831028
0.029831028
0.029831028
0.029831028
0.029831028
0.029831028
0.029831028
0.029831028
0.029831028
0.029831028
0.029831028
0.029831028
0.029831028
0.029831028
0.029831028
0.029831028
0.029831028
0.029831028
0.029831028
0.029831028
0.029831028
0.029831028
0.029831028
0.029831028
0.029831028
0.029831028
0.029831028
0.029831028
0.029831028
0.029831028
0.029831028
0.029831028
0.029831028
0.029831028
0.029831028
0.029831028
0.029831028
0.029831028
0.029831028
0.029831028
0.029831028
0.029831028
0.029831028
0.029831028
0.029831028
0.029831028
0.029831028
0.029831028
0.029831028
0.029831028
0.029831028
0.029831028
0.029831028
0.029831028
0.029831028
0.029831028
0.029831028
0.029831028
0.029831028
0.029831028
0.029831028
0.029831028
0.029831028
0.029831028
0.029831028
0.029831028
0.029831028
0.029831028
0.029831028
0.029831028
0.029831028
0.029831028
0.029831028
0.029831028
0.029831028
0.029831028
0.029831028
0.029831028
0.029831028
0.029831028
0.029831028
0.029831028
0.029831028
0.029831028
0.029831028
0.029831028
0.029831028
0.029831028
0.029831028
0.029831028
0.029831028
0.029831028
0.029831028
0.029831028
0.029831028
0.029831028
0.029831028
0.029831028
0.029831028
0.029831028
0.029831028
0.029831028
0.029831028
0.029831028
0.029831028
0.029831028
0.029831028
0.029831028
0.029831028
0.029831028
0.029831028
0.029831028
0.029831028
0.029831028
0.029740123
0.029627448
0.029571073
0.02952876
0.029424792
0.02942188
0.02942188
0.02942188
0.02942188
0.02942188
0.02942188
0.02942188
0.02942188
0.02942188
0.02942188
0.029367378
0.029266343
0.029230615
0.029229477
0.028864142
0.02861461
0.02861291
0.028571835
0.02849094
0.028307883
0.02829053
0.028205195
0.027922181
0.02787032
0.02787032
0.02787032
0.027749332
0.027728423
0.027503202
0.027487958
0.027079513
0.027048187
0.026996467
0.026996467
0.026996467
0.026996467
0.026996467
0.026996467
0.026996467
0.026996467
0.026996467
0.026837867
0.026837867
0.026837867
0.026837867
0.026837867
0.026837867
0.026737498
0.026737498
0.026737498
0.026737498
0.026737498
0.026737498
0.026737498
0.026737498
0.026737498
0.026737498
0.026699219
0.026692403
0.026692403
0.026692403
0.026692403
0.026692403
0.026692403
0.026692403
0.026692403
0.026692403
0.026692403
0.026692403
0.026692403
0.026692403
0.026692403
0.026692403
0.026692403
0.026692403
0.026692403
0.026692403
0.026692403
0.026692403
0.026692403
0.026692403
0.026692403
0.026692403
0.026692403
0.026692403
0.026692403
0.026692403
0.026692403
0.026692403
0.026692403
0.026692403
0.026692403
0.026692403
0.026692403
0.026692403
0.026692403
0.026692403
0.026692403
0.026692403
0.026692403
0.026692403
0.026692403
0.026692403
0.026692403
0.026692403
0.026692403
0.026692403
0.026692403
0.026692403
0.026692403
0.026692403
0.026692403
0.026692403
0.026692403
0.026692403
0.026692403
0.026692403
0.026692403
0.026692403
0.026692403
0.026692403
0.026692403
0.026692403
0.026692403
0.026692403
0.026692403
0.026692403
0.026692403
0.026692403
0.026692403
0.026692403
0.026692403
0.026692403
0.026692403
0.026692403
0.026692403
0.026692403
0.026692403
0.026692403
0.026692403
0.026692403
0.026692403
0.026692403
0.026692403
0.026692403
0.026692403
0.026692403
0.026692403
0.026692403
0.026692403
0.026692403
0.026692403
0.026692403
0.026692403
0.026692403
0.026692403
0.026692403
0.026692403
0.026692403
0.026692403
0.026692403
0.026692403
0.026692403
0.026692403
0.026692403
0.026692403
0.026692403
0.026692403
0.026692403
0.026692403
0.026692403
0.026692403
0.026692403
0.026692403
0.026692403
0.026692403
0.026692403
0.026692403
0.026692403
0.026692403
0.026692403
0.026692403
0.026692403
0.026692403
0.026692403
0.026692403
0.026692403
0.026692403
0.026692403
0.026692403
0.026692403
0.026692403
0.026692403
0.026692403
0.026692403
0.026692403
0.026692403
0.026692403
0.026692403
0.026692403
0.026692403
0.026692403
0.026692403
0.026692403
0.026692403
0.026692403
0.026692403
0.026692403
0.026692403
0.026692403
0.026692403
0.026692403
0.026692403
0.026692403
0.026692403
0.026692403
0.026692403
0.026692403
0.026692403
0.026692403
0.026692403
0.026692403
0.026692403
0.026692403
0.026692403
0.026692403
0.026692403
0.026692403
0.026692403
0.026692403
0.026692403
0.026692403
0.026692403
0.026692403
0.026692403
0.026692403
0.026692403
0.026692403
0.026692403
0.026692403
0.026692403
0.026692403
0.026692403
0.026692403
0.026692403
0.026692403
0.026692403
0.026692403
0.026692403
0.026692403
0.026692403
0.026692403
0.026692403
0.026692403
0.026692403
0.026692403
0.026692403
0.026692403
0.026692403
0.026692403
0.026692403
0.026692403
0.026692403
0.026692403
0.026692403
0.026692403
0.026692403
0.026692403
0.026692403
0.026692403
0.026692403
0.026692403
0.026692403
0.026692403
0.026692403
0.026692403
0.026692403
0.026692403
0.026692403
0.026692403
0.026692403
0.026692403
0.026692403
0.026692403
0.026692403
0.026692403
0.026692403
0.026692403
0.026692403
0.026692403
0.026692403
0.026692403
0.026692403
0.026692403
0.026692403
0.026692403
0.026570579
0.026550274
0.026536997
0.026254702
0.026254702
0.026254702
0.026254702
0.026254702
0.026254702
0.026254702
0.026254702
0.026254702
0.026254702
0.026254702
0.026254702
0.026254702
0.026254702
0.026254702
0.026254702
0.026254702
0.026254702
0.026254702
0.026254702
0.026254702
0.026254702
0.026254702
0.026254702
0.026254702
0.026254702
0.026254702
0.026254702
0.026254702
0.026254702
0.026254702
0.026254702
0.026254702
0.026254702
0.026254702
0.026254702
0.026254702
0.026223281
0.026223281
0.026223281
0.026223281
0.026181825
0.026160317
0.02611167
0.026104273
0.025903827
0.025799602
0.025799602
0.025780527
0.025739646
0.025686203
0.025686203
0.0256639
0.0256639
0.0256639
0.02556783
0.025511304
0.025511304
0.025494643
0.025316283
0.025168888
0.025108295
0.02508454
0.02508454
0.02508454
0.02508454
0.02508454
0.02508454
0.02508454
0.02508454
0.02508454
0.02508454
0.024869844
0.024869844
0.024869844
0.024869844
0.024869844
0.024869844
0.024869844
0.024869844
0.024869844
0.024869844
0.024869844
0.02484062
0.02481146
0.02481146
0.02481146
0.02481146
0.024706353
0.024540147
0.02451825
0.024020007
0.023904065
0.023904065
0.023904065
0.023904065
0.023904065
0.023902904
0.023686104
0.023686104
0.023686104
0.023686104
0.023680719
0.023589842
0.023582555
0.02357581
0.023470579
0.023470579
0.023470579
0.023470579
0.023470579
0.023470579
0.023470579
0.023470579
0.023470579
0.023470579
0.023470579
0.023470579
0.023470579
0.023470579
0.023345191
0.023337828
0.023241293
0.023179179
0.023179179
0.023170821
0.023130812
0.023121832
0.023120638
0.023091491
0.02296836
0.022873342
0.022825416
0.022759685
0.022632517
0.022632517
0.022632517
0.022546895
0.022546895
0.022546895
0.022483647
0.022427814
0.022425385
0.022411896
0.022031756
0.021720177
0.02149701
0.021406984
0.021314401
0.021314401
0.021314401
0.021314401
0.021314401
0.021314401
0.021314401
0.021314401
0.021314401
0.021314401
0.021314401
0.021314401
0.021314401
0.021314401
0.021314401
0.021314401
0.021314401
0.021314401
0.021314401
0.021314401
0.021314401
0.021314401
0.021314401
0.021314401
0.021314401
0.021314401
0.021314401
0.021314401
0.021314401
0.021314401
0.021314401
0.021314401
0.021314401
0.021314401
0.021314401
0.021314401
0.021314401
0.021314401
0.021314401
0.021314401
0.021314401
0.021314401
0.021314401
0.021314401
0.021314401
0.021314401
0.021314401
0.021314401
0.021314401
0.021314401
0.021314401
0.021314401
0.021314401
0.021314401
0.021314401
0.021314401
0.021314401
0.021314401
0.021314401
0.021314401
0.021314401
0.021314401
0.021314401
0.021314401
0.021314401
0.021314401
0.021314401
0.021314401
0.021314401
0.021314401
0.021314401
0.021314401
0.021314401
0.021314401
0.021314401
0.021314401
0.021314401
0.021314401
0.021314401
0.021314401
0.021314401
0.021314401
0.021314401
0.021314401
0.021314401
0.021314401
0.021314401
0.021314401
0.021314401
0.021314401
0.021314401
0.021314401
0.021314401
0.021314401
0.021314401
0.021314401
0.021314401
0.021314401
0.021314401
0.021314401
0.021314401
0.021314401
0.021314401
0.021314401
0.021314401
0.021314401
0.021314401
0.021314401
0.021314401
0.021314401
0.021314401
0.021314401
0.021314401
0.021314401
0.021314401
0.021314401
0.021314401
0.021314401
0.021314401
0.021314401
0.021314401
0.021314401
0.021314401
0.021314401
0.021314401
0.021314401
0.021314401
0.021314401
0.021314401
0.021314401
0.021314401
0.021314401
0.021314401
0.021314401
0.021314401
0.021314401
0.021314401
0.021314401
0.021314401
0.021314401
0.021314401
0.021314401
0.021314401
0.021314401
0.021314401
0.021314401
0.021314401
0.021314401
0.021314401
0.021314401
0.021314401
0.021314401
0.021314401
0.021314401
0.021314401
0.021314401
0.021314401
0.021314401
0.021314401
0.021314401
0.021314401
0.021314401
0.021314401
0.021314401
0.021314401
0.021314401
0.021314401
0.021314401
0.021314401
0.021314401
0.021314401
0.021314401
0.021314401
0.021314401
0.021314401
0.021314401
0.021314401
0.021314401
0.021314401
0.021314401
0.021314401
0.021314401
0.021314401
0.021314401
0.021314401
0.021314401
0.021314401
0.021314401
0.021314401
0.021314401
0.021314401
0.021314401
0.021314401
0.021314401
0.021314401
0.021314401
0.021314401
0.021314401
0.021314401
0.021314401
0.021314401
0.021314401
0.021314401
0.021314401
0.021314401
0.021314401
0.021314401
0.021314401
0.021314401
0.021314401
0.021314401
0.021314401
0.021314401
0.021314401
0.021314401
0.021314401
0.021314401
0.021314401
0.021314401
0.021314401
0.021314401
0.021314401
0.021314401
0.021314401
0.021314401
0.021314401
0.021314401
0.021314401
0.021314401
0.021314401
0.021314401
0.021314401
0.021314401
0.021314401
0.021314401
0.021314401
0.021314401
0.021314401
0.021314401
0.021314401
0.021314401
0.021314401
0.021314401
0.021314401
0.021314401
0.021314401
0.021314401
0.021314401
0.021314401
0.021314401
0.021314401
0.021314401
0.021314401
0.021314401
0.021314401
0.021314401
0.021314401
0.021314401
0.021314401
0.021314401
0.021314401
0.021314401
0.021314401
0.021314401
0.021314401
0.021314401
0.021314401
0.021314401
0.021314401
0.021314401
0.021314401
0.021314401
0.021314401
0.021314401
0.021314401
0.021314401
0.021314401
0.021314401
0.021314401
0.021314401
0.021314401
0.021314401
0.021314401
0.021314401
0.021314401
0.021314401
0.021314401
0.021314401
0.021272443
0.021272443
0.021094127
0.020962156
0.020931153
0.020931153
0.020931153
0.020931153
0.020931153
0.020931153
0.020931153
0.020931153
0.020931153
0.020931153
0.020931153
0.020931153
0.020931153
0.020931153
0.020931153
0.020931153
0.020931153
0.020931153
0.020931153
0.020931153
0.020931153
0.020931153
0.020931153
0.020931153
0.020931153
0.020931153
0.020931153
0.020931153
0.020931153
0.020931153
0.020931153
0.020931153
0.020931153
0.020931153
0.020931153
0.020931153
0.020931153
0.020931153
0.020931153
0.020931153
0.020931153
0.020931153
0.020931153
0.020931153
0.020931153
0.020931153
0.020931153
0.020931153
0.020931153
0.020931153
0.020931153
0.020931153
0.020931153
0.020931153
0.020931153
0.020931153
0.020931153
0.020931153
0.020931153
0.020931153
0.020931153
0.020931153
0.020931153
0.020931153
0.020931153
0.020931153
0.020931153
0.020931153
0.020931153
0.020931153
0.020931153
0.020931153
0.020931153
0.020931153
0.020931153
0.020931153
0.020931153
0.020931153
0.020931153
0.020931153
0.020931153
0.020931153
0.020931153
0.020931153
0.020931153
0.020931153
0.020931153
0.020931153
0.020931153
0.020931153
0.020931153
0.020931153
0.020931153
0.020931153
0.020931153
0.020931153
0.020931153
0.020931153
0.020931153
0.020931153
0.020931153
0.020931153
0.020931153
0.020931153
0.020931153
0.020931153
0.020931153
0.020931153
0.020931153
0.020931153
0.020931153
0.020931153
0.020931153
0.020931153
0.020931153
0.020931153
0.020931153
0.020931153
0.020931153
0.020931153
0.020931153
0.020931153
0.020931153
0.020931153
0.020931153
0.020931153
0.020931153
0.020931153
0.020931153
0.020931153
0.020931153
0.020931153
0.020931153
0.020931153
0.020931153
0.020931153
0.020931153
0.020931153
0.020931153
0.020931153
0.020891609
0.020811727
0.020811409
0.020811409
0.020811409
0.020798605
0.020798605
0.020798605
0.02077206
0.020747041
0.020745732
0.020723205
0.020678923
0.020625975
0.020625975
0.020625975
0.020625975
0.020625975
0.020625975
0.020625975
0.020625975
0.020602638
0.020565143
0.020487169
0.020487169
0.020430336
0.020430336
0.02031734
0.020105552
0.020049646
0.019900698
0.019900698
0.019900698
0.019900698
0.019900698
0.019897312
0.019887047
0.019886553
0.019813607
0.019785382
0.019779274
0.0197655
0.019751618
0.019751618
0.019751618
0.019751618
0.019751618
0.01969724
0.01969724
0.01969724
0.01960612
0.019573003
0.019508982
0.019478071
0.019478071
0.019389689
0.019383788
0.019300118
0.019300118
0.019300118
0.019300118
0.01928604
0.018996317
0.018729342
0.018702928
0.018702928
0.018702928
0.018679425
0.018679425
0.018679425
0.018643005
0.018643005
0.018643005
0.018643005
0.018643005
0.018643005
0.018643005
0.018643005
0.018643005
0.018643005
0.018643005
0.018643005
0.018643005
0.018643005
0.018643005
0.018643005
0.018643005
0.018643005
0.018643005
0.018643005
0.01863602
0.018539518
0.018534321
0.018399956
0.018379157
0.018351268
0.018351268
0.018351268
0.018351268
0.018351268
0.018351268
0.018351268
0.018351268
0.018351268
0.018351268
0.018351268
0.018351268
0.018351268
0.018351268
0.018351268
0.018351268
0.018351268
0.018351268
0.018351268
0.018351268
0.018351268
0.018351268
0.018351268
0.018351268
0.018351268
0.018351268
0.018351268
0.018351268
0.018341443
0.018341443
0.018341443
0.018338425
0.018320657
0.018258534
0.0182182
0.018201772
0.018165443
0.018081974
0.018068068
0.01805646
0.01805646
0.018048929
0.018042034
0.01795003
0.01795003
0.017944273
0.01794292
0.017911807
0.017905569
0.017736208
0.017736208
0.017736208
0.017736208
0.017703788
0.017702304
0.01764068
0.01764068
0.01764068
0.01764068
0.01764068
0.01764068
0.01764068
0.01764068
0.01764068
0.01764068
0.01764068
0.01764068
0.01764068
0.01762468
0.017576719
0.017576719
0.01756721
0.017536698
0.017536698
0.01752638
0.017463377
0.017432649
0.017365897
0.017365897
0.017365897
0.017365897
0.01714134
0.01714134
0.01714134
0.017130066
0.017130066
0.017130066
0.017121637
0.017121637
0.017121637
0.017121637
0.017121637
0.017121637
0.017121637
0.017080244
0.016980754
0.016954558
0.016942587
0.016924923
0.016924923
0.016924923
0.016924923
0.016924923
0.016924923
0.016906962
0.016838368
0.016824754
0.016799353
0.016798384
0.01672767
0.016704304
0.016686527
0.016569378
0.016427131
0.016427131
0.016378755
0.016363475
0.016363475
0.016363475
0.016319357
0.016307862
0.016207868
0.016174613
0.016063616
0.016034631
0.015881205
0.015872654
0.015872654
0.015872654
0.015872654
0.015872654
0.015872654
0.015872654
0.015872654
0.015872654
0.015872654
0.015814517
0.015611666
0.0155846495
0.0155846495
0.015530301
0.015492517
0.0154819535
0.015374521
0.015365098
0.015365098
0.015365098
0.015365098
0.015365098
0.015365098
0.015365098
0.015365098
0.0153392125
0.015181761
0.015125782
0.015096389
0.015078732
0.015071356
0.015050389
0.015050389
0.015015093
0.014953976
0.01494934
0.014919617
0.014826801
0.014800239
0.014800239
0.014800239
0.014800239
0.014800239
0.014800239
0.014800239
0.014800239
0.014800239
0.014800239
0.014800239
0.014800239
0.014767956
0.014762191
0.014652497
0.014646194
0.014577508
0.014577508
0.014499404
0.014499404
0.0144946
0.0144946
0.014317376
0.01423672
0.01423672
0.014223616
0.014200595
0.014200595
0.0139710475
0.013897877
0.013890978
0.013690244
0.013689079
0.013642571
0.013633359
0.013633359
0.013598943
0.01354202
0.013519906
0.013519906
0.013519906
0.013519906
0.013488926
0.013487701
0.013413809
0.013413809
0.013413809
0.013413809
0.013399164
0.013338728
0.013330897
0.013264785
0.013247902
0.013233367
0.013232295
0.013125396
0.013125396
0.013125396
0.013088863
0.013088863
0.013070083
0.013048672
0.01300152
0.01279909
0.01275753
0.012694983
0.012626151
0.012626151
0.012587285
0.012527448
0.012442012
0.012438771
0.012260121
0.012177569
0.012175837
0.0121597415
0.0121597415
0.012107239
0.0120856315
0.0120638795
0.01204741
0.012001804
0.011863792
0.011804352
0.011804352
0.011552954
0.0115485
0.011513075
0.0115073025
0.0115073025
0.0114942165
0.011473177
0.011471171
0.011471171
0.011369468
0.011300093
0.011162294
0.011047461
0.011047461
0.0109358635
0.0109247845
0.01087216
0.010837662
0.010837662
0.010837662
0.010754565
0.010717979
0.010716664
0.010655095
0.010604335
0.0105965175
0.0105699
0.010563943
0.010563539
0.010563539
0.010563539
0.010549194
0.010544956
0.010544956
0.010544956
0.010544956
0.010544956
0.010544956
0.010544956
0.010544956
0.010544956
0.010544956
0.010544956
0.010544956
0.010544956
0.010544956
0.010544956
0.010544956
0.010544956
0.010544956
0.010544956
0.010544956
0.010523642
0.010523642
0.010523642
0.010523642
0.010523642
0.010523642
0.010523642
0.010523642
0.010523642
0.010523642
0.010523642
0.010523642
0.010523642
0.010523642
0.010523642
0.010523642
0.010523642
0.010523642
0.010523642
0.010325146
0.010273827
0.010263598
0.010201257
0.010179617
0.010165636
0.010145917
0.010145917
0.01014243
0.010122625
0.010060999
0.010060999
0.009981035
0.009981035
0.009847758
0.0098461965
0.009838422
0.009796437
0.009743996
0.009718003
0.009718003
0.009694225
0.009694225
0.009694225
0.009694225
0.009694225
0.009694225
0.009694225
0.009694225
0.009694225
0.009694225
0.009694225
0.009694225
0.009694225
0.009694225
0.009694225
0.009667897
0.009640842
0.009565315
0.009555518
0.009175348
0.009088253
0.0089594675
0.008891814
0.008891814
0.008891814
0.008806709
0.008769057
0.008767324
0.008767324
0.008767324
0.008767324
0.008767324
0.008767324
0.008767324
0.008767324
0.008767324
0.008767324
0.0087097455
0.0087097455
0.0087097455
0.0087097455
0.0087097455
0.008688524
0.008550303
0.00847149
0.008384135
0.008342087
0.008342087
0.008342087
0.008334809
0.008241752
0.008241752
0.008241752
0.008241752
0.008235359
0.008235359
0.008168903
0.008168903
0.0081643
0.008134828
0.008134828
0.008133736
0.008110649
0.008110649
0.008100076
0.00808799
0.008033381
0.007934923
0.0077557676
0.0077210176
0.0076847384
0.007669622
0.0075623393
0.0074711526
0.0072338386
0.007119123
0.0070610694
0.0070583094
0.0070461985
0.0070284144
0.0069262357
0.0069198036
0.006843638
0.006701308
0.0066829454
0.0065558087
0.00644536
0.0064401124
0.0063222083
0.006149194
0.0060913437
0.0060913437
0.0060913437
0.0060913437
0.0060913437
0.0060854834
0.0060762893
0.0060516596
0.0060435683
0.0058616195
0.005732007
0.0056888624
0.00563662
0.0052573276
0.005136418
0.0050203307
0.0049738334
0.004789246
0.004763213
0.004763213
0.004721432
0.004721432
0.0046225977
0.0045039263
0.00437232
0.004337182
0.0041763657
0.0041557327
0.0040182774
0.0040073004
0.0039930004
0.0035285852
0.0030764139
