523 1412 906 1573 416 1491 1190 1479 1355 0 0 0 0 0 0 
1363 175 1412 1506 635 1611 184 47 0 0 0 0 0 0 0 
1506 635 1611 184 47 1480 962 0 0 0 0 0 0 0 0 
1072 533 417 47 1419 47 1399 443 1549 0 0 0 0 0 0 
344 1192 659 47 705 535 1412 301 1286 0 0 0 0 0 0 
1436 1412 1437 1412 1271 151 0 0 0 0 0 0 0 0 0 
1552 47 533 1492 1080 1183 778 1487 0 0 0 0 0 0 0 
172 976 561 66 860 912 958 533 1190 0 0 0 0 0 0 
1430 1192 1437 1049 83 1549 0 0 0 0 0 0 0 0 0 
1436 1412 1504 151 608 287 1113 0 0 0 0 0 0 0 0 
661 1443 1549 1568 778 220 444 1070 387 711 0 0 0 0 0 
434 1192 565 1412 1232 1192 989 47 0 0 0 0 0 0 0 
176 1192 22 1392 860 353 47 0 0 0 0 0 0 0 0 
898 713 1480 1088 95 621 778 0 0 0 0 0 0 0 0 
1436 1412 242 1190 136 387 782 1549 0 0 0 0 0 0 0 
1090 533 511 47 1410 906 1573 387 313 387 0 0 0 0 0 
374 444 1609 101 1192 902 1412 413 902 0 0 0 0 0 0 
762 1042 1192 806 1049 145 47 1007 287 444 0 0 0 0 0 
806 1049 145 47 1007 287 444 308 1549 0 0 0 0 0 0 
1404 47 510 387 1515 678 1190 1479 1355 0 0 0 0 0 0 
1327 387 924 1475 455 1190 252 416 0 0 0 0 0 0 0 
1167 1192 1143 444 711 561 66 0 0 0 0 0 0 0 0 
737 1392 860 1478 1001 1190 1399 443 1549 0 0 0 0 0 0 
1482 444 783 387 402 1480 1412 0 0 0 0 0 0 0 0 
379 444 334 860 760 1392 0 0 0 0 0 0 0 0 0 
1095 47 1103 1049 125 387 178 1192 0 0 0 0 0 0 0 
178 1192 372 533 811 1412 1346 387 510 0 0 0 0 0 0 
1521 1192 1475 347 765 444 0 0 0 0 0 0 0 0 0 
1452 778 14 1549 1233 1473 1049 1417 0 0 0 0 0 0 0 
1059 906 1573 836 1192 1291 47 394 1549 0 0 0 0 0 0 
1615 208 1412 516 1082 962 387 561 1190 962 0 0 0 0 0 
724 1192 1437 1049 1290 0 0 0 0 0 0 0 0 0 0 
724 1192 1437 1412 1247 778 0 0 0 0 0 0 0 0 0 
911 1412 264 1572 778 500 0 0 0 0 0 0 0 0 0 
637 1192 1511 798 444 308 1549 0 0 0 0 0 0 0 0 
289 1049 769 420 1168 47 1249 696 619 47 0 0 0 0 0 
1090 533 267 485 450 387 364 0 0 0 0 0 0 0 0 
1029 1549 1056 1080 645 962 0 0 0 0 0 0 0 0 0 
1555 608 287 1049 1371 1379 268 0 0 0 0 0 0 0 0 
481 1412 1153 387 1080 510 387 0 0 0 0 0 0 0 0 
1264 778 1192 319 444 1164 387 711 0 0 0 0 0 0 0 
724 1192 1437 1412 1271 1504 0 0 0 0 0 0 0 0 0 
390 1380 1192 917 1412 1353 387 1271 443 1549 0 0 0 0 0 
178 444 391 778 880 511 816 0 0 0 0 0 0 0 0 
760 778 1168 1325 47 533 442 769 796 0 0 0 0 0 0 
510 387 730 858 533 976 1277 1190 1479 1355 0 0 0 0 0 
1436 1192 174 979 1412 969 187 0 0 0 0 0 0 0 0 
1405 1286 1192 1049 1491 1190 1479 1355 0 0 0 0 0 0 0 
1475 906 696 1192 444 54 1190 437 1355 0 0 0 0 0 0 
537 1042 247 1183 778 100 443 0 0 0 0 0 0 0 0 
1090 1192 1624 1192 689 1042 1504 443 0 0 0 0 0 0 0 
906 1573 387 313 387 450 387 313 387 880 814 0 0 0 0 
312 47 690 778 313 151 1490 0 0 0 0 0 0 0 0 
1436 1412 693 387 805 1412 1505 1332 0 0 0 0 0 0 0 
1436 1192 174 979 533 1290 0 0 0 0 0 0 0 0 0 
962 732 778 911 975 1190 911 1412 0 0 0 0 0 0 0 
1436 1412 1014 1190 1491 1190 1479 1355 0 0 0 0 0 0 0 
1293 56 389 781 1326 1192 603 0 0 0 0 0 0 0 0 
1003 618 760 1392 0 0 0 0 0 0 0 0 0 0 0 
936 1392 862 1192 1424 444 0 0 0 0 0 0 0 0 0 
1436 1412 923 561 231 1589 1418 0 0 0 0 0 0 0 0 
1305 1392 426 1587 47 1049 510 387 0 0 0 0 0 0 0 
764 1192 1437 1412 131 1192 444 0 0 0 0 0 0 0 0 
1480 533 1142 387 1080 47 962 212 1612 396 0 0 0 0 0 
1633 37 460 1080 1192 697 0 0 0 0 0 0 0 0 0 
1469 1049 1551 387 1033 1345 962 0 0 0 0 0 0 0 0 
458 1412 969 860 1332 1412 299 1192 533 0 0 0 0 0 0 
1476 47 1327 416 912 958 533 510 387 0 0 0 0 0 0 
1271 802 608 1081 1049 1173 753 1277 0 0 0 0 0 0 0 
1015 1192 174 979 1412 1271 151 0 0 0 0 0 0 0 0 
724 778 1271 1504 47 1049 1478 66 444 0 0 0 0 0 0 
460 1192 1273 444 1501 1549 1190 0 0 0 0 0 0 0 0 
898 912 778 510 1549 860 664 0 0 0 0 0 0 0 0 
1469 533 1590 1136 47 641 778 683 0 0 0 0 0 0 0 
370 1049 173 1194 537 1183 166 0 0 0 0 0 0 0 0 
835 1192 1589 912 1295 1224 1027 47 0 0 0 0 0 0 0 
384 1192 731 1192 388 778 1365 1192 0 0 0 0 0 0 0 
417 1392 1209 778 340 265 0 0 0 0 0 0 0 0 0 
1436 1049 842 1049 292 0 0 0 0 0 0 0 0 0 0 
760 1392 429 1192 985 306 1049 1333 387 443 0 0 0 0 0 
962 1570 1474 1146 47 1559 1617 0 0 0 0 0 0 0 0 
699 1192 608 287 47 239 778 1157 906 0 0 0 0 0 0 
385 619 890 1573 1549 1572 778 970 962 0 0 0 0 0 0 
1601 387 1271 387 74 1190 1479 1355 0 0 0 0 0 0 0 
1436 1412 1578 1572 455 1469 444 0 0 0 0 0 0 0 0 
171 533 1062 1080 1192 1511 1192 0 0 0 0 0 0 0 0 
976 795 1192 805 533 240 937 63 0 0 0 0 0 0 0 
795 1587 444 756 778 313 1549 150 1587 0 0 0 0 0 0 
50 1080 832 47 1177 608 795 1587 1192 0 0 0 0 0 0 
643 1190 1434 432 1549 494 444 450 1443 557 0 0 0 0 0 
1530 1049 361 1355 1259 1436 47 0 0 0 0 0 0 0 0 
945 1049 1545 962 151 984 0 0 0 0 0 0 0 0 0 
1480 1412 567 387 49 1286 635 1049 0 0 0 0 0 0 0 
1433 1194 1192 1586 444 271 47 473 778 313 0 0 0 0 0 
760 56 842 1190 125 387 886 0 0 0 0 0 0 0 0 
272 1192 319 1049 1164 387 782 387 0 0 0 0 0 0 0 
934 991 47 1399 1355 714 1024 1476 778 0 0 0 0 0 0 
760 1392 79 561 444 474 962 0 0 0 0 0 0 0 0 
488 47 533 1128 66 444 1480 1412 0 0 0 0 0 0 0 
1633 1192 1168 1588 533 316 1192 0 0 0 0 0 0 0 0 
724 1192 1300 444 37 979 1192 1218 0 0 0 0 0 0 0 
1475 444 330 1007 1190 1479 1355 0 0 0 0 0 0 0 0 
1431 583 1322 778 218 387 1515 0 0 0 0 0 0 0 0 
689 489 444 321 533 85 486 0 0 0 0 0 0 0 0 
178 1192 1359 1258 511 66 0 0 0 0 0 0 0 0 0 
979 66 683 1252 1436 47 1371 1192 0 0 0 0 0 0 0 
1436 533 1093 66 444 1090 533 0 0 0 0 0 0 0 0 
1371 1192 319 444 1035 387 0 0 0 0 0 0 0 0 0 
272 1192 319 778 1336 387 0 0 0 0 0 0 0 0 0 
902 47 976 174 1465 444 883 816 0 0 0 0 0 0 0 
526 1192 438 1136 1392 671 0 0 0 0 0 0 0 0 0 
1436 1192 1459 1162 1412 788 962 0 0 0 0 0 0 0 0 
760 1392 1437 1412 1271 802 962 0 0 0 0 0 0 0 0 
510 1549 860 359 387 645 962 387 782 443 0 0 0 0 0 
24 387 313 387 1623 778 206 1612 1277 564 443 0 0 0 0 
147 1448 1192 1437 1412 1307 962 0 0 0 0 0 0 0 0 
1225 533 1062 1080 1192 751 0 0 0 0 0 0 0 0 0 
1436 778 1437 1412 324 1353 0 0 0 0 0 0 0 0 0 
1430 1412 527 151 100 1355 0 0 0 0 0 0 0 0 0 
633 533 319 1049 779 860 0 0 0 0 0 0 0 0 0 
188 1412 1497 1192 444 1295 1192 1281 1192 0 0 0 0 0 0 
1633 1192 319 444 308 1549 0 0 0 0 0 0 0 0 0 
1552 778 533 334 888 372 47 125 0 0 0 0 0 0 0 
1062 1192 319 1049 779 66 0 0 0 0 0 0 0 0 0 
711 1080 1277 998 1049 779 66 0 0 0 0 0 0 0 0 
724 1192 1437 1412 1271 47 510 0 0 0 0 0 0 0 0 
1424 1412 1353 387 296 1190 575 0 0 0 0 0 0 0 0 
1469 1192 1491 737 1392 860 1076 0 0 0 0 0 0 0 0 
946 1611 387 1313 443 1549 834 1192 0 0 0 0 0 0 0 
1541 37 12 444 1327 387 1475 1190 0 0 0 0 0 0 0 
55 47 1049 842 533 1379 1355 444 0 0 0 0 0 0 0 
1371 1192 484 778 1336 387 0 0 0 0 0 0 0 0 0 
606 47 510 1549 1048 47 533 813 0 0 0 0 0 0 0 
881 1190 1422 444 1292 47 0 0 0 0 0 0 0 0 0 
468 387 1049 1261 701 444 162 0 0 0 0 0 0 0 0 
1383 1412 450 387 364 1192 444 1272 56 1190 0 0 0 0 0 
797 979 444 1258 876 0 0 0 0 0 0 0 0 0 0 
165 444 1540 619 47 1190 88 962 0 0 0 0 0 0 0 
561 1574 167 1295 1425 47 645 962 0 0 0 0 0 0 0 
1469 1412 1105 794 444 783 443 1549 0 0 0 0 0 0 0 
1476 47 1327 416 1065 1050 649 56 0 0 0 0 0 0 0 
171 533 319 444 315 778 0 0 0 0 0 0 0 0 0 
1424 1412 1353 387 733 314 1412 962 0 0 0 0 0 0 0 
1117 444 10 319 47 820 1392 1192 0 0 0 0 0 0 0 
481 47 1007 1190 196 962 387 313 1355 0 0 0 0 0 0 
570 444 417 1392 860 1418 1192 689 0 0 0 0 0 0 0 
471 977 892 1495 1192 1300 1049 1379 443 1549 0 0 0 0 0 
913 906 1573 387 313 387 504 1394 66 0 0 0 0 0 0 
1400 1327 387 1049 511 47 755 906 1573 387 1355 0 0 0 0 
1432 37 150 1587 1325 984 0 0 0 0 0 0 0 0 0 
1436 1412 1174 151 1480 962 0 0 0 0 0 0 0 0 0 
1436 444 1379 1090 47 726 1190 608 0 0 0 0 0 0 0 
1379 297 902 47 733 314 778 1327 0 0 0 0 0 0 0 
552 47 1049 146 47 1049 608 951 47 1049 0 0 0 0 0 
213 1412 174 979 1412 1271 151 0 0 0 0 0 0 0 0 
724 1192 174 979 1412 969 342 0 0 0 0 0 0 0 0 
1633 1192 1511 798 444 10 1399 0 0 0 0 0 0 0 0 
1436 444 902 47 1049 1409 387 1336 387 0 0 0 0 0 0 
1371 778 544 696 1190 1479 1355 0 0 0 0 0 0 0 0 
865 911 975 1412 1157 962 0 0 0 0 0 0 0 0 0 
1473 444 406 323 796 365 1336 387 0 0 0 0 0 0 0 
1168 53 1192 382 1192 1575 444 0 0 0 0 0 0 0 0 
724 1192 174 979 1412 24 387 711 0 0 0 0 0 0 0 
147 1448 1192 174 979 1412 1271 151 0 0 0 0 0 0 0 
272 1192 319 444 779 860 0 0 0 0 0 0 0 0 0 
370 1192 809 97 778 243 114 444 0 0 0 0 0 0 0 
159 1192 645 1049 1434 1266 273 0 0 0 0 0 0 0 0 
1179 47 1552 444 1479 1135 1355 0 0 0 0 0 0 0 0 
1550 1080 361 387 1532 1271 655 860 0 0 0 0 0 0 0 
261 444 125 387 320 444 308 1549 0 0 0 0 0 0 0 
1511 1192 319 444 779 860 0 0 0 0 0 0 0 0 0 
1300 560 1353 387 901 47 1455 1192 0 0 0 0 0 0 0 
1327 387 99 47 185 796 1063 1379 721 796 0 0 0 0 0 
272 1192 751 47 533 867 47 0 0 0 0 0 0 0 0 
510 1549 1192 533 1361 1320 816 0 0 0 0 0 0 0 0 
1274 1412 962 1228 1549 1192 1412 491 0 0 0 0 0 0 0 
1305 1392 1437 444 24 387 711 0 0 0 0 0 0 0 0 
1585 1192 1437 1412 1271 354 0 0 0 0 0 0 0 0 0 
1476 778 1475 1286 1190 517 977 99 0 0 0 0 0 0 0 
1327 1549 1048 1049 760 1392 860 1008 962 0 0 0 0 0 0 
477 231 1192 1322 190 1192 462 866 778 0 0 0 0 0 0 
1475 778 1327 387 711 1473 444 308 1549 0 0 0 0 0 0 
171 533 707 1049 779 66 0 0 0 0 0 0 0 0 0 
952 1192 1021 1412 1022 1540 737 0 0 0 0 0 0 0 0 
312 47 782 416 912 958 533 510 387 0 0 0 0 0 0 
928 47 533 1324 1192 388 47 326 1412 0 0 0 0 0 0 
1469 444 1363 510 387 58 1549 1392 0 0 0 0 0 0 0 
1300 1192 1466 1359 47 1065 1190 1478 187 0 0 0 0 0 0 
791 1190 890 696 1572 125 387 1424 1049 0 0 0 0 0 0 
1424 1049 1023 1192 873 0 0 0 0 0 0 0 0 0 0 
1424 1049 1371 125 387 403 443 0 0 0 0 0 0 0 0 
724 1192 1437 1412 1271 151 0 0 0 0 0 0 0 0 0 
1475 1192 273 778 1049 99 533 1172 0 0 0 0 0 0 0 
1348 462 1192 1321 1049 571 387 0 0 0 0 0 0 0 0 
460 37 1633 1080 1192 132 444 0 0 0 0 0 0 0 0 
913 906 1573 443 1549 444 1434 457 1412 0 0 0 0 0 0 
1424 1049 361 387 1345 962 387 313 1355 0 0 0 0 0 0 
1212 47 1374 1549 578 47 1399 443 1549 0 0 0 0 0 0 
147 1448 1412 1271 655 860 1553 962 0 0 0 0 0 0 0 
760 1392 561 778 1473 444 1347 1549 0 0 0 0 0 0 0 
1071 47 533 376 56 1190 1479 1355 0 0 0 0 0 0 0 
799 1192 791 618 562 1573 387 711 1192 0 0 0 0 0 0 
1172 561 56 851 1190 1479 443 0 0 0 0 0 0 0 0 
760 778 813 231 1192 1432 1049 0 0 0 0 0 0 0 0 
696 689 533 1563 387 1049 269 902 1042 47 0 0 0 0 0 
1563 387 1049 269 902 1042 47 762 619 47 0 0 0 0 0 
902 1042 47 762 619 47 185 696 635 1412 0 0 0 0 0 
762 619 47 185 696 635 1412 1223 962 0 0 0 0 0 0 
724 1192 1437 1049 361 1549 860 0 0 0 0 0 0 0 0 
1480 47 1054 1042 743 0 0 0 0 0 0 0 0 0 0 
429 1192 4 174 1465 1049 1290 0 0 0 0 0 0 0 0 
32 1325 444 1501 387 313 802 962 1355 860 0 0 0 0 0 
