936 1392 561 1103 47 218 443 0 0 0 0 0 0 0 0 
885 1192 474 1048 47 533 1268 1192 0 0 0 0 0 0 0 
540 778 1327 387 1444 47 68 1013 47 0 0 0 0 0 0 
430 489 1192 536 976 514 444 0 0 0 0 0 0 0 0 
536 976 514 444 941 387 711 0 0 0 0 0 0 0 0 
192 778 1632 1192 554 0 0 0 0 0 0 0 0 0 0 
1571 1049 931 778 157 1049 1185 36 0 0 0 0 0 0 0 
449 533 1358 47 976 1461 0 0 0 0 0 0 0 0 0 
1358 47 976 1461 653 47 1065 0 0 0 0 0 0 0 0 
300 1049 1595 387 1364 886 778 711 0 0 0 0 0 0 0 
72 1190 475 1121 1412 476 1298 0 0 0 0 0 0 0 0 
1000 387 568 1355 444 522 1192 1013 0 0 0 0 0 0 0 
872 1612 1277 1377 631 47 305 0 0 0 0 0 0 0 0 
1415 1049 10 387 1100 36 66 0 0 0 0 0 0 0 0 
768 1412 1296 1611 387 1049 11 1192 0 0 0 0 0 0 0 
1352 1082 962 1549 1538 1049 125 387 1336 387 0 0 0 0 0 
21 444 972 1355 1355 380 962 0 0 0 0 0 0 0 0 
98 1192 372 203 387 98 1412 0 0 0 0 0 0 0 0 
553 741 257 1594 1594 882 757 1412 0 0 0 0 0 0 0 
257 1594 1594 882 757 1412 1157 962 0 0 0 0 0 0 0 
421 635 444 1503 387 1019 784 453 0 0 0 0 0 0 0 
1432 533 309 750 592 1349 1030 0 0 0 0 0 0 0 0 
190 1286 122 37 1278 444 226 443 0 0 0 0 0 0 0 
1620 976 287 444 10 387 807 0 0 0 0 0 0 0 0 
140 635 1412 228 962 1355 102 0 0 0 0 0 0 0 0 
1618 778 441 447 533 1365 47 0 0 0 0 0 0 0 0 
796 879 1049 99 533 1173 455 1639 860 0 0 0 0 0 0 
300 1412 49 962 387 1049 936 1392 0 0 0 0 0 0 0 
312 1192 1275 579 533 99 778 1520 47 0 0 0 0 0 0 
632 533 295 46 1192 895 1049 0 0 0 0 0 0 0 0 
1634 537 343 1190 1064 0 0 0 0 0 0 0 0 0 0 
456 1286 466 533 69 1190 0 0 0 0 0 0 0 0 0 
913 906 1573 387 711 635 444 779 66 0 0 0 0 0 0 
709 588 1042 1379 1278 0 0 0 0 0 0 0 0 0 0 
1625 1190 72 300 778 599 962 0 0 0 0 0 0 0 0 
1043 1570 608 287 444 1145 1379 443 1549 0 0 0 0 0 0 
457 1412 962 387 711 635 444 10 72 0 0 0 0 0 0 
1525 37 739 444 1623 47 976 0 0 0 0 0 0 0 0 
779 1192 533 838 56 1190 252 387 313 0 0 0 0 0 0 
590 752 130 1472 912 232 1192 1432 1162 0 0 0 0 0 0 
962 771 533 1323 877 778 1144 1412 0 0 0 0 0 0 0 
1555 608 287 444 779 1190 1479 443 0 0 0 0 0 0 0 
1379 912 958 1278 1412 583 450 387 1515 678 0 0 0 0 0 
926 778 1239 469 387 1140 66 0 0 0 0 0 0 0 0 
724 1412 215 635 444 783 880 0 0 0 0 0 0 0 0 
1186 1473 1049 10 262 708 1392 306 56 0 0 0 0 0 0 
981 1192 1432 444 222 676 1443 0 0 0 0 0 0 0 0 
310 444 1540 608 287 1049 1187 387 313 0 0 0 0 0 0 
1610 455 330 698 778 250 1355 0 0 0 0 0 0 0 0 
1476 47 782 416 1104 1488 1286 0 0 0 0 0 0 0 0 
810 1192 804 1412 401 778 1097 443 1549 0 0 0 0 0 0 
766 1392 608 348 778 1610 1079 1049 0 0 0 0 0 0 0 
49 1412 962 151 717 47 244 443 1549 0 0 0 0 0 0 
465 1392 608 287 444 1371 783 387 313 387 0 0 0 0 0 
1625 1412 1271 387 1515 678 1190 252 387 313 0 0 0 0 0 
1432 37 1587 1049 1371 1379 1140 0 0 0 0 0 0 0 0 
1491 287 444 779 1192 778 1363 1488 962 387 0 0 0 0 0 
1286 635 444 10 360 1192 258 72 0 0 0 0 0 0 0 
913 906 696 860 1278 281 47 533 0 0 0 0 0 0 0 
312 47 1141 778 510 1549 0 0 0 0 0 0 0 0 0 
1127 444 779 1572 1379 935 886 0 0 0 0 0 0 0 0 
709 588 1042 1432 1162 0 0 0 0 0 0 0 0 0 0 
859 1049 1344 796 1291 47 988 387 510 387 0 0 0 0 0 
457 37 414 1049 913 906 0 0 0 0 0 0 0 0 0 
1366 47 1065 346 444 779 860 0 0 0 0 0 0 0 0 
1476 1192 1591 1192 72 1190 270 0 0 0 0 0 0 0 0 
1576 47 1456 1549 679 444 1478 619 47 0 0 0 0 0 0 
431 778 532 1190 1353 387 1265 443 1549 0 0 0 0 0 0 
80 1412 1353 387 990 47 1171 531 1192 0 0 0 0 0 0 
121 47 1049 1159 635 444 1540 619 0 0 0 0 0 0 0 
1247 1192 174 979 444 1147 635 0 0 0 0 0 0 0 0 
1071 455 968 387 1049 1181 36 737 0 0 0 0 0 0 0 
171 533 707 444 1164 1549 133 0 0 0 0 0 0 0 0 
540 1049 1608 778 725 387 0 0 0 0 0 0 0 0 0 
674 635 1049 976 962 196 1286 635 1049 0 0 0 0 0 0 
1525 1049 976 860 311 72 47 762 902 47 0 0 0 0 0 
72 47 762 902 47 1414 962 1611 387 1049 0 0 0 0 0 
1061 1374 387 277 1487 443 1549 0 0 0 0 0 0 0 0 
808 444 796 896 533 504 1504 1355 0 0 0 0 0 0 0 
632 533 1141 778 1439 1286 0 0 0 0 0 0 0 0 0 
540 1049 976 860 880 1140 66 0 0 0 0 0 0 0 0 
1317 1049 691 635 1611 1523 47 0 0 0 0 0 0 0 0 
1075 1049 1363 1099 1042 1049 540 778 0 0 0 0 0 0 0 
85 1192 26 1196 444 976 0 0 0 0 0 0 0 0 0 
99 533 1400 510 387 1049 1473 444 779 66 0 0 0 0 0 
1476 1192 1555 1236 444 1187 387 313 0 0 0 0 0 0 0 
310 37 518 47 880 1140 66 0 0 0 0 0 0 0 0 
540 778 725 387 313 387 312 1192 0 0 0 0 0 0 0 
42 902 47 510 1549 879 47 533 740 444 0 0 0 0 0 
906 1573 387 313 387 10 1192 689 778 571 387 0 0 0 0 
1371 1192 1605 444 239 778 313 0 0 0 0 0 0 0 0 
766 1392 608 287 533 197 1441 179 306 0 0 0 0 0 0 
537 1080 988 387 711 1183 533 594 444 0 0 0 0 0 0 
1099 1049 630 387 880 1140 66 0 0 0 0 0 0 0 0 
1592 444 1271 696 141 1080 397 0 0 0 0 0 0 0 0 
1371 1192 1605 444 90 0 0 0 0 0 0 0 0 0 0 
1593 103 1488 962 469 1374 387 313 387 0 0 0 0 0 0 
72 1392 860 1623 47 1348 1252 1140 66 0 0 0 0 0 0 
1133 533 1328 1279 579 0 0 0 0 0 0 0 0 0 0 
68 902 47 70 246 698 778 1080 0 0 0 0 0 0 0 
466 47 1627 1192 351 0 0 0 0 0 0 0 0 0 0 
1020 37 955 1512 778 608 310 1049 0 0 0 0 0 0 0 
310 1049 784 962 518 1286 831 0 0 0 0 0 0 0 0 
1040 1192 257 1257 1049 876 0 0 0 0 0 0 0 0 0 
1221 608 1459 1325 312 1192 0 0 0 0 0 0 0 0 0 
1286 635 1049 1379 310 778 1065 635 1049 0 0 0 0 0 0 
962 387 313 1355 266 778 533 1551 457 444 0 0 0 0 0 
1393 880 1491 498 47 1399 443 1549 0 0 0 0 0 0 0 
481 47 1065 1190 418 387 1049 891 778 533 0 0 0 0 0 
12 1190 537 47 13 1327 1549 1302 47 0 0 0 0 0 0 
1488 47 1049 1140 66 72 300 47 0 0 0 0 0 0 0 
312 1192 1085 778 976 1492 0 0 0 0 0 0 0 0 0 
1432 37 1328 444 1188 962 0 0 0 0 0 0 0 0 0 
779 1192 444 604 66 444 1245 1049 0 0 0 0 0 0 0 
1245 1049 490 47 1363 387 1345 962 0 0 0 0 0 0 0 
624 1192 134 778 708 444 1560 1392 0 0 0 0 0 0 0 
938 802 962 1355 962 1183 47 540 1190 0 0 0 0 0 0 
1205 238 387 1640 47 533 207 962 1549 0 0 0 0 0 0 
630 47 533 650 1162 1325 1192 10 1192 608 0 0 0 0 0 
437 1355 1226 1192 209 1124 0 0 0 0 0 0 0 0 0 
72 1392 860 1473 1192 1205 906 47 173 962 0 0 0 0 0 
1073 47 1049 1413 387 313 387 1245 1049 0 0 0 0 0 0 
210 444 435 906 1573 818 210 1049 0 0 0 0 0 0 0 
1400 1327 387 1049 1473 444 10 387 85 1192 0 0 0 0 0 
1432 37 1328 47 1311 1049 0 0 0 0 0 0 0 0 0 
540 1192 1150 444 1379 164 444 0 0 0 0 0 0 0 0 
779 860 1191 597 637 1049 0 0 0 0 0 0 0 0 0 
637 1049 1067 1277 1190 1479 1355 0 0 0 0 0 0 0 0 
1125 1192 1576 47 976 1492 0 0 0 0 0 0 0 0 0 
740 1192 492 1192 1036 1209 533 0 0 0 0 0 0 0 0 
164 1049 1140 444 1363 387 29 1549 1192 0 0 0 0 0 0 
1020 1049 976 962 1213 786 1355 0 0 0 0 0 0 0 0 
457 47 135 1286 1190 608 1636 1392 635 0 0 0 0 0 0 
1065 1048 533 1278 1451 778 395 0 0 0 0 0 0 0 0 
630 47 533 1311 1325 1049 1379 1355 962 0 0 0 0 0 0 
1478 631 1632 444 827 387 0 0 0 0 0 0 0 0 0 
479 231 1192 1432 66 1190 339 103 0 0 0 0 0 0 0 
1363 1250 362 533 706 444 1172 0 0 0 0 0 0 0 0 
1371 1192 1473 778 196 962 387 313 1355 0 0 0 0 0 0 
664 1055 444 1271 1443 443 1549 0 0 0 0 0 0 0 0 
457 1049 10 1278 1412 51 47 0 0 0 0 0 0 0 0 
310 1049 962 36 714 1337 704 1192 388 47 0 0 0 0 0 
439 778 310 406 977 700 0 0 0 0 0 0 0 0 0 
171 533 1151 984 0 0 0 0 0 0 0 0 0 0 0 
171 533 1062 1080 1192 751 0 0 0 0 0 0 0 0 0 
164 1192 1245 444 1491 72 56 1392 1190 0 0 0 0 0 0 
1245 444 1491 72 56 1392 1190 1479 443 0 0 0 0 0 0 
1089 1192 72 1492 1492 0 0 0 0 0 0 0 0 0 0 
779 47 1049 774 420 72 666 231 1192 0 0 0 0 0 0 
1387 906 1573 443 1549 444 99 171 533 0 0 0 0 0 0 
99 1572 778 1213 1481 313 655 365 0 0 0 0 0 0 0 
1245 444 1491 860 1278 281 47 1049 0 0 0 0 0 0 0 
1475 47 1141 778 1487 443 1549 0 0 0 0 0 0 0 0 
1114 1286 1457 1049 1016 860 0 0 0 0 0 0 0 0 0 
121 47 1190 1173 1277 47 1397 387 1140 66 0 0 0 0 0 
139 1049 10 490 47 1560 778 0 0 0 0 0 0 0 0 
474 37 121 778 1049 1363 1517 72 0 0 0 0 0 0 0 
525 1192 1304 1080 1057 778 0 0 0 0 0 0 0 0 0 
1432 1412 450 802 1137 582 443 0 0 0 0 0 0 0 0 
1476 1192 1591 47 244 1473 444 0 0 0 0 0 0 0 0 
1511 1192 319 444 308 1549 0 0 0 0 0 0 0 0 0 
164 1192 1140 444 1363 387 1476 1412 0 0 0 0 0 0 0 
129 778 1473 444 779 1190 517 977 72 0 0 0 0 0 0 
312 1192 1591 1192 57 0 0 0 0 0 0 0 0 0 0 
1278 1509 833 1412 555 977 1330 0 0 0 0 0 0 0 0 
1476 1192 1009 778 976 1492 0 0 0 0 0 0 0 0 0 
1590 444 506 47 86 0 0 0 0 0 0 0 0 0 0 
14 416 823 47 869 387 191 234 0 0 0 0 0 0 0 
460 37 1633 1080 1192 132 1192 0 0 0 0 0 0 0 0 
312 1192 1591 778 102 0 0 0 0 0 0 0 0 0 0 
1432 1412 140 163 880 1140 66 0 0 0 0 0 0 0 0 
454 47 556 1192 444 1478 1190 1479 1355 0 0 0 0 0 0 
1432 37 1587 1049 1371 1379 1342 47 0 0 0 0 0 0 0 
614 387 814 1080 310 1049 0 0 0 0 0 0 0 0 0 
1378 1192 608 1081 444 177 387 0 0 0 0 0 0 0 0 
1020 47 39 1392 860 1432 47 0 0 0 0 0 0 0 0 
540 1192 72 778 312 1089 1192 0 0 0 0 0 0 0 0 
