961 962 387 584 1042 1286 794 47 0 0 0 0 0 0 0 
1416 37 1126 1325 1192 1385 1190 0 0 0 0 0 0 0 0 
112 1412 1280 1286 1190 1140 56 1190 0 0 0 0 0 0 0 
112 1049 976 962 1204 1049 779 860 0 0 0 0 0 0 0 
587 444 976 860 1519 131 635 0 0 0 0 0 0 0 0 
962 443 1549 444 997 1031 737 1049 1379 0 0 0 0 0 0 
962 1611 387 1049 1406 444 874 443 1549 0 0 0 0 0 0 
1404 533 155 37 1193 1276 0 0 0 0 0 0 0 0 0 
1379 1355 444 256 1514 1192 112 533 0 0 0 0 0 0 0 
256 1412 1603 75 962 678 879 0 0 0 0 0 0 0 0 
1346 387 782 387 1263 1412 1448 387 1271 387 711 0 0 0 0 
450 387 1271 387 215 794 444 1503 443 1549 0 0 0 0 0 
1065 794 1412 1223 962 1355 1446 1049 0 0 0 0 0 0 0 
112 1049 1148 962 1301 880 1500 860 0 0 0 0 0 0 0 
1524 860 145 1412 502 796 1190 377 66 0 0 0 0 0 0 
1041 1412 1346 387 1348 1192 444 1272 66 0 0 0 0 0 0 
547 1080 596 1549 1123 1412 1472 151 0 0 0 0 0 0 0 
1115 1412 93 635 444 783 443 1549 0 0 0 0 0 0 0 
999 1192 1049 293 983 950 179 306 0 0 0 0 0 0 0 
670 533 496 47 190 784 860 0 0 0 0 0 0 0 0 
677 444 1379 1371 1192 1111 444 0 0 0 0 0 0 0 0 
1371 1192 1058 41 444 1119 387 313 387 0 0 0 0 0 0 
1119 387 313 387 13 949 1412 1346 387 1348 0 0 0 0 0 
640 1190 1065 1190 417 1309 0 0 0 0 0 0 0 0 0 
649 444 634 1049 125 387 92 1192 41 0 0 0 0 0 0 
457 1049 962 387 665 37 980 444 0 0 0 0 0 0 0 
537 1080 1183 1190 933 778 1487 443 1549 0 0 0 0 0 0 
1573 387 662 73 1392 1528 66 0 0 0 0 0 0 0 0 
1371 1192 1068 444 880 871 816 0 0 0 0 0 0 0 0 
1223 1192 737 778 615 47 1303 387 313 0 0 0 0 0 0 
1017 1192 444 1363 1476 1192 715 0 0 0 0 0 0 0 0 
1476 1192 715 1080 1245 962 0 0 0 0 0 0 0 0 0 
143 1156 1192 543 387 700 0 0 0 0 0 0 0 0 0 
835 533 1146 444 1491 1190 1479 1355 0 0 0 0 0 0 0 
1442 444 1408 778 578 444 524 443 0 0 0 0 0 0 0 
936 1392 1068 444 1119 387 511 66 0 0 0 0 0 0 0 
466 1192 1507 1080 111 47 1598 635 1049 0 0 0 0 0 0 
1498 1392 41 444 871 47 436 1443 387 0 0 0 0 0 0 
112 1412 612 1190 1478 1190 1479 443 0 0 0 0 0 0 0 
627 533 1611 209 929 1478 737 56 0 0 0 0 0 0 0 
943 860 563 47 1399 615 0 0 0 0 0 0 0 0 0 
194 1192 1244 1049 1379 209 0 0 0 0 0 0 0 0 0 
392 1488 1286 1190 1491 1277 1190 1479 1355 0 0 0 0 0 0 
1479 1355 659 1565 1192 1542 0 0 0 0 0 0 0 0 0 
76 533 672 267 387 1340 0 0 0 0 0 0 0 0 0 
826 1412 519 387 275 1412 754 0 0 0 0 0 0 0 0 
976 737 1412 1403 1286 946 470 47 0 0 0 0 0 0 0 
470 47 1065 1192 444 1491 1190 1479 1355 0 0 0 0 0 0 
549 778 279 778 1449 1412 0 0 0 0 0 0 0 0 0 
328 1042 1183 291 778 1488 783 0 0 0 0 0 0 0 0 
41 1192 1466 372 533 217 511 1392 306 0 0 0 0 0 0 
1125 1049 136 387 423 1478 701 0 0 0 0 0 0 0 0 
1061 1374 387 28 1392 1469 47 0 0 0 0 0 0 0 0 
480 1049 1002 1049 1371 154 962 387 0 0 0 0 0 0 0 
1371 1192 451 47 1049 774 420 0 0 0 0 0 0 0 0 
602 635 444 783 796 631 623 1549 0 0 0 0 0 0 0 
76 533 1244 37 1542 0 0 0 0 0 0 0 0 0 0 
1542 847 780 1073 1325 0 0 0 0 0 0 0 0 0 0 
1498 1392 41 444 85 1119 387 1527 0 0 0 0 0 0 0 
510 1549 372 533 1068 444 1119 387 179 0 0 0 0 0 0 
1256 533 266 444 880 1500 860 0 0 0 0 0 0 0 0 
863 1192 209 533 974 962 387 313 443 0 0 0 0 0 0 
1446 1049 1395 387 986 322 44 1354 778 0 0 0 0 0 0 
112 1192 1280 966 1049 1289 860 0 0 0 0 0 0 0 0 
112 1412 887 387 1193 1190 1602 801 0 0 0 0 0 0 0 
1245 1049 1363 387 1488 962 36 66 0 0 0 0 0 0 0 
200 444 1379 1355 444 992 112 1412 0 0 0 0 0 0 0 
1379 1355 444 992 112 1412 1346 387 1348 0 0 0 0 0 0 
1626 47 976 860 1131 444 499 66 0 0 0 0 0 0 0 
481 533 1083 1392 860 71 1192 0 0 0 0 0 0 0 0 
1626 47 976 860 1131 1049 566 0 0 0 0 0 0 0 0 
20 785 1192 262 1256 778 0 0 0 0 0 0 0 0 0 
1256 1049 1581 906 1573 387 313 1355 0 0 0 0 0 0 0 
835 1192 1589 778 504 355 443 1549 0 0 0 0 0 0 0 
796 1190 1487 647 737 778 533 1379 1355 444 0 0 0 0 0 
1626 47 976 1256 778 253 1572 0 0 0 0 0 0 0 0 
1499 387 1049 511 778 659 533 1542 0 0 0 0 0 0 0 
978 1412 1371 695 769 479 533 0 0 0 0 0 0 0 0 
520 1080 744 30 1042 984 0 0 0 0 0 0 0 0 0 
1552 47 533 775 47 608 822 962 443 0 0 0 0 0 0 
156 783 387 31 1392 1508 47 0 0 0 0 0 0 0 0 
942 1412 1346 387 608 116 962 416 1176 0 0 0 0 0 0 
607 714 880 1500 684 47 1498 1392 0 0 0 0 0 0 0 
942 1412 1346 387 510 387 1049 131 737 0 0 0 0 0 0 
1034 47 263 880 511 816 0 0 0 0 0 0 0 0 0 
1169 1253 185 1573 387 1515 387 533 303 1493 0 0 0 0 0 
1251 1192 1473 444 1339 1065 787 0 0 0 0 0 0 0 0 
436 387 976 41 1192 1378 444 1266 860 0 0 0 0 0 0 
112 1412 629 678 1190 1479 1355 0 0 0 0 0 0 0 0 
898 713 988 387 1602 778 608 942 1412 0 0 0 0 0 0 
962 387 313 802 1183 1049 1621 1474 711 619 1392 0 0 0 0 
942 1412 1271 387 1019 1181 443 0 0 0 0 0 0 0 0 
906 1573 387 711 552 1049 10 1515 1443 443 0 0 0 0 0 
457 37 1010 1325 1049 913 906 0 0 0 0 0 0 0 0 
1404 533 229 387 711 860 1404 444 0 0 0 0 0 0 0 
1132 1049 1534 558 1190 199 860 0 0 0 0 0 0 0 0 
1469 444 1363 387 144 37 906 696 737 1392 0 0 0 0 0 
1508 47 1007 1190 10 1192 667 0 0 0 0 0 0 0 0 
1126 37 1096 1512 907 0 0 0 0 0 0 0 0 0 0 
1291 1192 30 533 718 444 1305 778 0 0 0 0 0 0 0 
1010 444 1552 1192 737 778 913 906 0 0 0 0 0 0 0 
1158 1535 1192 718 444 944 0 0 0 0 0 0 0 0 0 
1184 231 224 47 988 387 658 66 0 0 0 0 0 0 0 
1256 533 925 47 871 66 0 0 0 0 0 0 0 0 0 
1454 533 544 696 1190 1479 1355 0 0 0 0 0 0 0 0 
198 1473 723 796 1473 920 778 0 0 0 0 0 0 0 0 
1500 860 128 47 1049 1399 1355 962 0 0 0 0 0 0 0 
235 533 738 1278 1412 608 118 962 0 0 0 0 0 0 0 
219 37 1244 1049 1379 209 0 0 0 0 0 0 0 0 0 
77 906 1573 387 711 860 692 66 0 0 0 0 0 0 0 
92 285 47 1065 1192 444 1478 1190 1479 443 0 0 0 0 0 
1367 1080 501 906 1573 387 464 962 0 0 0 0 0 0 0 
76 1412 747 1190 880 814 0 0 0 0 0 0 0 0 0 
601 1392 1385 444 313 387 1494 796 962 0 0 0 0 0 0 
266 1325 1579 234 906 696 737 0 0 0 0 0 0 0 0 
112 778 1256 1155 1412 190 962 387 0 0 0 0 0 0 0 
1280 778 193 444 1540 860 0 0 0 0 0 0 0 0 0 
76 47 953 444 1379 630 0 0 0 0 0 0 0 0 0 
481 47 1007 1190 1589 1192 1464 444 0 0 0 0 0 0 0 
300 47 642 37 793 0 0 0 0 0 0 0 0 0 0 
913 906 1573 387 640 1190 135 962 387 0 0 0 0 0 0 
913 906 1573 387 313 387 321 1412 449 47 0 0 0 0 0 
3 906 696 1542 847 1493 0 0 0 0 0 0 0 0 0 
984 1256 1233 1528 66 0 0 0 0 0 0 0 0 0 0 
1508 1192 1599 47 533 376 0 0 0 0 0 0 0 0 0 
572 1049 976 860 1500 76 1412 0 0 0 0 0 0 0 0 
1500 860 193 1049 1478 66 396 0 0 0 0 0 0 0 0 
629 1049 694 1392 860 608 942 1190 0 0 0 0 0 0 0 
942 1190 605 1412 948 778 0 0 0 0 0 0 0 0 0 
294 444 1058 372 47 1399 443 1549 0 0 0 0 0 0 0 
864 635 1412 1195 225 444 524 443 0 0 0 0 0 0 0 
824 778 533 1263 1412 425 387 1599 0 0 0 0 0 0 0 
1599 962 387 711 689 1049 23 1573 443 0 0 0 0 0 0 
276 47 533 1402 1049 1379 443 1549 0 0 0 0 0 0 0 
942 1412 131 47 1049 1478 737 444 1379 0 0 0 0 0 0 
835 778 359 387 1602 778 296 1252 0 0 0 0 0 0 0 
296 47 1049 1478 831 56 1190 1479 1355 0 0 0 0 0 0 
1028 1316 313 1408 381 478 444 0 0 0 0 0 0 0 0 
1334 444 1379 76 444 1500 860 0 0 0 0 0 0 0 0 
606 1192 996 388 47 1487 443 1549 0 0 0 0 0 0 0 
112 1412 1280 1286 1190 1140 66 0 0 0 0 0 0 0 0 
538 47 193 444 984 0 0 0 0 0 0 0 0 0 0 
776 1374 416 153 664 0 0 0 0 0 0 0 0 0 0 
1132 1192 1359 1192 1201 501 1192 0 0 0 0 0 0 0 0 
1256 533 672 871 47 1410 906 1573 0 0 0 0 0 0 0 
1034 47 263 880 31 816 0 0 0 0 0 0 0 0 0 
531 1192 388 533 704 1192 542 778 1529 557 47 0 0 0 0 
1348 145 47 1049 742 420 990 231 1230 0 0 0 0 0 0 
1384 47 993 37 719 1192 1132 444 0 0 0 0 0 0 0 
942 1412 1346 387 485 965 635 0 0 0 0 0 0 0 0 
112 444 976 860 1488 962 387 313 1355 0 0 0 0 0 0 
384 1192 1068 778 880 871 66 0 0 0 0 0 0 0 0 
541 444 511 47 755 906 1573 387 313 387 0 0 0 0 0 
520 455 215 635 444 1503 443 1549 0 0 0 0 0 0 0 
1476 1192 845 1080 1210 0 0 0 0 0 0 0 0 0 0 
737 1097 906 1573 387 711 689 444 779 66 0 0 0 0 0 
763 860 69 879 47 636 212 0 0 0 0 0 0 0 0 
660 47 758 1042 47 1049 541 444 0 0 0 0 0 0 0 
681 103 533 835 444 331 1065 635 1412 0 0 0 0 0 0 
835 444 331 1065 635 1412 608 118 962 0 0 0 0 0 0 
614 387 814 66 1295 47 1173 0 0 0 0 0 0 0 0 
1557 1392 613 1392 860 1478 498 47 0 0 0 0 0 0 0 
459 1192 646 533 652 962 0 0 0 0 0 0 0 0 0 
640 1190 1038 450 47 1487 443 1549 0 0 0 0 0 0 0 
630 1042 510 802 880 548 778 0 0 0 0 0 0 0 0 
334 1139 1412 450 47 510 387 782 1549 0 0 0 0 0 0 
1256 1412 253 1286 1192 1049 1478 1360 1190 0 0 0 0 0 0 
1385 1192 737 1190 115 1086 47 0 0 0 0 0 0 0 0 
1372 231 1487 40 1155 1192 7 778 0 0 0 0 0 0 0 
1385 1192 1613 47 510 802 962 387 313 1355 0 0 0 0 0 
1386 1392 1256 1155 1412 793 0 0 0 0 0 0 0 0 0 
1384 37 1166 1484 1325 1412 253 1286 0 0 0 0 0 0 0 
315 47 1359 1192 41 444 1466 831 0 0 0 0 0 0 0 
