1573 1549 919 976 1522 533 1035 1549 0 0 0 0 0 0 0 
624 444 993 778 721 1194 1190 533 1479 1355 0 0 0 0 0 
72 1080 1049 630 262 1418 444 1379 0 0 0 0 0 0 0 
1371 1192 1473 1192 688 1192 737 47 1374 0 0 0 0 0 0 
1577 962 802 1356 1192 75 1412 0 0 0 0 0 0 0 0 
1053 1192 1447 1412 205 276 66 0 0 0 0 0 0 0 0 
253 1412 906 1573 387 711 689 444 779 66 0 0 0 0 0 
272 1192 319 444 1511 778 0 0 0 0 0 0 0 0 0 
233 1192 1473 444 912 958 533 510 1549 0 0 0 0 0 0 
313 711 860 321 1412 421 1192 1049 1174 1192 0 0 0 0 0 
1577 962 387 711 1473 37 854 962 387 0 0 0 0 0 0 
276 1379 193 1049 783 389 0 0 0 0 0 0 0 0 0 
85 1192 1208 1192 689 444 1577 0 0 0 0 0 0 0 0 
1018 1049 962 36 619 47 1091 47 613 0 0 0 0 0 0 
1256 47 711 108 47 1160 816 0 0 0 0 0 0 0 0 
1256 1192 1418 47 533 64 1049 473 778 313 0 0 0 0 0 
149 47 1049 1315 387 1019 965 635 0 0 0 0 0 0 0 
503 47 1018 1412 962 47 1487 443 1549 0 0 0 0 0 0 
939 608 9 1192 1447 444 1410 906 1573 0 0 0 0 0 0 
996 1375 1192 1481 1412 1578 635 0 0 0 0 0 0 0 0 
508 47 367 1573 387 711 737 444 976 0 0 0 0 0 0 
1018 1192 1473 37 253 1192 1473 1325 778 0 0 0 0 0 0 
984 737 66 714 954 1357 778 0 0 0 0 0 0 0 0 
1374 387 313 387 1237 1412 450 47 1487 443 1549 0 0 0 0 
1496 47 0 0 0 0 0 0 0 0 0 0 0 0 0 
1475 906 1573 387 711 689 1049 1371 313 0 0 0 0 0 0 
1256 778 209 1412 227 769 1570 1473 0 0 0 0 0 0 0 
1256 778 99 533 392 875 49 906 0 0 0 0 0 0 0 
1427 1049 783 1355 714 9 1412 1576 47 0 0 0 0 0 0 
128 962 387 711 1473 1049 10 362 0 0 0 0 0 0 0 
1018 1192 1473 1049 1371 123 1355 0 0 0 0 0 0 0 0 
755 444 906 1573 387 313 387 880 871 816 0 0 0 0 0 
900 1192 1516 1192 853 778 0 0 0 0 0 0 0 0 0 
566 1478 19 47 1399 443 1549 0 0 0 0 0 0 0 0 
128 783 1355 714 462 1049 967 906 1573 0 0 0 0 0 0 
362 533 1434 298 489 1190 1278 204 0 0 0 0 0 0 0 
632 533 1335 546 788 962 0 0 0 0 0 0 0 0 0 
1476 1192 649 618 1215 962 0 0 0 0 0 0 0 0 0 
128 1286 1048 47 1551 1488 962 387 0 0 0 0 0 0 0 
1371 1192 1380 444 313 387 991 1412 1154 769 0 0 0 0 0 
1256 778 870 1192 1091 156 0 0 0 0 0 0 0 0 0 
1018 1412 962 387 711 689 444 668 569 0 0 0 0 0 0 
366 1049 1379 1161 1190 1047 0 0 0 0 0 0 0 0 0 
378 1192 419 300 1556 47 0 0 0 0 0 0 0 0 0 
49 533 317 444 1219 1365 1192 0 0 0 0 0 0 0 0 
1577 276 444 1410 906 1573 387 711 0 0 0 0 0 0 0 
146 533 855 1233 17 444 0 0 0 0 0 0 0 0 0 
1057 1192 1473 444 313 1549 47 1049 774 420 0 0 0 0 0 
1018 37 128 1412 906 1573 387 313 1355 0 0 0 0 0 0 
865 465 1392 653 444 783 387 313 387 0 0 0 0 0 0 
622 1192 1299 1220 47 1379 366 1049 0 0 0 0 0 0 0 
1220 47 1379 366 1049 1379 31 0 0 0 0 0 0 0 0 
1241 715 1080 1044 778 1529 0 0 0 0 0 0 0 0 0 
1256 1192 1418 47 528 444 409 737 0 0 0 0 0 0 0 
366 1412 686 1286 1190 1577 0 0 0 0 0 0 0 0 0 
1256 778 1491 375 444 582 443 0 0 0 0 0 0 0 0 
1577 1286 1575 778 1336 387 0 0 0 0 0 0 0 0 0 
1577 962 387 711 1473 444 779 66 0 0 0 0 0 0 0 
528 47 1049 1087 387 78 582 443 0 0 0 0 0 0 0 
1286 1473 1049 10 915 1286 1572 778 0 0 0 0 0 0 0 
171 533 722 1080 1192 104 0 0 0 0 0 0 0 0 0 
1435 37 1256 1155 47 389 1325 0 0 0 0 0 0 0 0 
6 15 1589 778 704 444 216 387 782 387 0 0 0 0 0 
1105 1190 681 1277 685 533 1486 66 396 0 0 0 0 0 0 
253 1325 202 1136 1392 1571 1192 0 0 0 0 0 0 0 0 
1561 47 1607 1190 209 1190 916 778 0 0 0 0 0 0 0 
1371 1192 1473 444 254 1256 778 0 0 0 0 0 0 0 0 
1633 1192 132 1031 248 368 1549 0 0 0 0 0 0 0 0 
1469 444 1478 860 1112 1052 1192 0 0 0 0 0 0 0 0 
1445 47 255 47 1418 444 1379 497 1277 0 0 0 0 0 0 
572 1049 1379 146 47 820 66 0 0 0 0 0 0 0 0 
1057 1192 1473 444 898 1080 1488 962 387 0 0 0 0 0 0 
1371 1192 707 1192 637 444 0 0 0 0 0 0 0 0 0 
1577 1286 47 1049 1478 1190 1479 1355 0 0 0 0 0 0 0 
1577 962 387 711 1473 444 308 1549 0 0 0 0 0 0 0 
510 387 58 1549 714 1190 837 1345 962 0 0 0 0 0 0 
1577 962 387 711 1473 1049 1371 313 0 0 0 0 0 0 0 
1256 444 628 976 860 1340 0 0 0 0 0 0 0 0 0 
1256 1049 1379 663 37 1231 0 0 0 0 0 0 0 0 0 
540 1049 68 1042 1278 763 860 0 0 0 0 0 0 0 0 
366 1192 1362 533 485 1046 443 0 0 0 0 0 0 0 0 
654 1080 782 802 962 387 711 1473 1049 711 0 0 0 0 0 
468 387 533 552 778 1635 1573 387 313 1355 0 0 0 0 0 
1629 962 1549 586 778 672 1336 387 0 0 0 0 0 0 0 
1577 962 387 711 341 444 668 569 0 0 0 0 0 0 0 
1173 753 1277 976 860 687 1412 1353 387 1487 0 0 0 0 0 
1018 1412 962 387 711 1473 444 668 569 0 0 0 0 0 0 
1576 1192 1025 1080 1049 137 0 0 0 0 0 0 0 0 0 
1256 444 125 387 262 580 0 0 0 0 0 0 0 0 0 
857 47 14 1549 1048 47 1200 47 0 0 0 0 0 0 0 
884 1573 1549 615 727 1392 1256 778 0 0 0 0 0 0 0 
85 1192 893 798 444 177 387 0 0 0 0 0 0 0 0 
1452 778 14 1549 53 47 1490 0 0 0 0 0 0 0 0 
600 613 47 976 860 554 0 0 0 0 0 0 0 0 0 
1476 1192 845 103 1270 0 0 0 0 0 0 0 0 0 0 
313 387 349 960 1049 107 373 778 387 0 0 0 0 0 0 
653 1049 1379 389 1049 1379 778 1548 47 0 0 0 0 0 0 
1057 1192 1208 1192 689 444 589 778 0 0 0 0 0 0 0 
1577 962 387 711 689 1049 779 66 0 0 0 0 0 0 0 
1476 1192 18 1412 599 962 387 284 0 0 0 0 0 0 0 
1427 1049 783 528 47 1049 409 860 0 0 0 0 0 0 0 
1220 47 744 1418 444 1379 1146 0 0 0 0 0 0 0 0 
1018 1412 962 387 711 1473 1049 779 66 0 0 0 0 0 0 
1575 444 10 62 47 367 1573 387 0 0 0 0 0 0 0 
267 387 608 253 1286 47 533 376 0 0 0 0 0 0 0 
1137 47 1399 1355 880 1500 860 0 0 0 0 0 0 0 0 
1500 860 532 1190 1450 13 1325 0 0 0 0 0 0 0 0 
1427 444 1005 253 47 1487 443 1549 0 0 0 0 0 0 0 
529 1192 54 388 533 880 814 0 0 0 0 0 0 0 0 
1312 1049 976 1013 848 701 66 0 0 0 0 0 0 0 0 
1577 962 387 711 1473 37 1599 0 0 0 0 0 0 0 0 
573 47 1616 416 1190 1479 1355 0 0 0 0 0 0 0 0 
1051 47 779 1392 1418 1049 1379 1418 1192 0 0 0 0 0 0 
1256 444 908 1190 290 47 408 387 313 0 0 0 0 0 0 
366 444 1379 255 47 1049 884 1573 387 0 0 0 0 0 0 
128 962 387 711 1473 1049 779 66 0 0 0 0 0 0 0 
1286 689 444 10 688 1192 737 47 1374 0 0 0 0 0 0 
128 962 802 608 335 962 802 783 0 0 0 0 0 0 0 
1558 1192 35 47 135 1286 0 0 0 0 0 0 0 0 0 
1500 860 898 709 498 962 0 0 0 0 0 0 0 0 0 
1189 47 96 1443 1570 689 444 779 66 0 0 0 0 0 0 
640 444 1371 783 387 288 557 0 0 0 0 0 0 0 0 
839 778 1192 13 1562 444 154 906 1573 0 0 0 0 0 0 
366 444 125 387 468 387 253 962 387 0 0 0 0 0 0 
1256 444 1203 962 802 962 387 313 1355 0 0 0 0 0 0 
1245 1049 1363 387 485 1540 860 0 0 0 0 0 0 0 0 
1404 37 1508 585 420 1336 387 0 0 0 0 0 0 0 0 
1577 962 802 528 1049 125 802 778 0 0 0 0 0 0 0 
913 906 1573 1355 444 1173 1049 796 1048 47 0 0 0 0 0 
865 653 1049 1145 125 1549 860 0 0 0 0 0 0 0 0 
653 1325 1049 1379 1161 1190 962 1549 1278 0 0 0 0 0 0 
1018 1192 1473 37 253 906 696 689 444 0 0 0 0 0 0 
253 962 387 465 1392 653 778 1427 962 0 0 0 0 0 0 
475 794 1049 1379 338 1392 1146 816 0 0 0 0 0 0 0 
253 1286 1473 37 1018 1286 1473 778 0 0 0 0 0 0 0 
