667 10 1476 671 0 0 0 0 0 0 0 0 0 0 0 
871 66 1101 1192 183 444 211 1042 450 0 0 0 0 0 0 
922 737 47 761 444 1334 1277 0 0 0 0 0 0 0 0 
119 444 1582 117 1192 183 816 1549 0 0 0 0 0 0 0 
1604 778 1462 444 1318 1412 773 387 792 0 0 0 0 0 0 
106 47 1502 47 1260 1412 1390 30 37 0 0 0 0 0 0 
327 47 475 1190 847 1192 1092 1412 0 0 0 0 0 0 0 
982 444 902 47 1417 888 982 47 0 0 0 0 0 0 0 
748 737 444 976 860 260 0 0 0 0 0 0 0 0 0 
852 47 608 369 778 471 977 1518 1412 0 0 0 0 0 0 
1518 1412 1157 406 977 1056 0 0 0 0 0 0 0 0 0 
1061 1374 387 277 1487 443 1549 0 0 0 0 0 0 0 0 
333 1412 1124 387 1510 1600 387 313 0 0 0 0 0 0 0 
237 796 1467 47 1049 1441 802 1190 0 0 0 0 0 0 0 
611 778 1489 610 1192 286 1412 450 0 0 0 0 0 0 0 
1470 1192 642 47 1374 387 313 1549 0 0 0 0 0 0 0 
249 962 1173 958 1049 400 962 387 84 0 0 0 0 0 0 
1489 1192 847 47 1065 1190 5 0 0 0 0 0 0 0 0 
1227 1049 1478 860 1638 47 904 1355 0 0 0 0 0 0 0 
259 778 450 1549 53 1238 1192 1116 1192 183 0 0 0 0 0 
1561 47 461 778 510 387 0 0 0 0 0 0 0 0 0 
606 47 421 1192 533 1134 1485 66 0 0 0 0 0 0 0 
817 444 976 457 1049 1043 387 313 387 0 0 0 0 0 0 
1526 387 1278 1412 777 1528 179 0 0 0 0 0 0 0 0 
1342 1572 1192 927 1412 772 1192 1277 0 0 0 0 0 0 0 
12 1412 248 387 510 387 1049 544 1573 0 0 0 0 0 0 
1567 1192 1473 778 196 1286 482 0 0 0 0 0 0 0 0 
1543 837 1115 1342 1049 1614 0 0 0 0 0 0 0 0 0 
691 1325 1379 1458 1392 1528 444 962 0 0 0 0 0 0 0 
472 47 193 47 1065 879 47 0 0 0 0 0 0 0 0 
313 1549 1170 714 1325 1174 151 450 387 364 0 0 0 0 0 
1297 778 749 47 869 387 450 0 0 0 0 0 0 0 0 
1547 1192 183 1049 433 1573 387 313 1355 0 0 0 0 0 0 
181 1286 1101 444 712 1286 831 0 0 0 0 0 0 0 0 
956 313 66 86 962 387 1489 1412 0 0 0 0 0 0 0 
86 962 387 1489 1412 680 778 450 0 0 0 0 0 0 0 
643 1042 1192 462 1049 511 47 1410 906 1573 0 0 0 0 0 
330 387 209 1049 935 745 778 0 0 0 0 0 0 0 0 
183 1412 674 495 47 789 1192 1476 1192 0 0 0 0 0 0 
1353 387 782 1549 1229 1412 1271 443 1549 0 0 0 0 0 0 
736 444 471 977 1 1392 780 47 0 0 0 0 0 0 0 
1371 1192 1473 778 196 962 387 313 443 0 0 0 0 0 0 
196 444 620 387 211 47 1399 443 1549 0 0 0 0 0 0 
282 444 1343 521 422 1194 1190 533 1479 443 0 0 0 0 0 
481 533 362 1049 77 962 387 313 1355 0 0 0 0 0 0 
624 533 1630 906 1573 387 1061 0 0 0 0 0 0 0 0 
1630 906 1573 387 1061 1374 387 443 0 0 0 0 0 0 0 
1115 444 125 1549 1192 66 444 463 1192 0 0 0 0 0 0 
241 47 1491 19 47 1399 443 1549 0 0 0 0 0 0 0 
1373 1412 109 1190 962 1549 624 533 0 0 0 0 0 0 0 
450 1443 796 1463 1192 518 1286 342 0 0 0 0 0 0 0 
86 962 387 1080 533 892 510 387 796 0 0 0 0 0 0 
1094 860 209 444 313 387 1049 1330 0 0 0 0 0 0 0 
1280 1049 783 446 1190 105 1327 0 0 0 0 0 0 0 0 
209 47 1049 1491 165 1412 906 769 1573 443 0 0 0 0 0 
86 906 1573 387 871 47 1399 1146 0 0 0 0 0 0 0 
1454 1049 215 635 444 783 1355 962 0 0 0 0 0 0 0 
457 37 183 1049 779 1190 1479 443 0 0 0 0 0 0 0 
576 444 1371 125 387 101 363 0 0 0 0 0 0 0 0 
125 387 313 387 1243 1240 796 1543 489 0 0 0 0 0 0 
1214 1190 1197 91 1222 728 0 0 0 0 0 0 0 0 0 
1554 1192 642 47 844 1190 0 0 0 0 0 0 0 0 0 
844 1190 1073 533 1112 1546 66 0 0 0 0 0 0 0 0 
386 533 38 778 1388 444 0 0 0 0 0 0 0 0 0 
241 1049 1539 248 47 1049 1223 56 0 0 0 0 0 0 0 
763 983 950 179 306 860 584 66 0 0 0 0 0 0 0 
169 1192 577 1080 65 1482 444 0 0 0 0 0 0 0 0 
164 1192 1075 1049 1478 1192 444 1478 66 396 0 0 0 0 0 
81 1192 642 533 241 444 0 0 0 0 0 0 0 0 0 
81 1192 642 444 1379 672 0 0 0 0 0 0 0 0 0 
912 1116 1192 646 533 1148 66 0 0 0 0 0 0 0 0 
176 778 1566 1381 1065 946 608 0 0 0 0 0 0 0 0 
507 802 1622 1192 1408 1192 1481 0 0 0 0 0 0 0 0 
86 962 387 1337 1363 1374 1549 1192 533 0 0 0 0 0 0 
195 902 1080 804 1412 639 387 313 1549 0 0 0 0 0 0 
1289 1192 47 1269 443 1549 971 0 0 0 0 0 0 0 0 
304 1192 509 590 1473 1190 1327 1549 1192 66 0 0 0 0 0 
1115 1192 427 444 511 66 0 0 0 0 0 0 0 0 0 
962 387 1532 1192 738 1278 1277 525 444 0 0 0 0 0 0 
1489 444 672 630 778 730 635 444 0 0 0 0 0 0 0 
1083 906 696 794 444 625 1379 443 1549 0 0 0 0 0 0 
1173 1116 1277 588 1042 77 962 0 0 0 0 0 0 0 0 
1489 1049 672 630 778 421 635 444 0 0 0 0 0 0 0 
1115 1412 60 151 1192 1138 0 0 0 0 0 0 0 0 0 
550 387 3 133 444 1379 443 1549 0 0 0 0 0 0 0 
86 962 1549 1190 1192 635 778 510 387 0 0 0 0 0 0 
421 635 444 1540 787 1049 515 66 0 0 0 0 0 0 0 
410 595 714 714 1101 1192 407 47 0 0 0 0 0 0 0 
962 387 1149 720 452 1412 1043 387 443 0 0 0 0 0 0 
386 1049 1473 1192 539 778 110 1049 0 0 0 0 0 0 0 
1583 47 1327 387 1198 387 940 1012 0 0 0 0 0 0 0 
1463 1512 450 387 711 1572 778 1635 696 0 0 0 0 0 0 
1404 778 87 778 533 1379 443 1549 0 0 0 0 0 0 0 
1391 906 778 8 962 1570 557 66 444 0 0 0 0 0 0 
1498 1392 1468 1412 1240 387 1309 0 0 0 0 0 0 0 0 
312 37 61 1192 108 1192 0 0 0 0 0 0 0 0 0 
590 1473 875 642 444 1421 1392 860 0 0 0 0 0 0 0 
1106 1412 800 1286 860 991 1412 467 0 0 0 0 0 0 0 
835 1412 1174 151 1017 860 0 0 0 0 0 0 0 0 0 
421 635 444 1540 737 66 352 1192 0 0 0 0 0 0 0 
1217 947 559 778 1192 792 1393 1049 0 0 0 0 0 0 0 
913 906 1573 387 313 387 880 52 816 0 0 0 0 0 0 
1489 444 1327 387 1198 802 1190 1369 0 0 0 0 0 0 0 
108 1412 215 794 444 783 443 1549 0 0 0 0 0 0 0 
108 444 313 387 2 444 1379 534 0 0 0 0 0 0 0 
1308 1049 1255 47 158 1443 387 711 0 0 0 0 0 0 0 
1371 1192 1385 444 759 387 451 0 0 0 0 0 0 0 0 
171 1192 86 53 533 510 387 0 0 0 0 0 0 0 0 
629 1049 1330 56 1190 1479 1355 0 0 0 0 0 0 0 0 
1571 1190 1122 444 1107 962 387 473 0 0 0 0 0 0 0 
1547 1049 1544 444 1379 1012 0 0 0 0 0 0 0 0 0 
183 533 1400 450 387 1049 225 524 1355 0 0 0 0 0 0 
716 1049 248 387 1370 1612 1190 1479 443 0 0 0 0 0 0 
183 1325 533 479 444 450 387 1049 984 0 0 0 0 0 0 
669 778 1245 1540 126 1192 0 0 0 0 0 0 0 0 0 
1039 581 444 1101 1192 183 1049 125 387 837 0 0 0 0 0 
601 1392 183 1049 913 906 1573 387 313 387 0 0 0 0 0 
64 1192 792 1393 1412 780 1286 635 444 0 0 0 0 0 0 
726 860 642 1192 1341 1049 0 0 0 0 0 0 0 0 0 
1454 533 1331 444 746 860 0 0 0 0 0 0 0 0 0 
1305 778 632 841 1515 387 84 0 0 0 0 0 0 0 0 
1071 47 533 376 56 1190 1479 1355 0 0 0 0 0 0 0 
984 1597 1535 1192 1073 66 0 0 0 0 0 0 0 0 0 
1175 1248 617 778 984 0 0 0 0 0 0 0 0 0 0 
211 1042 1049 511 778 880 1309 0 0 0 0 0 0 0 0 
767 533 675 387 711 860 624 533 0 0 0 0 0 0 0 
1374 387 313 387 1241 1080 600 0 0 0 0 0 0 0 0 
648 689 47 1283 444 1211 1573 840 0 0 0 0 0 0 0 
1385 1190 1543 444 89 906 1573 387 711 0 0 0 0 0 0 
906 696 879 313 387 371 906 696 902 47 0 0 0 0 0 
99 533 1434 510 387 1515 678 1190 1479 1355 0 0 0 0 0 
87 148 533 362 1049 77 962 0 0 0 0 0 0 0 0 
887 1549 860 1102 1042 444 1129 1549 0 0 0 0 0 0 0 
1393 151 236 1412 817 962 0 0 0 0 0 0 0 0 0 
318 420 1434 1327 1355 714 714 714 551 1192 1108 47 1049 0 0 
1267 1098 1611 405 1190 1479 1182 0 0 0 0 0 0 0 0 
161 1049 984 1277 1190 1479 1355 0 0 0 0 0 0 0 0 
1371 1192 319 778 1336 387 0 0 0 0 0 0 0 0 0 
487 1392 642 778 1340 0 0 0 0 0 0 0 0 0 0 
85 1192 1543 47 1635 1573 387 880 0 0 0 0 0 0 0 
633 1190 742 977 417 1336 387 0 0 0 0 0 0 0 0 
1476 1192 642 1190 270 977 99 0 0 0 0 0 0 0 0 
1341 1192 189 1412 421 635 444 0 0 0 0 0 0 0 0 
421 635 444 784 457 411 37 0 0 0 0 0 0 0 0 
913 906 696 635 1049 1379 1494 179 306 0 0 0 0 0 0 
853 1412 962 1549 513 1412 1284 778 0 0 0 0 0 0 0 
1256 1049 1379 1004 1190 962 1549 266 0 0 0 0 0 0 0 
1248 1192 1473 444 485 984 0 0 0 0 0 0 0 0 0 
421 635 444 1503 387 930 375 1190 0 0 0 0 0 0 0 
655 860 241 1049 1379 1101 610 0 0 0 0 0 0 0 0 
630 778 450 655 1101 1192 183 1049 1379 0 0 0 0 0 0 
1500 860 337 47 887 1443 443 1549 0 0 0 0 0 0 0 
670 47 1348 1190 711 963 957 783 0 0 0 0 0 0 0 
659 1192 495 533 362 1049 913 906 1573 387 313 387 0 0 0 
1371 1192 1543 37 1408 1192 108 1412 0 0 0 0 0 0 0 
819 1192 1460 47 354 416 0 0 0 0 0 0 0 0 0 
354 416 804 1049 1371 1379 1532 47 0 0 0 0 0 0 0 
